,Trial_number,Chosen_castle,Chosen_location,Correct_location,Accuracy,Number_of_doors,RT,Current_orientation,Current_color,Current_size,First_feature,Second_feature,Third_feature,Participant_size,Participant_orientation,Participant_number,Participant_gender,Early_exit,Training_time,Meta_trial,Participant_age,PE_1,PE_2,PE_3,LP_1,LP_2,LP_3,Nov_1,Nov_2,Nov_3
0,1,3.0,0.0,6.0,0.0,8.0,5.466171800000666,-25.0,19.0,0.42,size,color,orientation,0.3,2.0,4,female,0,2711.5623514999997,1,19,0.0,0.0,0.0,0.0,0.0,0.0,99.0,99.0,0.0
1,2,3.0,3.0,5.0,0.0,8.0,2.015759799999614,15.5,11.0,0.3400000000000001,size,color,orientation,0.3,2.0,4,female,0,2711.5623514999997,1,19,0.0,0.0,2.0,0.0,0.0,0.0,100.0,100.0,0.0
2,3,3.0,2.0,0.0,0.0,8.0,3.800110000000131,-83.5,0.0,0.14,size,color,orientation,0.3,2.0,4,female,0,2711.5623514999997,1,19,0.0,0.0,1.0,0.0,0.0,-2.0,101.0,101.0,0.0
3,4,3.0,5.0,5.0,1.0,8.0,5.832922799999324,42.5,12.0,0.38,size,color,orientation,0.3,2.0,4,female,0,2711.5623514999997,1,19,0.0,0.0,0.0,0.0,0.0,1.0,102.0,102.0,0.0
4,5,3.0,5.0,0.0,0.0,8.0,1.1176755999995294,-20.5,9.0,0.26,size,color,orientation,0.3,2.0,4,female,0,2711.5623514999997,0,19,0.0,0.0,2.0,0.0,0.0,1.0,103.0,103.0,0.0
5,6,3.0,5.0,3.0,0.0,8.0,1.3838462000003346,29.0,22.0,0.1,size,color,orientation,0.3,2.0,4,female,0,2711.5623514999997,1,19,0.0,0.0,2.0,0.0,0.0,-2.0,104.0,104.0,0.0
6,7,3.0,4.0,2.0,0.0,8.0,3.4494887999999264,-61.0,23.0,0.22,size,color,orientation,0.3,2.0,4,female,0,2711.5623514999997,1,19,0.0,0.0,2.0,0.0,0.0,0.0,105.0,105.0,0.0
7,8,3.0,1.0,1.0,1.0,8.0,2.632866599999943,74.0,1.0,0.14,size,color,orientation,0.3,2.0,4,female,0,2711.5623514999997,1,19,0.0,0.0,0.0,0.0,0.0,0.0,106.0,106.0,0.0
8,9,3.0,2.0,4.0,0.0,8.0,2.299925900000744,-11.5,4.0,0.4600000000000001,size,color,orientation,0.3,2.0,4,female,0,2711.5623514999997,0,19,0.0,0.0,2.0,0.0,0.0,2.0,107.0,107.0,0.0
9,10,3.0,7.0,0.0,0.0,8.0,2.3651187999994363,-88.0,6.0,0.22,size,color,orientation,0.3,2.0,4,female,0,2711.5623514999997,1,19,0.0,0.0,3.0,0.0,0.0,-2.0,108.0,108.0,0.0
10,11,3.0,5.0,3.0,0.0,8.0,3.7992771999997785,51.5,13.0,0.1,size,color,orientation,0.3,2.0,4,female,0,2711.5623514999997,1,19,0.0,0.0,2.0,0.0,0.0,-1.0,109.0,109.0,0.0
11,12,3.0,0.0,6.0,0.0,8.0,3.2499124000005395,-11.5,23.0,0.3400000000000001,size,color,orientation,0.3,2.0,4,female,0,2711.5623514999997,1,19,0.0,0.0,2.0,0.0,0.0,1.0,110.0,110.0,0.0
12,13,3.0,5.0,2.0,0.0,8.0,4.266005999999834,-43.0,20.0,0.26,size,color,orientation,0.3,2.0,4,female,0,2711.5623514999997,1,19,0.0,0.0,3.0,0.0,0.0,0.0,111.0,111.0,0.0
13,14,2.0,1.0,3.0,0.0,4.0,7.199349800000164,-79.0,19.0,0.42,size,color,orientation,0.3,2.0,4,female,0,2711.5623514999997,1,19,0.0,1.0,3.0,0.0,0.0,0.0,112.0,0.0,1.0
14,15,2.0,0.0,1.0,0.0,4.0,1.7832550999992236,74.0,17.0,0.18,size,color,orientation,0.3,2.0,4,female,0,2711.5623514999997,1,19,0.0,1.0,3.0,0.0,-1.0,0.0,113.0,0.0,2.0
15,16,2.0,3.0,2.0,0.0,4.0,2.9323168000000805,-70.0,4.0,0.3,size,color,orientation,0.3,2.0,4,female,0,2711.5623514999997,1,19,0.0,1.0,3.0,0.0,0.0,0.0,114.0,0.0,3.0
16,17,2.0,3.0,3.0,1.0,4.0,4.167372500000056,-70.0,15.0,0.4600000000000001,size,color,orientation,0.3,2.0,4,female,0,2711.5623514999997,1,19,0.0,0.0,3.0,0.0,0.0,0.0,115.0,0.0,4.0
17,18,2.0,0.0,2.0,0.0,4.0,4.384104700000535,20.0,2.0,0.3,size,color,orientation,0.3,2.0,4,female,0,2711.5623514999997,0,19,0.0,1.0,3.0,0.0,1.0,0.0,116.0,0.0,5.0
18,19,2.0,0.0,0.0,1.0,4.0,2.516186800000469,-74.5,2.0,0.18,size,color,orientation,0.3,2.0,4,female,0,2711.5623514999997,1,19,0.0,0.0,3.0,0.0,-1.0,0.0,117.0,0.0,6.0
19,20,2.0,1.0,3.0,0.0,4.0,1.90106410000044,-52.0,17.0,0.3400000000000001,size,color,orientation,0.3,2.0,4,female,0,2711.5623514999997,0,19,0.0,1.0,3.0,0.0,1.0,0.0,118.0,0.0,7.0
20,21,2.0,2.0,1.0,0.0,4.0,2.334318400000484,69.5,21.0,0.22,size,color,orientation,0.3,2.0,4,female,0,2711.5623514999997,1,19,0.0,2.0,3.0,0.0,-1.0,0.0,119.0,0.0,8.0
21,22,2.0,3.0,0.0,0.0,4.0,2.150221899999451,74.0,0.0,0.14,size,color,orientation,0.3,2.0,4,female,0,2711.5623514999997,1,19,0.0,2.0,3.0,0.0,-1.0,0.0,120.0,0.0,9.0
22,23,1.0,1.0,1.0,1.0,2.0,5.124705300000642,74.0,12.0,0.3,size,color,orientation,0.3,2.0,4,female,0,2711.5623514999997,1,19,0.0,2.0,3.0,0.0,-1.0,0.0,0.0,1.0,10.0
23,24,1.0,0.0,1.0,0.0,2.0,2.399725400000534,-65.5,2.0,0.3,size,color,orientation,0.3,2.0,4,female,0,2711.5623514999997,0,19,1.0,2.0,3.0,0.0,-1.0,0.0,0.0,2.0,11.0
24,25,1.0,0.0,0.0,1.0,2.0,1.7246052999998938,-79.0,20.0,0.14,size,color,orientation,0.3,2.0,4,female,0,2711.5623514999997,1,19,0.0,2.0,3.0,-1.0,-1.0,0.0,0.0,3.0,12.0
25,26,1.0,1.0,1.0,1.0,2.0,0.9167639999996028,-79.0,24.0,0.3400000000000001,size,color,orientation,0.3,2.0,4,female,0,2711.5623514999997,0,19,0.0,2.0,3.0,1.0,-1.0,0.0,0.0,4.0,13.0
26,27,1.0,0.0,0.0,1.0,2.0,1.1331725999998523,-88.0,0.0,0.1,size,color,orientation,0.3,2.0,4,female,0,2711.5623514999997,0,19,0.0,2.0,3.0,0.0,-1.0,0.0,0.0,5.0,14.0
27,28,1.0,1.0,0.0,0.0,2.0,1.149588500000391,15.5,20.0,0.26,size,color,orientation,0.3,2.0,4,female,0,2711.5623514999997,0,19,1.0,2.0,3.0,0.0,-1.0,0.0,0.0,6.0,15.0
28,29,1.0,1.0,0.0,0.0,2.0,2.091311200000746,29.0,6.0,0.14,size,color,orientation,0.3,2.0,4,female,0,2711.5623514999997,1,19,1.0,2.0,3.0,-1.0,-1.0,0.0,0.0,7.0,16.0
29,30,1.0,1.0,0.0,0.0,2.0,1.525206799999978,56.0,0.0,0.1,size,color,orientation,0.3,2.0,4,female,0,2711.5623514999997,1,19,1.0,2.0,3.0,0.0,-1.0,0.0,0.0,8.0,17.0
30,31,1.0,1.0,0.0,0.0,2.0,2.5408008000003974,51.5,23.0,0.14,size,color,orientation,0.3,2.0,4,female,0,2711.5623514999997,1,19,1.0,2.0,3.0,0.0,-1.0,0.0,0.0,9.0,18.0
31,32,1.0,1.0,1.0,1.0,2.0,2.876317100000051,42.5,22.0,0.38,size,color,orientation,0.3,2.0,4,female,0,2711.5623514999997,1,19,0.0,2.0,3.0,0.0,-1.0,0.0,0.0,10.0,19.0
32,33,1.0,1.0,0.0,0.0,2.0,1.0667740999997477,2.0,12.0,0.22,size,color,orientation,0.3,2.0,4,female,0,2711.5623514999997,0,19,1.0,2.0,3.0,1.0,-1.0,0.0,0.0,11.0,20.0
33,34,1.0,1.0,0.0,0.0,2.0,1.6098416999993788,78.5,20.0,0.22,size,color,orientation,0.3,2.0,4,female,0,2711.5623514999997,1,19,1.0,2.0,3.0,-1.0,-1.0,0.0,0.0,12.0,21.0
34,35,1.0,1.0,1.0,1.0,2.0,2.556998900000508,33.5,22.0,0.4600000000000001,size,color,orientation,0.3,2.0,4,female,0,2711.5623514999997,1,19,0.0,2.0,3.0,0.0,-1.0,0.0,0.0,13.0,22.0
35,36,1.0,0.0,1.0,0.0,2.0,2.6836077999996633,-43.0,12.0,0.38,size,color,orientation,0.3,2.0,4,female,0,2711.5623514999997,0,19,1.0,2.0,3.0,1.0,-1.0,0.0,0.0,14.0,23.0
36,37,1.0,1.0,0.0,0.0,2.0,2.126634099999137,-56.5,7.0,0.22,size,color,orientation,0.3,2.0,4,female,0,2711.5623514999997,1,19,1.0,2.0,3.0,-1.0,-1.0,0.0,0.0,15.0,24.0
37,38,1.0,0.0,0.0,1.0,2.0,1.909409500000038,87.5,9.0,0.14,size,color,orientation,0.3,2.0,4,female,0,2711.5623514999997,1,19,0.0,2.0,3.0,0.0,-1.0,0.0,0.0,16.0,25.0
38,39,1.0,0.0,0.0,1.0,2.0,1.0849481000004744,-83.5,6.0,0.1,size,color,orientation,0.3,2.0,4,female,0,2711.5623514999997,0,19,0.0,2.0,3.0,1.0,-1.0,0.0,0.0,17.0,26.0
39,40,1.0,1.0,1.0,1.0,2.0,1.6157241999999314,-74.5,15.0,0.3,size,color,orientation,0.3,2.0,4,female,0,2711.5623514999997,0,19,0.0,2.0,3.0,0.0,-1.0,0.0,0.0,18.0,27.0
40,41,1.0,1.0,1.0,1.0,2.0,1.4009437000004257,6.5,5.0,0.42,size,color,orientation,0.3,2.0,4,female,0,2711.5623514999997,0,19,0.0,2.0,3.0,0.0,-1.0,0.0,0.0,19.0,28.0
41,42,1.0,0.0,0.0,1.0,2.0,1.3333425999999236,24.5,8.0,0.1,size,color,orientation,0.3,2.0,4,female,0,2711.5623514999997,0,19,0.0,2.0,3.0,0.0,-1.0,0.0,0.0,20.0,29.0
42,43,1.0,1.0,1.0,1.0,2.0,1.5164747999997417,69.5,24.0,0.42,size,color,orientation,0.3,2.0,4,female,0,2711.5623514999997,0,19,0.0,2.0,3.0,0.0,-1.0,0.0,0.0,21.0,30.0
43,44,1.0,0.0,0.0,1.0,2.0,1.3006900000000314,-61.0,21.0,0.18,size,color,orientation,0.3,2.0,4,female,0,2711.5623514999997,0,19,0.0,2.0,3.0,0.0,-1.0,0.0,0.0,22.0,31.0
44,45,1.0,0.0,0.0,1.0,2.0,0.9176692999999432,-79.0,2.0,0.18,size,color,orientation,0.3,2.0,4,female,0,2711.5623514999997,0,19,0.0,2.0,3.0,0.0,-1.0,0.0,0.0,23.0,32.0
45,46,1.0,1.0,1.0,1.0,2.0,1.2671525999994628,-47.5,22.0,0.4600000000000001,size,color,orientation,0.3,2.0,4,female,0,2711.5623514999997,0,19,0.0,2.0,3.0,0.0,-1.0,0.0,0.0,24.0,33.0
46,47,1.0,1.0,1.0,1.0,2.0,1.8329916000002413,42.5,24.0,0.3400000000000001,size,color,orientation,0.3,2.0,4,female,0,2711.5623514999997,0,19,0.0,2.0,3.0,0.0,-1.0,0.0,0.0,25.0,34.0
47,48,2.0,1.0,0.0,0.0,4.0,3.0666557000004104,-65.5,10.0,0.1,size,color,orientation,0.3,2.0,4,female,0,2711.5623514999997,1,19,0.0,1.0,3.0,0.0,0.0,0.0,1.0,0.0,35.0
48,49,2.0,2.0,1.0,0.0,4.0,1.3829429999996137,20.0,14.0,0.1,size,color,orientation,0.3,2.0,4,female,0,2711.5623514999997,1,19,0.0,2.0,3.0,0.0,1.0,0.0,2.0,0.0,36.0
49,50,2.0,3.0,2.0,0.0,4.0,1.8999708999999712,-47.5,8.0,0.4600000000000001,size,color,orientation,0.3,2.0,4,female,0,2711.5623514999997,1,19,0.0,1.0,3.0,0.0,-1.0,0.0,3.0,0.0,37.0
50,51,2.0,2.0,2.0,1.0,4.0,3.6840406000001167,74.0,8.0,0.38,size,color,orientation,0.3,2.0,4,female,0,2711.5623514999997,1,19,0.0,0.0,3.0,0.0,1.0,0.0,4.0,0.0,38.0
51,52,2.0,2.0,1.0,0.0,4.0,1.649290999999721,-2.5,17.0,0.22,size,color,orientation,0.3,2.0,4,female,0,2711.5623514999997,0,19,0.0,2.0,3.0,0.0,1.0,0.0,5.0,0.0,39.0
52,53,2.0,0.0,0.0,1.0,4.0,5.150167300000248,-61.0,10.0,0.1,size,color,orientation,0.3,2.0,4,female,0,2711.5623514999997,1,19,0.0,0.0,3.0,0.0,-2.0,0.0,6.0,0.0,40.0
53,54,2.0,0.0,1.0,0.0,4.0,1.3672151999999187,51.5,13.0,0.14,size,color,orientation,0.3,2.0,4,female,0,2711.5623514999997,0,19,0.0,1.0,3.0,0.0,2.0,0.0,7.0,0.0,41.0
54,55,2.0,2.0,3.0,0.0,4.0,3.183546400000523,-47.5,20.0,0.3400000000000001,size,color,orientation,0.3,2.0,4,female,0,2711.5623514999997,1,19,0.0,1.0,3.0,0.0,-1.0,0.0,8.0,0.0,42.0
55,56,2.0,0.0,0.0,1.0,4.0,1.5998691999993753,69.5,5.0,0.14,size,color,orientation,0.3,2.0,4,female,0,2711.5623514999997,1,19,0.0,0.0,3.0,0.0,0.0,0.0,9.0,0.0,43.0
56,57,2.0,2.0,2.0,1.0,4.0,1.9837197999995624,-25.0,1.0,0.3400000000000001,size,color,orientation,0.3,2.0,4,female,0,2711.5623514999997,0,19,0.0,0.0,3.0,0.0,1.0,0.0,10.0,0.0,44.0
57,58,2.0,2.0,1.0,0.0,4.0,1.0668213999997531,-7.0,14.0,0.18,size,color,orientation,0.3,2.0,4,female,0,2711.5623514999997,0,19,0.0,2.0,3.0,0.0,0.0,0.0,11.0,0.0,45.0
58,59,2.0,1.0,0.0,0.0,4.0,1.8315849999999043,-52.0,2.0,0.18,size,color,orientation,0.3,2.0,4,female,0,2711.5623514999997,1,19,0.0,1.0,3.0,0.0,-2.0,0.0,12.0,0.0,46.0
59,60,2.0,2.0,2.0,1.0,4.0,2.115111600000091,24.5,12.0,0.38,size,color,orientation,0.3,2.0,4,female,0,2711.5623514999997,1,19,0.0,0.0,3.0,0.0,1.0,0.0,13.0,0.0,47.0
60,61,2.0,0.0,1.0,0.0,4.0,1.3680315000001428,-52.0,24.0,0.1,size,color,orientation,0.3,2.0,4,female,0,2711.5623514999997,0,19,0.0,1.0,3.0,0.0,1.0,0.0,14.0,0.0,48.0
61,62,2.0,1.0,0.0,0.0,4.0,1.0490485999998782,-74.5,8.0,0.14,size,color,orientation,0.3,2.0,4,female,0,2711.5623514999997,1,19,0.0,1.0,3.0,0.0,-1.0,0.0,15.0,0.0,49.0
62,63,2.0,2.0,0.0,0.0,4.0,1.416815300000053,69.5,9.0,0.22,size,color,orientation,0.3,2.0,4,female,0,2711.5623514999997,1,19,0.0,1.0,3.0,0.0,0.0,0.0,16.0,0.0,50.0
63,64,2.0,3.0,3.0,1.0,4.0,2.4161851999997452,2.0,24.0,0.38,size,color,orientation,0.3,2.0,4,female,0,2711.5623514999997,1,19,0.0,0.0,3.0,0.0,0.0,0.0,17.0,0.0,51.0
64,65,2.0,2.0,3.0,0.0,4.0,1.9017260999999053,20.0,23.0,0.3,size,color,orientation,0.3,2.0,4,female,0,2711.5623514999997,0,19,0.0,1.0,3.0,0.0,1.0,0.0,18.0,0.0,52.0
65,66,2.0,3.0,0.0,0.0,4.0,1.4998663999995188,-52.0,4.0,0.26,size,color,orientation,0.3,2.0,4,female,0,2711.5623514999997,1,19,0.0,2.0,3.0,0.0,-1.0,0.0,19.0,0.0,53.0
66,67,2.0,1.0,1.0,1.0,4.0,5.216588100000081,56.0,14.0,0.22,size,color,orientation,0.3,2.0,4,female,0,2711.5623514999997,1,19,0.0,0.0,3.0,0.0,-1.0,0.0,20.0,0.0,54.0
67,68,2.0,1.0,3.0,0.0,4.0,1.3000910000000658,-79.0,21.0,0.3400000000000001,size,color,orientation,0.3,2.0,4,female,0,2711.5623514999997,0,19,0.0,1.0,3.0,0.0,2.0,0.0,21.0,0.0,55.0
68,69,2.0,1.0,0.0,0.0,4.0,2.5171308999997564,-70.0,2.0,0.26,size,color,orientation,0.3,2.0,4,female,0,2711.5623514999997,1,19,0.0,1.0,3.0,0.0,-1.0,0.0,22.0,0.0,56.0
69,70,2.0,3.0,3.0,1.0,4.0,3.882617499999469,-47.5,17.0,0.4600000000000001,size,color,orientation,0.3,2.0,4,female,0,2711.5623514999997,1,19,0.0,0.0,3.0,0.0,0.0,0.0,23.0,0.0,57.0
70,71,2.0,1.0,2.0,0.0,4.0,2.084027700000661,33.5,7.0,0.3400000000000001,size,color,orientation,0.3,2.0,4,female,0,2711.5623514999997,0,19,0.0,2.0,3.0,0.0,1.0,0.0,24.0,0.0,58.0
71,72,2.0,2.0,3.0,0.0,4.0,1.9173350999999457,-47.5,14.0,0.4600000000000001,size,color,orientation,0.3,2.0,4,female,0,2711.5623514999997,1,19,0.0,1.0,3.0,0.0,-2.0,0.0,25.0,0.0,59.0
72,73,2.0,2.0,3.0,0.0,4.0,2.765759099999741,87.5,24.0,0.3,size,color,orientation,0.3,2.0,4,female,0,2711.5623514999997,1,19,0.0,1.0,3.0,0.0,1.0,0.0,26.0,0.0,60.0
73,74,2.0,1.0,1.0,1.0,4.0,2.2657208000000537,-2.5,14.0,0.22,size,color,orientation,0.3,2.0,4,female,0,2711.5623514999997,1,19,0.0,0.0,3.0,0.0,0.0,0.0,27.0,0.0,61.0
74,75,2.0,2.0,2.0,1.0,4.0,4.48402840000017,60.5,7.0,0.4600000000000001,size,color,orientation,0.3,2.0,4,female,0,2711.5623514999997,0,19,0.0,0.0,3.0,0.0,1.0,0.0,28.0,0.0,62.0
75,76,2.0,2.0,0.0,0.0,4.0,0.9000280000000203,65.0,1.0,0.26,size,color,orientation,0.3,2.0,4,female,0,2711.5623514999997,0,19,0.0,1.0,3.0,0.0,0.0,0.0,29.0,0.0,63.0
76,77,2.0,0.0,2.0,0.0,4.0,3.5833769999999276,11.0,11.0,0.4600000000000001,size,color,orientation,0.3,2.0,4,female,0,2711.5623514999997,1,19,0.0,1.0,3.0,0.0,-1.0,0.0,30.0,0.0,64.0
77,78,2.0,2.0,1.0,0.0,4.0,1.4500451999992947,42.5,15.0,0.26,size,color,orientation,0.3,2.0,4,female,0,2711.5623514999997,1,19,0.0,2.0,3.0,0.0,0.0,0.0,31.0,0.0,65.0
78,79,2.0,1.0,3.0,0.0,4.0,2.0324290999997174,-65.5,13.0,0.38,size,color,orientation,0.3,2.0,4,female,0,2711.5623514999997,1,19,0.0,1.0,3.0,0.0,-1.0,0.0,32.0,0.0,66.0
79,80,2.0,2.0,3.0,0.0,4.0,4.033237699999518,-2.5,13.0,0.3400000000000001,size,color,orientation,0.3,2.0,4,female,0,2711.5623514999997,1,19,0.0,1.0,3.0,0.0,1.0,0.0,33.0,0.0,67.0
80,81,2.0,0.0,0.0,1.0,4.0,1.833548000000519,38.0,4.0,0.1,size,color,orientation,0.3,2.0,4,female,0,2711.5623514999997,1,19,0.0,0.0,3.0,0.0,0.0,0.0,34.0,0.0,68.0
81,82,2.0,0.0,0.0,1.0,4.0,0.8342953000001216,74.0,12.0,0.14,size,color,orientation,0.3,2.0,4,female,0,2711.5623514999997,0,19,0.0,0.0,3.0,0.0,1.0,0.0,35.0,0.0,69.0
82,83,2.0,3.0,2.0,0.0,4.0,5.134372900000017,-70.0,4.0,0.4600000000000001,size,color,orientation,0.3,2.0,4,female,0,2711.5623514999997,0,19,0.0,1.0,3.0,0.0,0.0,0.0,36.0,0.0,70.0
83,84,2.0,0.0,0.0,1.0,4.0,2.982754699999532,-16.0,7.0,0.18,size,color,orientation,0.3,2.0,4,female,0,2711.5623514999997,1,19,0.0,0.0,3.0,0.0,-1.0,0.0,37.0,0.0,71.0
84,85,2.0,1.0,2.0,0.0,4.0,1.267273000000387,33.5,7.0,0.4600000000000001,size,color,orientation,0.3,2.0,4,female,0,2711.5623514999997,0,19,0.0,2.0,3.0,0.0,1.0,0.0,38.0,0.0,72.0
85,86,2.0,1.0,1.0,1.0,4.0,1.8496838999999456,-34.0,21.0,0.22,size,color,orientation,0.3,2.0,4,female,0,2711.5623514999997,1,19,0.0,0.0,3.0,0.0,-2.0,0.0,39.0,0.0,73.0
86,87,2.0,0.0,0.0,1.0,4.0,1.23375279999982,83.0,2.0,0.14,size,color,orientation,0.3,2.0,4,female,0,2711.5623514999997,0,19,0.0,0.0,3.0,0.0,2.0,0.0,40.0,0.0,74.0
87,88,2.0,0.0,0.0,1.0,4.0,1.1341639000002033,20.0,1.0,0.1,size,color,orientation,0.3,2.0,4,female,0,2711.5623514999997,0,19,0.0,0.0,3.0,0.0,0.0,0.0,41.0,0.0,75.0
88,89,2.0,0.0,1.0,0.0,4.0,1.0338811999999962,69.5,13.0,0.14,size,color,orientation,0.3,2.0,4,female,0,2711.5623514999997,0,19,0.0,1.0,3.0,0.0,0.0,0.0,42.0,0.0,76.0
89,90,2.0,3.0,1.0,0.0,4.0,2.948975999999675,47.0,20.0,0.26,size,color,orientation,0.3,2.0,4,female,0,2711.5623514999997,1,19,0.0,1.0,3.0,0.0,-1.0,0.0,43.0,0.0,77.0
90,91,2.0,2.0,3.0,0.0,4.0,1.481678500000271,-2.5,24.0,0.42,size,color,orientation,0.3,2.0,4,female,0,2711.5623514999997,1,19,0.0,1.0,3.0,0.0,0.0,0.0,44.0,0.0,78.0
91,92,2.0,3.0,0.0,0.0,4.0,3.333778500000335,65.0,2.0,0.26,size,color,orientation,0.3,2.0,4,female,0,2711.5623514999997,1,19,0.0,2.0,3.0,0.0,0.0,0.0,45.0,0.0,79.0
92,93,2.0,1.0,2.0,0.0,4.0,2.6666893999999957,-25.0,1.0,0.42,size,color,orientation,0.3,2.0,4,female,0,2711.5623514999997,1,19,0.0,2.0,3.0,0.0,-1.0,0.0,46.0,0.0,80.0
93,94,2.0,2.0,3.0,0.0,4.0,1.2161342999997942,-38.5,21.0,0.42,size,color,orientation,0.3,2.0,4,female,0,2711.5623514999997,1,19,0.0,1.0,3.0,0.0,0.0,0.0,47.0,0.0,81.0
94,95,2.0,3.0,3.0,1.0,4.0,0.9332696000001306,-52.0,19.0,0.3400000000000001,size,color,orientation,0.3,2.0,4,female,0,2711.5623514999997,1,19,0.0,0.0,3.0,0.0,1.0,0.0,48.0,0.0,82.0
95,96,2.0,3.0,2.0,0.0,4.0,0.7496337000002313,-65.5,8.0,0.38,size,color,orientation,0.3,2.0,4,female,0,2711.5623514999997,0,19,0.0,1.0,3.0,0.0,1.0,0.0,49.0,0.0,83.0
96,97,2.0,3.0,3.0,1.0,4.0,1.2489038000003347,-52.0,24.0,0.3,size,color,orientation,0.3,2.0,4,female,0,2711.5623514999997,1,19,0.0,0.0,3.0,0.0,-1.0,0.0,50.0,0.0,84.0
97,98,2.0,1.0,0.0,0.0,4.0,1.365910999999869,33.5,9.0,0.26,size,color,orientation,0.3,2.0,4,female,0,2711.5623514999997,0,19,0.0,1.0,3.0,0.0,1.0,0.0,51.0,0.0,85.0
98,99,2.0,0.0,0.0,1.0,4.0,1.3662670000003343,65.0,4.0,0.14,size,color,orientation,0.3,2.0,4,female,0,2711.5623514999997,1,19,0.0,0.0,3.0,0.0,-1.0,0.0,52.0,0.0,86.0
99,100,2.0,0.0,2.0,0.0,4.0,0.8167224999997416,51.5,1.0,0.3,size,color,orientation,0.3,2.0,4,female,0,2711.5623514999997,0,19,0.0,1.0,3.0,0.0,1.0,0.0,53.0,0.0,87.0
100,101,2.0,2.0,1.0,0.0,4.0,3.733236700000816,-2.5,14.0,0.22,size,color,orientation,0.3,2.0,4,female,0,2711.5623514999997,1,19,0.0,2.0,3.0,0.0,-1.0,0.0,54.0,0.0,88.0
101,102,2.0,0.0,2.0,0.0,4.0,5.249973699999828,-34.0,5.0,0.3,size,color,orientation,0.3,2.0,4,female,0,2711.5623514999997,1,19,0.0,1.0,3.0,0.0,-1.0,0.0,55.0,0.0,89.0
102,103,2.0,0.0,1.0,0.0,4.0,1.2492464000006294,42.5,21.0,0.1,size,color,orientation,0.3,2.0,4,female,0,2711.5623514999997,1,19,0.0,1.0,3.0,0.0,1.0,0.0,56.0,0.0,90.0
103,104,2.0,2.0,2.0,1.0,4.0,2.148648900000808,11.0,12.0,0.42,size,color,orientation,0.3,2.0,4,female,0,2711.5623514999997,1,19,0.0,0.0,3.0,0.0,0.0,0.0,57.0,0.0,91.0
104,105,2.0,0.0,0.0,1.0,4.0,1.4668134000003192,-47.5,9.0,0.1,size,color,orientation,0.3,2.0,4,female,0,2711.5623514999997,0,19,0.0,0.0,3.0,0.0,1.0,0.0,58.0,0.0,92.0
105,106,2.0,3.0,0.0,0.0,4.0,3.483499599999959,6.5,12.0,0.18,size,color,orientation,0.3,2.0,4,female,0,2711.5623514999997,0,19,0.0,2.0,3.0,0.0,0.0,0.0,59.0,0.0,93.0
106,107,2.0,0.0,1.0,0.0,4.0,1.3327031999997416,65.0,19.0,0.14,size,color,orientation,0.3,2.0,4,female,0,2711.5623514999997,1,19,0.0,1.0,3.0,0.0,-2.0,0.0,60.0,0.0,94.0
107,108,2.0,0.0,0.0,1.0,4.0,1.9331131999997524,-52.0,9.0,0.1,size,color,orientation,0.3,2.0,4,female,0,2711.5623514999997,1,19,0.0,0.0,3.0,0.0,1.0,0.0,61.0,0.0,95.0
108,109,2.0,2.0,2.0,1.0,4.0,1.3175697999995464,51.5,3.0,0.4600000000000001,size,color,orientation,0.3,2.0,4,female,0,2711.5623514999997,0,19,0.0,0.0,3.0,0.0,1.0,0.0,62.0,0.0,96.0
109,110,2.0,0.0,1.0,0.0,4.0,2.2995872999999847,-65.5,15.0,0.18,size,color,orientation,0.3,2.0,4,female,0,2711.5623514999997,0,19,0.0,1.0,3.0,0.0,0.0,0.0,63.0,0.0,97.0
110,111,2.0,1.0,3.0,0.0,4.0,2.215717400000358,-43.0,20.0,0.3,size,color,orientation,0.3,2.0,4,female,0,2711.5623514999997,1,19,0.0,1.0,3.0,0.0,-1.0,0.0,64.0,0.0,98.0
111,112,2.0,2.0,3.0,0.0,4.0,1.232385900000736,-34.0,20.0,0.38,size,color,orientation,0.3,2.0,4,female,0,2711.5623514999997,1,19,0.0,1.0,3.0,0.0,0.0,0.0,65.0,0.0,99.0
112,113,2.0,2.0,0.0,0.0,4.0,1.800069400000211,-2.5,12.0,0.22,size,color,orientation,0.3,2.0,4,female,0,2711.5623514999997,1,19,0.0,1.0,3.0,0.0,0.0,0.0,66.0,0.0,100.0
113,114,2.0,2.0,3.0,0.0,4.0,1.8328023000003668,6.5,19.0,0.4600000000000001,size,color,orientation,0.3,2.0,4,female,0,2711.5623514999997,1,19,0.0,1.0,3.0,0.0,0.0,0.0,67.0,0.0,101.0
114,115,2.0,3.0,1.0,0.0,4.0,7.632114200000615,-25.0,19.0,0.18,size,color,orientation,0.3,2.0,4,female,0,2711.5623514999997,1,19,0.0,1.0,3.0,0.0,0.0,0.0,68.0,0.0,102.0
115,116,2.0,1.0,1.0,1.0,4.0,1.9161832999998296,-38.5,14.0,0.18,size,color,orientation,0.3,2.0,4,female,0,2711.5623514999997,1,19,0.0,0.0,3.0,0.0,0.0,0.0,69.0,0.0,103.0
116,117,2.0,1.0,0.0,0.0,4.0,2.0664797999997973,-38.5,6.0,0.14,size,color,orientation,0.3,2.0,4,female,0,2711.5623514999997,0,19,0.0,1.0,3.0,0.0,1.0,0.0,70.0,0.0,104.0
117,118,2.0,0.0,0.0,1.0,4.0,1.1659130999996703,-83.5,8.0,0.1,size,color,orientation,0.3,2.0,4,female,0,2711.5623514999997,1,19,0.0,0.0,3.0,0.0,-1.0,0.0,71.0,0.0,105.0
118,119,2.0,0.0,2.0,0.0,4.0,1.9004553000004307,-83.5,12.0,0.3,size,color,orientation,0.3,2.0,4,female,0,2711.5623514999997,0,19,0.0,1.0,3.0,0.0,1.0,0.0,72.0,0.0,106.0
119,120,2.0,3.0,3.0,1.0,4.0,6.833337900000515,6.5,23.0,0.38,size,color,orientation,0.3,2.0,4,female,0,2711.5623514999997,1,19,0.0,0.0,3.0,0.0,-1.0,0.0,73.0,0.0,107.0
120,121,2.0,1.0,1.0,1.0,4.0,2.0001736999993227,-70.0,17.0,0.26,size,color,orientation,0.3,2.0,4,female,0,2711.5623514999997,0,19,0.0,0.0,3.0,0.0,1.0,0.0,74.0,0.0,108.0
121,122,2.0,1.0,2.0,0.0,4.0,1.2827370999993946,-61.0,4.0,0.3400000000000001,size,color,orientation,0.3,2.0,4,female,0,2711.5623514999997,0,19,0.0,2.0,3.0,0.0,0.0,0.0,75.0,0.0,109.0
122,123,2.0,1.0,3.0,0.0,4.0,3.3664974000002985,-47.5,15.0,0.3,size,color,orientation,0.3,2.0,4,female,0,2711.5623514999997,1,19,0.0,1.0,3.0,0.0,-2.0,0.0,76.0,0.0,110.0
123,124,2.0,2.0,2.0,1.0,4.0,3.3997922000007748,69.5,1.0,0.38,size,color,orientation,0.3,2.0,4,female,0,2711.5623514999997,1,19,0.0,0.0,3.0,0.0,1.0,0.0,77.0,0.0,111.0
124,125,2.0,2.0,1.0,0.0,4.0,1.8341232000002492,60.5,18.0,0.18,size,color,orientation,0.3,2.0,4,female,0,2711.5623514999997,0,19,0.0,2.0,3.0,0.0,1.0,0.0,78.0,0.0,112.0
125,126,2.0,0.0,1.0,0.0,4.0,1.8325819000001504,-11.5,21.0,0.1,size,color,orientation,0.3,2.0,4,female,0,2711.5623514999997,1,19,0.0,1.0,3.0,0.0,-2.0,0.0,79.0,0.0,113.0
126,127,2.0,2.0,1.0,0.0,4.0,3.917057899999236,29.0,16.0,0.22,size,color,orientation,0.3,2.0,4,female,0,2711.5623514999997,1,19,0.0,2.0,3.0,0.0,1.0,0.0,80.0,0.0,114.0
127,128,2.0,2.0,2.0,1.0,4.0,1.7162530000005063,-11.5,3.0,0.3,size,color,orientation,0.3,2.0,4,female,0,2711.5623514999997,1,19,0.0,0.0,3.0,0.0,-1.0,0.0,81.0,0.0,115.0
128,129,2.0,3.0,2.0,0.0,4.0,3.333116300000256,69.5,4.0,0.4600000000000001,size,color,orientation,0.3,2.0,4,female,0,2711.5623514999997,0,19,0.0,1.0,3.0,0.0,2.0,0.0,82.0,0.0,116.0
129,130,2.0,2.0,3.0,0.0,4.0,2.81635660000029,-7.0,13.0,0.38,size,color,orientation,0.3,2.0,4,female,0,2711.5623514999997,1,19,0.0,1.0,3.0,0.0,-1.0,0.0,83.0,0.0,117.0
130,131,2.0,2.0,3.0,0.0,4.0,2.2331990000002406,-43.0,13.0,0.3,size,color,orientation,0.3,2.0,4,female,0,2711.5623514999997,1,19,0.0,1.0,3.0,0.0,0.0,0.0,84.0,0.0,118.0
131,132,2.0,2.0,2.0,1.0,4.0,12.282313499999873,78.5,6.0,0.42,size,color,orientation,0.3,2.0,4,female,0,2711.5623514999997,1,19,0.0,0.0,3.0,0.0,0.0,0.0,85.0,0.0,119.0
132,133,2.0,1.0,1.0,1.0,4.0,1.3502987000001667,51.5,19.0,0.14,size,color,orientation,0.3,2.0,4,female,0,2711.5623514999997,0,19,0.0,0.0,3.0,0.0,1.0,0.0,86.0,0.0,120.0
133,134,2.0,2.0,3.0,0.0,4.0,3.24973349999982,15.5,17.0,0.3,size,color,orientation,0.3,2.0,4,female,0,2711.5623514999997,0,19,0.0,1.0,3.0,0.0,0.0,0.0,87.0,0.0,121.0
134,135,2.0,1.0,1.0,1.0,4.0,1.6838815999999497,24.5,23.0,0.1,size,color,orientation,0.3,2.0,4,female,0,2711.5623514999997,1,19,0.0,0.0,3.0,0.0,-1.0,0.0,88.0,0.0,122.0
135,136,2.0,2.0,0.0,0.0,4.0,1.5510842000003322,29.0,12.0,0.18,size,color,orientation,0.3,2.0,4,female,0,2711.5623514999997,0,19,0.0,1.0,3.0,0.0,1.0,0.0,89.0,0.0,123.0
136,137,2.0,0.0,1.0,0.0,4.0,1.3991322000001674,-34.0,22.0,0.1,size,color,orientation,0.3,2.0,4,female,0,2711.5623514999997,1,19,0.0,1.0,3.0,0.0,-1.0,0.0,90.0,0.0,124.0
137,138,2.0,1.0,0.0,0.0,4.0,9.49995200000012,47.0,6.0,0.18,size,color,orientation,0.3,2.0,4,female,0,2711.5623514999997,1,19,0.0,1.0,3.0,0.0,0.0,0.0,91.0,0.0,125.0
138,139,2.0,2.0,0.0,0.0,4.0,2.599588899999617,-34.0,7.0,0.22,size,color,orientation,0.3,2.0,4,female,0,2711.5623514999997,1,19,0.0,1.0,3.0,0.0,0.0,0.0,92.0,0.0,126.0
139,140,2.0,2.0,3.0,0.0,4.0,1.365595100000064,15.5,15.0,0.3400000000000001,size,color,orientation,0.3,2.0,4,female,0,2711.5623514999997,1,19,0.0,1.0,3.0,0.0,0.0,0.0,93.0,0.0,127.0
140,141,2.0,0.0,0.0,1.0,4.0,20.98427149999952,-74.5,8.0,0.18,size,color,orientation,0.3,2.0,4,female,0,2711.5623514999997,1,19,0.0,0.0,3.0,0.0,0.0,0.0,94.0,0.0,128.0
141,142,2.0,2.0,3.0,0.0,4.0,1.617059799999879,-16.0,16.0,0.38,size,color,orientation,0.3,2.0,4,female,0,2711.5623514999997,0,19,0.0,1.0,3.0,0.0,1.0,0.0,95.0,0.0,129.0
142,143,2.0,2.0,2.0,1.0,4.0,4.549502300000313,56.0,8.0,0.4600000000000001,size,color,orientation,0.3,2.0,4,female,0,2711.5623514999997,1,19,0.0,0.0,3.0,0.0,-1.0,0.0,96.0,0.0,130.0
143,144,2.0,3.0,1.0,0.0,4.0,2.234445799999776,56.0,22.0,0.22,size,color,orientation,0.3,2.0,4,female,0,2711.5623514999997,0,19,0.0,1.0,3.0,0.0,1.0,0.0,97.0,0.0,131.0
144,145,2.0,0.0,1.0,0.0,4.0,4.649751799999649,-56.5,18.0,0.14,size,color,orientation,0.3,2.0,4,female,0,2711.5623514999997,1,19,0.0,1.0,3.0,0.0,-1.0,0.0,98.0,0.0,132.0
145,146,1.0,0.0,1.0,0.0,2.0,2.2092157999995834,83.0,17.0,0.38,size,color,orientation,0.3,2.0,4,female,0,2711.5623514999997,1,19,1.0,1.0,3.0,0.0,-1.0,0.0,0.0,1.0,133.0
146,147,1.0,0.0,0.0,1.0,2.0,2.7233529000004637,51.5,12.0,0.18,size,color,orientation,0.3,2.0,4,female,0,2711.5623514999997,1,19,0.0,1.0,3.0,-1.0,-1.0,0.0,0.0,2.0,134.0
147,148,1.0,1.0,1.0,1.0,2.0,0.7355834999998478,74.0,8.0,0.4600000000000001,size,color,orientation,0.3,2.0,4,female,0,2711.5623514999997,0,19,0.0,1.0,3.0,1.0,-1.0,0.0,0.0,3.0,135.0
148,149,1.0,0.0,0.0,1.0,2.0,1.1988258999999744,-29.5,0.0,0.14,size,color,orientation,0.3,2.0,4,female,0,2711.5623514999997,0,19,0.0,1.0,3.0,0.0,-1.0,0.0,0.0,4.0,136.0
149,150,1.0,0.0,0.0,1.0,2.0,0.7840192000003299,83.0,23.0,0.22,size,color,orientation,0.3,2.0,4,female,0,2711.5623514999997,0,19,0.0,1.0,3.0,0.0,-1.0,0.0,0.0,5.0,137.0
150,151,1.0,1.0,0.0,0.0,2.0,1.2169913999996425,33.5,21.0,0.26,size,color,orientation,0.3,2.0,4,female,0,2711.5623514999997,0,19,1.0,1.0,3.0,0.0,-1.0,0.0,0.0,6.0,138.0
151,152,1.0,1.0,1.0,1.0,2.0,1.0085400999996637,42.5,15.0,0.42,size,color,orientation,0.3,2.0,4,female,0,2711.5623514999997,1,19,0.0,1.0,3.0,-1.0,-1.0,0.0,0.0,7.0,139.0
152,153,1.0,0.0,0.0,1.0,2.0,0.9660549000000174,56.0,14.0,0.1,size,color,orientation,0.3,2.0,4,female,0,2711.5623514999997,0,19,0.0,1.0,3.0,1.0,-1.0,0.0,0.0,8.0,140.0
153,154,1.0,1.0,0.0,0.0,2.0,1.0666775000008784,42.5,22.0,0.22,size,color,orientation,0.3,2.0,4,female,0,2711.5623514999997,0,19,1.0,1.0,3.0,0.0,-1.0,0.0,0.0,9.0,141.0
154,155,1.0,1.0,1.0,1.0,2.0,1.6601173999997627,-74.5,17.0,0.42,size,color,orientation,0.3,2.0,4,female,0,2711.5623514999997,1,19,0.0,1.0,3.0,-1.0,-1.0,0.0,0.0,10.0,142.0
155,156,1.0,0.0,0.0,1.0,2.0,0.9341846999996052,-7.0,12.0,0.14,size,color,orientation,0.3,2.0,4,female,0,2711.5623514999997,0,19,0.0,1.0,3.0,1.0,-1.0,0.0,0.0,11.0,143.0
156,157,1.0,1.0,1.0,1.0,2.0,0.9681720999997196,-47.5,20.0,0.3400000000000001,size,color,orientation,0.3,2.0,4,female,0,2711.5623514999997,0,19,0.0,1.0,3.0,0.0,-1.0,0.0,0.0,12.0,144.0
157,158,1.0,1.0,1.0,1.0,2.0,0.7326104000003397,-88.0,1.0,0.38,size,color,orientation,0.3,2.0,4,female,0,2711.5623514999997,0,19,0.0,1.0,3.0,0.0,-1.0,0.0,0.0,13.0,145.0
158,159,1.0,1.0,1.0,1.0,2.0,1.0005640999997922,33.5,2.0,0.3400000000000001,size,color,orientation,0.3,2.0,4,female,0,2711.5623514999997,0,19,0.0,1.0,3.0,0.0,-1.0,0.0,0.0,14.0,146.0
159,160,1.0,1.0,1.0,1.0,2.0,0.7669787999993787,20.0,12.0,0.3400000000000001,size,color,orientation,0.3,2.0,4,female,0,2711.5623514999997,0,19,0.0,1.0,3.0,0.0,-1.0,0.0,0.0,15.0,147.0
160,161,1.0,1.0,1.0,1.0,2.0,0.6334444000003714,-47.5,1.0,0.3400000000000001,size,color,orientation,0.3,2.0,4,female,0,2711.5623514999997,0,19,0.0,1.0,3.0,0.0,-1.0,0.0,0.0,16.0,148.0
161,162,1.0,0.0,0.0,1.0,2.0,1.1669402000006812,6.5,4.0,0.1,size,color,orientation,0.3,2.0,4,female,0,2711.5623514999997,0,19,0.0,1.0,3.0,0.0,-1.0,0.0,0.0,17.0,149.0
162,163,1.0,0.0,1.0,0.0,2.0,1.6835794000007809,56.0,20.0,0.3400000000000001,size,color,orientation,0.3,2.0,4,female,0,2711.5623514999997,0,19,1.0,1.0,3.0,0.0,-1.0,0.0,0.0,18.0,150.0
163,164,1.0,0.0,0.0,1.0,2.0,1.373947600000065,74.0,21.0,0.22,size,color,orientation,0.3,2.0,4,female,0,2711.5623514999997,1,19,0.0,1.0,3.0,-1.0,-1.0,0.0,0.0,19.0,151.0
164,165,1.0,1.0,0.0,0.0,2.0,1.0007439000000886,-25.0,12.0,0.26,size,color,orientation,0.3,2.0,4,female,0,2711.5623514999997,0,19,1.0,1.0,3.0,1.0,-1.0,0.0,0.0,20.0,152.0
165,166,1.0,1.0,1.0,1.0,2.0,1.243145600000389,29.0,19.0,0.38,size,color,orientation,0.3,2.0,4,female,0,2711.5623514999997,1,19,0.0,1.0,3.0,-1.0,-1.0,0.0,0.0,21.0,153.0
166,167,1.0,0.0,0.0,1.0,2.0,1.1350470999996105,83.0,17.0,0.22,size,color,orientation,0.3,2.0,4,female,0,2711.5623514999997,0,19,0.0,1.0,3.0,1.0,-1.0,0.0,0.0,22.0,154.0
167,168,1.0,0.0,0.0,1.0,2.0,0.8663732000004529,42.5,1.0,0.22,size,color,orientation,0.3,2.0,4,female,0,2711.5623514999997,0,19,0.0,1.0,3.0,0.0,-1.0,0.0,0.0,23.0,155.0
168,169,1.0,1.0,1.0,1.0,2.0,1.350573599999734,-79.0,19.0,0.38,size,color,orientation,0.3,2.0,4,female,0,2711.5623514999997,0,19,0.0,1.0,3.0,0.0,-1.0,0.0,0.0,24.0,156.0
169,170,1.0,1.0,1.0,1.0,2.0,0.783588399999644,24.5,8.0,0.38,size,color,orientation,0.3,2.0,4,female,0,2711.5623514999997,0,19,0.0,1.0,3.0,0.0,-1.0,0.0,0.0,25.0,157.0
170,171,1.0,0.0,0.0,1.0,2.0,1.1671640000004118,51.5,11.0,0.1,size,color,orientation,0.3,2.0,4,female,0,2711.5623514999997,0,19,0.0,1.0,3.0,0.0,-1.0,0.0,0.0,26.0,158.0
171,172,1.0,0.0,0.0,1.0,2.0,1.850166199999876,-70.0,20.0,0.22,size,color,orientation,0.3,2.0,4,female,0,2711.5623514999997,0,19,0.0,1.0,3.0,0.0,-1.0,0.0,0.0,27.0,159.0
172,173,1.0,1.0,0.0,0.0,2.0,0.9832823999995526,6.5,20.0,0.26,size,color,orientation,0.3,2.0,4,female,0,2711.5623514999997,0,19,1.0,1.0,3.0,0.0,-1.0,0.0,0.0,28.0,160.0
173,174,1.0,0.0,0.0,1.0,2.0,1.1748545000000377,-43.0,23.0,0.18,size,color,orientation,0.3,2.0,4,female,0,2711.5623514999997,1,19,0.0,1.0,3.0,-1.0,-1.0,0.0,0.0,29.0,161.0
174,175,1.0,0.0,0.0,1.0,2.0,0.7504410000001371,-61.0,2.0,0.14,size,color,orientation,0.3,2.0,4,female,0,2711.5623514999997,0,19,0.0,1.0,3.0,1.0,-1.0,0.0,0.0,30.0,162.0
175,176,1.0,0.0,0.0,1.0,2.0,0.5996056999993016,60.5,4.0,0.22,size,color,orientation,0.3,2.0,4,female,0,2711.5623514999997,0,19,0.0,1.0,3.0,0.0,-1.0,0.0,0.0,31.0,163.0
176,177,1.0,1.0,1.0,1.0,2.0,1.3332730000001902,-20.5,4.0,0.3400000000000001,size,color,orientation,0.3,2.0,4,female,0,2711.5623514999997,0,19,0.0,1.0,3.0,0.0,-1.0,0.0,0.0,32.0,164.0
177,178,1.0,0.0,0.0,1.0,2.0,1.2499322999992728,-65.5,14.0,0.26,size,color,orientation,0.3,2.0,4,female,0,2711.5623514999997,0,19,0.0,1.0,3.0,0.0,-1.0,0.0,0.0,33.0,165.0
178,179,1.0,0.0,0.0,1.0,2.0,0.7004087000004802,-74.5,24.0,0.1,size,color,orientation,0.3,2.0,4,female,0,2711.5623514999997,0,19,0.0,1.0,3.0,0.0,-1.0,0.0,0.0,34.0,166.0
179,180,1.0,1.0,1.0,1.0,2.0,1.2344847000003938,78.5,24.0,0.42,size,color,orientation,0.3,2.0,4,female,0,2711.5623514999997,0,19,0.0,1.0,3.0,0.0,-1.0,0.0,0.0,35.0,167.0
180,181,1.0,1.0,1.0,1.0,2.0,0.7999930999994831,24.5,19.0,0.42,size,color,orientation,0.3,2.0,4,female,0,2711.5623514999997,0,19,0.0,1.0,3.0,0.0,-1.0,0.0,0.0,36.0,168.0
181,182,1.0,1.0,1.0,1.0,2.0,0.7506007000001773,-74.5,21.0,0.38,size,color,orientation,0.3,2.0,4,female,0,2711.5623514999997,0,19,0.0,1.0,3.0,0.0,-1.0,0.0,0.0,37.0,169.0
182,183,1.0,0.0,0.0,1.0,2.0,0.9330327000006946,-65.5,2.0,0.14,size,color,orientation,0.3,2.0,4,female,0,2711.5623514999997,0,19,0.0,1.0,3.0,0.0,-1.0,0.0,0.0,38.0,170.0
183,184,1.0,0.0,0.0,1.0,2.0,0.9100925000002462,78.5,23.0,0.22,size,color,orientation,0.3,2.0,4,female,0,2711.5623514999997,1,19,0.0,1.0,3.0,0.0,-1.0,0.0,0.0,39.0,171.0
184,185,1.0,0.0,0.0,1.0,2.0,1.5175913000002763,-25.0,19.0,0.26,size,color,orientation,0.3,2.0,4,female,0,2711.5623514999997,0,19,0.0,1.0,3.0,0.0,-1.0,0.0,0.0,40.0,172.0
185,186,1.0,0.0,0.0,1.0,2.0,0.4836828999996214,-83.5,9.0,0.18,size,color,orientation,0.3,2.0,4,female,0,2711.5623514999997,0,19,0.0,1.0,3.0,0.0,-1.0,0.0,0.0,41.0,173.0
186,187,1.0,1.0,1.0,1.0,2.0,0.9013451999999234,-38.5,19.0,0.38,size,color,orientation,0.3,2.0,4,female,0,2711.5623514999997,0,19,0.0,1.0,3.0,0.0,-1.0,0.0,0.0,42.0,174.0
187,188,1.0,0.0,0.0,1.0,2.0,1.7000268000001597,-7.0,12.0,0.14,size,color,orientation,0.3,2.0,4,female,0,2711.5623514999997,0,19,0.0,1.0,3.0,0.0,-1.0,0.0,0.0,43.0,175.0
188,189,1.0,1.0,1.0,1.0,2.0,1.08507550000013,65.0,23.0,0.42,size,color,orientation,0.3,2.0,4,female,0,2711.5623514999997,0,19,0.0,1.0,3.0,0.0,-1.0,0.0,0.0,44.0,176.0
189,190,1.0,1.0,1.0,1.0,2.0,0.7501394000000801,15.5,9.0,0.38,size,color,orientation,0.3,2.0,4,female,0,2711.5623514999997,0,19,0.0,1.0,3.0,0.0,-1.0,0.0,0.0,45.0,177.0
190,191,1.0,1.0,1.0,1.0,2.0,0.6168681999997716,20.0,15.0,0.3,size,color,orientation,0.3,2.0,4,female,0,2711.5623514999997,0,19,0.0,1.0,3.0,0.0,-1.0,0.0,0.0,46.0,178.0
191,192,1.0,1.0,1.0,1.0,2.0,0.6013112000000547,69.5,4.0,0.38,size,color,orientation,0.3,2.0,4,female,0,2711.5623514999997,0,19,0.0,1.0,3.0,0.0,-1.0,0.0,0.0,47.0,179.0
192,193,1.0,0.0,0.0,1.0,2.0,0.8167634999999791,-11.5,23.0,0.1,size,color,orientation,0.3,2.0,4,female,0,2711.5623514999997,0,19,0.0,1.0,3.0,0.0,-1.0,0.0,0.0,48.0,180.0
193,194,1.0,1.0,1.0,1.0,2.0,1.0069665999999415,-70.0,17.0,0.3,size,color,orientation,0.3,2.0,4,female,0,2711.5623514999997,1,19,0.0,1.0,3.0,0.0,-1.0,0.0,0.0,49.0,181.0
194,195,1.0,1.0,1.0,1.0,2.0,0.8182759999999689,87.5,22.0,0.4600000000000001,size,color,orientation,0.3,2.0,4,female,0,2711.5623514999997,0,19,0.0,1.0,3.0,0.0,-1.0,0.0,0.0,50.0,182.0
195,196,1.0,1.0,1.0,1.0,2.0,0.6330338999996457,47.0,3.0,0.4600000000000001,size,color,orientation,0.3,2.0,4,female,0,2711.5623514999997,0,19,0.0,1.0,3.0,0.0,-1.0,0.0,0.0,51.0,183.0
196,197,1.0,0.0,0.0,1.0,2.0,0.9844780999992508,-7.0,24.0,0.1,size,color,orientation,0.3,2.0,4,female,0,2711.5623514999997,0,19,0.0,1.0,3.0,0.0,-1.0,0.0,0.0,52.0,184.0
197,198,1.0,1.0,1.0,1.0,2.0,1.3001333000001978,-7.0,16.0,0.4600000000000001,size,color,orientation,0.3,2.0,4,female,0,2711.5623514999997,0,19,0.0,1.0,3.0,0.0,-1.0,0.0,0.0,53.0,185.0
198,199,1.0,0.0,0.0,1.0,2.0,0.8665633999999045,47.0,1.0,0.1,size,color,orientation,0.3,2.0,4,female,0,2711.5623514999997,0,19,0.0,1.0,3.0,0.0,-1.0,0.0,0.0,54.0,186.0
199,200,1.0,1.0,1.0,1.0,2.0,1.3998115000003963,-56.5,0.0,0.3,size,color,orientation,0.3,2.0,4,female,0,2711.5623514999997,0,19,0.0,1.0,3.0,0.0,-1.0,0.0,0.0,55.0,187.0
200,201,1.0,1.0,1.0,1.0,2.0,0.9322915999991892,69.5,23.0,0.3,size,color,orientation,0.3,2.0,4,female,0,2711.5623514999997,0,19,0.0,1.0,3.0,0.0,-1.0,0.0,0.0,56.0,188.0
201,202,1.0,0.0,0.0,1.0,2.0,1.2015616999997292,-65.5,21.0,0.14,size,color,orientation,0.3,2.0,4,female,0,2711.5623514999997,0,19,0.0,1.0,3.0,0.0,-1.0,0.0,0.0,57.0,189.0
202,203,1.0,0.0,0.0,1.0,2.0,0.8663305999998556,-34.0,12.0,0.1,size,color,orientation,0.3,2.0,4,female,0,2711.5623514999997,0,19,0.0,1.0,3.0,0.0,-1.0,0.0,0.0,58.0,190.0
203,204,1.0,0.0,0.0,1.0,2.0,1.092444099999739,-34.0,19.0,0.14,size,color,orientation,0.3,2.0,4,female,0,2711.5623514999997,1,19,0.0,1.0,3.0,0.0,-1.0,0.0,0.0,59.0,191.0
204,205,1.0,1.0,1.0,1.0,2.0,0.867501199999424,-79.0,10.0,0.4600000000000001,size,color,orientation,0.3,2.0,4,female,0,2711.5623514999997,0,19,0.0,1.0,3.0,0.0,-1.0,0.0,0.0,60.0,192.0
205,206,1.0,1.0,1.0,1.0,2.0,0.7500774999998612,42.5,20.0,0.38,size,color,orientation,0.3,2.0,4,female,0,2711.5623514999997,0,19,0.0,1.0,3.0,0.0,-1.0,0.0,0.0,61.0,193.0
206,207,1.0,1.0,1.0,1.0,2.0,0.7174974999998085,-70.0,23.0,0.3400000000000001,size,color,orientation,0.3,2.0,4,female,0,2711.5623514999997,0,19,0.0,1.0,3.0,0.0,-1.0,0.0,0.0,62.0,194.0
207,208,1.0,1.0,1.0,1.0,2.0,0.6841609000002791,-2.5,9.0,0.3400000000000001,size,color,orientation,0.3,2.0,4,female,0,2711.5623514999997,0,19,0.0,1.0,3.0,0.0,-1.0,0.0,0.0,63.0,195.0
208,209,1.0,1.0,0.0,0.0,2.0,0.5664706000006845,-38.5,1.0,0.26,size,color,orientation,0.3,2.0,4,female,0,2711.5623514999997,0,19,1.0,1.0,3.0,0.0,-1.0,0.0,0.0,64.0,196.0
209,210,1.0,1.0,0.0,0.0,2.0,1.4583005999993477,-7.0,0.0,0.22,size,color,orientation,0.3,2.0,4,female,0,2711.5623514999997,1,19,1.0,1.0,3.0,-1.0,-1.0,0.0,0.0,65.0,197.0
210,211,1.0,1.0,1.0,1.0,2.0,1.3574351000006573,24.5,4.0,0.42,size,color,orientation,0.3,2.0,4,female,0,2711.5623514999997,1,19,0.0,1.0,3.0,0.0,-1.0,0.0,0.0,66.0,198.0
211,212,1.0,1.0,1.0,1.0,2.0,0.5849752999993143,38.0,3.0,0.3,size,color,orientation,0.3,2.0,4,female,0,2711.5623514999997,0,19,0.0,1.0,3.0,1.0,-1.0,0.0,0.0,67.0,199.0
212,213,1.0,1.0,0.0,0.0,2.0,0.6180465999996159,-11.5,5.0,0.26,size,color,orientation,0.3,2.0,4,female,0,2711.5623514999997,0,19,1.0,1.0,3.0,0.0,-1.0,0.0,0.0,68.0,200.0
213,214,1.0,1.0,1.0,1.0,2.0,1.3758801999993011,33.5,23.0,0.42,size,color,orientation,0.3,2.0,4,female,0,2711.5623514999997,1,19,0.0,1.0,3.0,-1.0,-1.0,0.0,0.0,69.0,201.0
214,215,1.0,0.0,0.0,1.0,2.0,0.966881899999862,-11.5,12.0,0.1,size,color,orientation,0.3,2.0,4,female,0,2711.5623514999997,0,19,0.0,1.0,3.0,1.0,-1.0,0.0,0.0,70.0,202.0
215,216,1.0,0.0,0.0,1.0,2.0,0.7509903000000122,-83.5,22.0,0.26,size,color,orientation,0.3,2.0,4,female,0,2711.5623514999997,0,19,0.0,1.0,3.0,0.0,-1.0,0.0,0.0,71.0,203.0
216,217,1.0,0.0,0.0,1.0,2.0,0.6837721000001693,-65.5,20.0,0.26,size,color,orientation,0.3,2.0,4,female,0,2711.5623514999997,0,19,0.0,1.0,3.0,0.0,-1.0,0.0,0.0,72.0,204.0
217,218,1.0,0.0,0.0,1.0,2.0,0.9168329000003724,-16.0,3.0,0.14,size,color,orientation,0.3,2.0,4,female,0,2711.5623514999997,0,19,0.0,1.0,3.0,0.0,-1.0,0.0,0.0,73.0,205.0
218,219,1.0,0.0,0.0,1.0,2.0,1.0332213000001502,60.5,13.0,0.1,size,color,orientation,0.3,2.0,4,female,0,2711.5623514999997,0,19,0.0,1.0,3.0,0.0,-1.0,0.0,0.0,74.0,206.0
219,220,1.0,1.0,1.0,1.0,2.0,1.1998304999997345,69.5,6.0,0.4600000000000001,size,color,orientation,0.3,2.0,4,female,0,2711.5623514999997,0,19,0.0,1.0,3.0,0.0,-1.0,0.0,0.0,75.0,207.0
220,221,1.0,0.0,0.0,1.0,2.0,0.9510909999999058,-79.0,1.0,0.1,size,color,orientation,0.3,2.0,4,female,0,2711.5623514999997,0,19,0.0,1.0,3.0,0.0,-1.0,0.0,0.0,76.0,208.0
221,222,1.0,0.0,0.0,1.0,2.0,0.917918500000269,83.0,19.0,0.18,size,color,orientation,0.3,2.0,4,female,0,2711.5623514999997,0,19,0.0,1.0,3.0,0.0,-1.0,0.0,0.0,77.0,209.0
222,223,1.0,0.0,0.0,1.0,2.0,0.6333619000006365,60.5,8.0,0.14,size,color,orientation,0.3,2.0,4,female,0,2711.5623514999997,0,19,0.0,1.0,3.0,0.0,-1.0,0.0,0.0,78.0,210.0
223,224,2.0,0.0,1.0,0.0,4.0,2.7327832000000853,-20.5,16.0,0.14,size,color,orientation,0.3,2.0,4,female,0,2711.5623514999997,1,19,0.0,1.0,3.0,0.0,0.0,0.0,1.0,0.0,211.0
224,225,2.0,2.0,2.0,1.0,4.0,3.0513231000004453,38.0,4.0,0.38,size,color,orientation,0.3,2.0,4,female,0,2711.5623514999997,1,19,0.0,0.0,3.0,0.0,0.0,0.0,2.0,0.0,212.0
225,226,2.0,1.0,0.0,0.0,4.0,2.250105000000076,42.5,2.0,0.18,size,color,orientation,0.3,2.0,4,female,0,2711.5623514999997,0,19,0.0,1.0,3.0,0.0,1.0,0.0,3.0,0.0,213.0
226,227,2.0,2.0,3.0,0.0,4.0,1.1834025999996811,-83.5,14.0,0.42,size,color,orientation,0.3,2.0,4,female,0,2711.5623514999997,1,19,0.0,1.0,3.0,0.0,-1.0,0.0,4.0,0.0,214.0
227,228,2.0,3.0,2.0,0.0,4.0,1.0655820000001768,-79.0,6.0,0.38,size,color,orientation,0.3,2.0,4,female,0,2711.5623514999997,1,19,0.0,1.0,3.0,0.0,0.0,0.0,5.0,0.0,215.0
228,229,2.0,2.0,2.0,1.0,4.0,2.033693699999276,-52.0,11.0,0.3400000000000001,size,color,orientation,0.3,2.0,4,female,0,2711.5623514999997,1,19,0.0,0.0,3.0,0.0,0.0,0.0,6.0,0.0,216.0
229,230,2.0,3.0,3.0,1.0,4.0,1.8332881000005727,24.5,17.0,0.3400000000000001,size,color,orientation,0.3,2.0,4,female,0,2711.5623514999997,0,19,0.0,0.0,3.0,0.0,1.0,0.0,7.0,0.0,217.0
230,231,2.0,3.0,2.0,0.0,4.0,1.6828581999998278,-2.5,10.0,0.4600000000000001,size,color,orientation,0.3,2.0,4,female,0,2711.5623514999997,0,19,0.0,1.0,3.0,0.0,0.0,0.0,8.0,0.0,218.0
231,232,2.0,3.0,3.0,1.0,4.0,4.149198699999943,51.5,18.0,0.3,size,color,orientation,0.3,2.0,4,female,0,2711.5623514999997,1,19,0.0,0.0,3.0,0.0,-1.0,0.0,9.0,0.0,219.0
232,233,2.0,3.0,3.0,1.0,4.0,1.200290999999197,20.0,23.0,0.3400000000000001,size,color,orientation,0.3,2.0,4,female,0,2711.5623514999997,0,19,0.0,0.0,3.0,0.0,1.0,0.0,10.0,0.0,220.0
233,234,2.0,3.0,3.0,1.0,4.0,0.8169957999998587,65.0,17.0,0.3,size,color,orientation,0.3,2.0,4,female,0,2711.5623514999997,0,19,0.0,0.0,3.0,0.0,0.0,0.0,11.0,0.0,221.0
234,235,2.0,2.0,0.0,0.0,4.0,1.0333854000000429,-16.0,1.0,0.26,size,color,orientation,0.3,2.0,4,female,0,2711.5623514999997,0,19,0.0,1.0,3.0,0.0,0.0,0.0,12.0,0.0,222.0
235,236,2.0,0.0,1.0,0.0,4.0,1.417097399999875,-7.0,21.0,0.26,size,color,orientation,0.3,2.0,4,female,0,2711.5623514999997,1,19,0.0,1.0,3.0,0.0,-1.0,0.0,13.0,0.0,223.0
236,237,2.0,1.0,2.0,0.0,4.0,1.2673346000001402,-56.5,7.0,0.42,size,color,orientation,0.3,2.0,4,female,0,2711.5623514999997,1,19,0.0,2.0,3.0,0.0,0.0,0.0,14.0,0.0,224.0
237,238,2.0,3.0,0.0,0.0,4.0,1.3832735000005414,20.0,12.0,0.22,size,color,orientation,0.3,2.0,4,female,0,2711.5623514999997,1,19,0.0,2.0,3.0,0.0,-1.0,0.0,15.0,0.0,225.0
238,239,2.0,2.0,1.0,0.0,4.0,0.8995250999996642,-74.5,18.0,0.26,size,color,orientation,0.3,2.0,4,female,0,2711.5623514999997,1,19,0.0,2.0,3.0,0.0,0.0,0.0,16.0,0.0,226.0
239,240,2.0,0.0,0.0,1.0,4.0,1.432764500000303,-83.5,9.0,0.18,size,color,orientation,0.3,2.0,4,female,0,2711.5623514999997,1,19,0.0,0.0,3.0,0.0,0.0,0.0,17.0,0.0,227.0
240,241,2.0,3.0,3.0,1.0,4.0,2.350477399999363,20.0,22.0,0.38,size,color,orientation,0.3,2.0,4,female,0,2711.5623514999997,0,19,0.0,0.0,3.0,0.0,2.0,0.0,18.0,0.0,228.0
241,242,2.0,2.0,1.0,0.0,4.0,1.5493716999999378,-52.0,17.0,0.26,size,color,orientation,0.3,2.0,4,female,0,2711.5623514999997,0,19,0.0,2.0,3.0,0.0,0.0,0.0,19.0,0.0,229.0
242,243,2.0,0.0,1.0,0.0,4.0,1.3001307999993514,-7.0,21.0,0.1,size,color,orientation,0.3,2.0,4,female,0,2711.5623514999997,1,19,0.0,1.0,3.0,0.0,-2.0,0.0,20.0,0.0,230.0
243,244,2.0,0.0,0.0,1.0,4.0,2.216200000000754,-47.5,1.0,0.18,size,color,orientation,0.3,2.0,4,female,0,2711.5623514999997,1,19,0.0,0.0,3.0,0.0,1.0,0.0,21.0,0.0,231.0
244,245,2.0,3.0,3.0,1.0,4.0,2.9005212000001848,56.0,22.0,0.3,size,color,orientation,0.3,2.0,4,female,0,2711.5623514999997,0,19,0.0,0.0,3.0,0.0,1.0,0.0,22.0,0.0,232.0
245,246,2.0,2.0,1.0,0.0,4.0,2.3496445999999196,2.0,16.0,0.14,size,color,orientation,0.3,2.0,4,female,0,2711.5623514999997,0,19,0.0,2.0,3.0,0.0,0.0,0.0,23.0,0.0,233.0
246,247,2.0,3.0,2.0,0.0,4.0,2.182391800000005,29.0,8.0,0.3,size,color,orientation,0.3,2.0,4,female,0,2711.5623514999997,1,19,0.0,1.0,3.0,0.0,-2.0,0.0,24.0,0.0,234.0
247,248,2.0,1.0,1.0,1.0,4.0,2.0492410000006203,-16.0,19.0,0.18,size,color,orientation,0.3,2.0,4,female,0,2711.5623514999997,1,19,0.0,0.0,3.0,0.0,1.0,0.0,25.0,0.0,235.0
248,249,2.0,2.0,2.0,1.0,4.0,1.8503441000002567,-65.5,0.0,0.3400000000000001,size,color,orientation,0.3,2.0,4,female,0,2711.5623514999997,0,19,0.0,0.0,3.0,0.0,1.0,0.0,26.0,0.0,236.0
249,250,2.0,3.0,2.0,0.0,4.0,3.483657900000253,6.5,2.0,0.4600000000000001,size,color,orientation,0.3,2.0,4,female,0,2711.5623514999997,0,19,0.0,1.0,3.0,0.0,0.0,0.0,27.0,0.0,237.0
250,251,2.0,1.0,0.0,0.0,4.0,1.6666070000001127,-2.5,12.0,0.14,size,color,orientation,0.3,2.0,4,female,0,2711.5623514999997,1,19,0.0,1.0,3.0,0.0,-1.0,0.0,28.0,0.0,238.0
251,252,2.0,1.0,1.0,1.0,4.0,2.015585699999974,87.5,24.0,0.18,size,color,orientation,0.3,2.0,4,female,0,2711.5623514999997,1,19,0.0,0.0,3.0,0.0,0.0,0.0,29.0,0.0,239.0
252,253,2.0,0.0,1.0,0.0,4.0,2.3841357000001153,-16.0,23.0,0.18,size,color,orientation,0.3,2.0,4,female,0,2711.5623514999997,0,19,0.0,1.0,3.0,0.0,1.0,0.0,30.0,0.0,240.0
253,254,2.0,3.0,3.0,1.0,4.0,4.183916400000271,78.5,24.0,0.42,size,color,orientation,0.3,2.0,4,female,0,2711.5623514999997,1,19,0.0,0.0,3.0,0.0,-1.0,0.0,31.0,0.0,241.0
254,255,2.0,0.0,1.0,0.0,4.0,3.700692700000218,-38.5,24.0,0.22,size,color,orientation,0.3,2.0,4,female,0,2711.5623514999997,0,19,0.0,1.0,3.0,0.0,1.0,0.0,32.0,0.0,242.0
255,256,2.0,2.0,2.0,1.0,4.0,1.8829556999999113,6.5,7.0,0.4600000000000001,size,color,orientation,0.3,2.0,4,female,0,2711.5623514999997,1,19,0.0,0.0,3.0,0.0,-1.0,0.0,33.0,0.0,243.0
256,257,2.0,2.0,3.0,0.0,4.0,0.7829423999992287,-2.5,16.0,0.42,size,color,orientation,0.3,2.0,4,female,0,2711.5623514999997,0,19,0.0,1.0,3.0,0.0,1.0,0.0,34.0,0.0,244.0
257,258,2.0,2.0,2.0,1.0,4.0,1.5163339000000633,-61.0,4.0,0.4600000000000001,size,color,orientation,0.3,2.0,4,female,0,2711.5623514999997,1,19,0.0,0.0,3.0,0.0,-1.0,0.0,35.0,0.0,245.0
258,259,2.0,1.0,1.0,1.0,4.0,1.7332768999995096,-16.0,14.0,0.14,size,color,orientation,0.3,2.0,4,female,0,2711.5623514999997,0,19,0.0,0.0,3.0,0.0,1.0,0.0,36.0,0.0,246.0
259,260,2.0,2.0,2.0,1.0,4.0,1.9834337000002051,20.0,8.0,0.4600000000000001,size,color,orientation,0.3,2.0,4,female,0,2711.5623514999997,0,19,0.0,0.0,3.0,0.0,0.0,0.0,37.0,0.0,247.0
260,261,2.0,3.0,2.0,0.0,4.0,1.4998727000001963,51.5,7.0,0.3,size,color,orientation,0.3,2.0,4,female,0,2711.5623514999997,0,19,0.0,1.0,3.0,0.0,0.0,0.0,38.0,0.0,248.0
261,262,2.0,1.0,1.0,1.0,4.0,6.532967400000416,-29.5,16.0,0.26,size,color,orientation,0.3,2.0,4,female,0,2711.5623514999997,1,19,0.0,0.0,3.0,0.0,-1.0,0.0,39.0,0.0,249.0
262,263,2.0,2.0,2.0,1.0,4.0,2.95008770000004,-16.0,8.0,0.4600000000000001,size,color,orientation,0.3,2.0,4,female,0,2711.5623514999997,0,19,0.0,0.0,3.0,0.0,1.0,0.0,40.0,0.0,250.0
263,264,2.0,2.0,2.0,1.0,4.0,1.417410299999574,87.5,9.0,0.4600000000000001,size,color,orientation,0.3,2.0,4,female,0,2711.5623514999997,0,19,0.0,0.0,3.0,0.0,0.0,0.0,41.0,0.0,251.0
264,265,2.0,2.0,3.0,0.0,4.0,0.967259699999886,-88.0,20.0,0.38,size,color,orientation,0.3,2.0,4,female,0,2711.5623514999997,0,19,0.0,1.0,3.0,0.0,0.0,0.0,42.0,0.0,252.0
265,266,2.0,1.0,1.0,1.0,4.0,1.3502293000001373,-29.5,15.0,0.14,size,color,orientation,0.3,2.0,4,female,0,2711.5623514999997,1,19,0.0,0.0,3.0,0.0,-1.0,0.0,43.0,0.0,253.0
266,267,2.0,3.0,1.0,0.0,4.0,1.5167678000007072,69.5,18.0,0.26,size,color,orientation,0.3,2.0,4,female,0,2711.5623514999997,0,19,0.0,1.0,3.0,0.0,1.0,0.0,44.0,0.0,254.0
267,268,2.0,1.0,3.0,0.0,4.0,1.749235299999782,83.0,21.0,0.3400000000000001,size,color,orientation,0.3,2.0,4,female,0,2711.5623514999997,1,19,0.0,1.0,3.0,0.0,-1.0,0.0,45.0,0.0,255.0
268,269,2.0,2.0,0.0,0.0,4.0,2.083777400000145,-74.5,6.0,0.26,size,color,orientation,0.3,2.0,4,female,0,2711.5623514999997,1,19,0.0,1.0,3.0,0.0,0.0,0.0,46.0,0.0,256.0
269,270,2.0,3.0,3.0,1.0,4.0,2.9832571999995707,60.5,24.0,0.38,size,color,orientation,0.3,2.0,4,female,0,2711.5623514999997,1,19,0.0,0.0,3.0,0.0,0.0,0.0,47.0,0.0,257.0
270,271,2.0,2.0,3.0,0.0,4.0,1.9509877000000415,-38.5,20.0,0.42,size,color,orientation,0.3,2.0,4,female,0,2711.5623514999997,0,19,0.0,1.0,3.0,0.0,1.0,0.0,48.0,0.0,258.0
271,272,2.0,1.0,0.0,0.0,4.0,6.699865999999929,-43.0,3.0,0.18,size,color,orientation,0.3,2.0,4,female,0,2711.5623514999997,1,19,0.0,1.0,3.0,0.0,-1.0,0.0,49.0,0.0,259.0
272,273,2.0,1.0,3.0,0.0,4.0,1.0847168000000238,-25.0,18.0,0.42,size,color,orientation,0.3,2.0,4,female,0,2711.5623514999997,1,19,0.0,1.0,3.0,0.0,0.0,0.0,50.0,0.0,260.0
273,274,2.0,3.0,2.0,0.0,4.0,4.199075900000025,87.5,7.0,0.42,size,color,orientation,0.3,2.0,4,female,0,2711.5623514999997,1,19,0.0,1.0,3.0,0.0,0.0,0.0,51.0,0.0,261.0
274,275,2.0,1.0,1.0,1.0,4.0,1.6339195000000473,20.0,22.0,0.18,size,color,orientation,0.3,2.0,4,female,0,2711.5623514999997,1,19,0.0,0.0,3.0,0.0,0.0,0.0,52.0,0.0,262.0
275,276,2.0,2.0,0.0,0.0,4.0,3.033923300000424,-61.0,1.0,0.26,size,color,orientation,0.3,2.0,4,female,0,2711.5623514999997,0,19,0.0,1.0,3.0,0.0,1.0,0.0,53.0,0.0,263.0
276,277,2.0,2.0,0.0,0.0,4.0,15.21686409999984,11.0,2.0,0.22,size,color,orientation,0.3,2.0,4,female,0,2711.5623514999997,1,19,0.0,1.0,3.0,0.0,-1.0,0.0,54.0,0.0,264.0
277,278,2.0,2.0,3.0,0.0,4.0,7.183412100000169,-2.5,18.0,0.4600000000000001,size,color,orientation,0.3,2.0,4,female,0,2711.5623514999997,1,19,0.0,1.0,3.0,0.0,0.0,0.0,55.0,0.0,265.0
278,279,2.0,1.0,1.0,1.0,4.0,1.3171169999995982,6.5,17.0,0.14,size,color,orientation,0.3,2.0,4,female,0,2711.5623514999997,1,19,0.0,0.0,3.0,0.0,0.0,0.0,56.0,0.0,266.0
279,280,2.0,2.0,3.0,0.0,4.0,1.250201400000151,78.5,20.0,0.3,size,color,orientation,0.3,2.0,4,female,0,2711.5623514999997,0,19,0.0,1.0,3.0,0.0,1.0,0.0,57.0,0.0,267.0
280,281,2.0,2.0,2.0,1.0,4.0,3.983063699999548,-56.5,4.0,0.4600000000000001,size,color,orientation,0.3,2.0,4,female,0,2711.5623514999997,1,19,0.0,0.0,3.0,0.0,-1.0,0.0,58.0,0.0,268.0
281,282,2.0,0.0,0.0,1.0,4.0,1.7504285999993954,-61.0,2.0,0.18,size,color,orientation,0.3,2.0,4,female,0,2711.5623514999997,0,19,0.0,0.0,3.0,0.0,1.0,0.0,59.0,0.0,269.0
282,283,2.0,2.0,3.0,0.0,4.0,1.6833820000001651,-56.5,16.0,0.3,size,color,orientation,0.3,2.0,4,female,0,2711.5623514999997,0,19,0.0,1.0,3.0,0.0,0.0,0.0,60.0,0.0,270.0
283,284,2.0,2.0,1.0,0.0,4.0,1.5490788000006432,-11.5,13.0,0.22,size,color,orientation,0.3,2.0,4,female,0,2711.5623514999997,1,19,0.0,2.0,3.0,0.0,-1.0,0.0,61.0,0.0,271.0
284,285,2.0,2.0,2.0,1.0,4.0,1.099094100000002,-70.0,5.0,0.4600000000000001,size,color,orientation,0.3,2.0,4,female,0,2711.5623514999997,1,19,0.0,0.0,3.0,0.0,-1.0,0.0,62.0,0.0,272.0
285,286,2.0,1.0,1.0,1.0,4.0,1.3509355000005598,-65.5,17.0,0.22,size,color,orientation,0.3,2.0,4,female,0,2711.5623514999997,0,19,0.0,0.0,3.0,0.0,2.0,0.0,63.0,0.0,273.0
286,287,2.0,0.0,0.0,1.0,4.0,1.732591400000274,-20.5,3.0,0.1,size,color,orientation,0.3,2.0,4,female,0,2711.5623514999997,0,19,0.0,0.0,3.0,0.0,0.0,0.0,64.0,0.0,274.0
287,288,2.0,3.0,3.0,1.0,4.0,1.6665468000001056,83.0,15.0,0.38,size,color,orientation,0.3,2.0,4,female,0,2711.5623514999997,0,19,0.0,0.0,3.0,0.0,0.0,0.0,65.0,0.0,275.0
288,289,2.0,3.0,3.0,1.0,4.0,2.334227700000156,42.5,13.0,0.42,size,color,orientation,0.3,2.0,4,female,0,2711.5623514999997,0,19,0.0,0.0,3.0,0.0,0.0,0.0,66.0,0.0,276.0
289,290,2.0,2.0,3.0,0.0,4.0,1.633460200000627,-20.5,20.0,0.38,size,color,orientation,0.3,2.0,4,female,0,2711.5623514999997,0,19,0.0,1.0,3.0,0.0,0.0,0.0,67.0,0.0,277.0
290,291,2.0,3.0,0.0,0.0,4.0,2.0833660999996937,38.0,3.0,0.26,size,color,orientation,0.3,2.0,4,female,0,2711.5623514999997,1,19,0.0,2.0,3.0,0.0,-1.0,0.0,68.0,0.0,278.0
291,292,2.0,2.0,2.0,1.0,4.0,1.6836708000000726,-43.0,11.0,0.38,size,color,orientation,0.3,2.0,4,female,0,2711.5623514999997,1,19,0.0,0.0,3.0,0.0,-1.0,0.0,69.0,0.0,279.0
292,293,2.0,2.0,3.0,0.0,4.0,1.066986700000598,-43.0,20.0,0.4600000000000001,size,color,orientation,0.3,2.0,4,female,0,2711.5623514999997,0,19,0.0,1.0,3.0,0.0,2.0,0.0,70.0,0.0,280.0
293,294,2.0,1.0,1.0,1.0,4.0,2.1156187000005957,74.0,13.0,0.1,size,color,orientation,0.3,2.0,4,female,0,2711.5623514999997,1,19,0.0,0.0,3.0,0.0,-1.0,0.0,71.0,0.0,281.0
294,295,2.0,2.0,3.0,0.0,4.0,1.682750599999963,-52.0,23.0,0.3400000000000001,size,color,orientation,0.3,2.0,4,female,0,2711.5623514999997,0,19,0.0,1.0,3.0,0.0,1.0,0.0,72.0,0.0,282.0
295,296,2.0,2.0,3.0,0.0,4.0,1.3666139000006297,6.5,22.0,0.3,size,color,orientation,0.3,2.0,4,female,0,2711.5623514999997,1,19,0.0,1.0,3.0,0.0,-1.0,0.0,73.0,0.0,283.0
296,297,2.0,1.0,1.0,1.0,4.0,1.999363599999924,-52.0,24.0,0.18,size,color,orientation,0.3,2.0,4,female,0,2711.5623514999997,1,19,0.0,0.0,3.0,0.0,0.0,0.0,74.0,0.0,284.0
297,298,2.0,2.0,1.0,0.0,4.0,2.1837248000001637,-38.5,20.0,0.22,size,color,orientation,0.3,2.0,4,female,0,2711.5623514999997,0,19,0.0,2.0,3.0,0.0,1.0,0.0,75.0,0.0,285.0
298,299,2.0,3.0,1.0,0.0,4.0,1.899637100000291,11.0,20.0,0.18,size,color,orientation,0.3,2.0,4,female,0,2711.5623514999997,1,19,0.0,1.0,3.0,0.0,-2.0,0.0,76.0,0.0,286.0
299,300,2.0,3.0,3.0,1.0,4.0,4.100414300000011,-61.0,14.0,0.38,size,color,orientation,0.3,2.0,4,female,0,2711.5623514999997,1,19,0.0,0.0,3.0,0.0,1.0,0.0,77.0,0.0,287.0
300,301,2.0,0.0,0.0,1.0,4.0,2.1835653999996794,33.5,3.0,0.14,size,color,orientation,0.3,2.0,4,female,0,2711.5623514999997,0,19,0.0,0.0,3.0,0.0,1.0,0.0,78.0,0.0,288.0
301,302,2.0,2.0,2.0,1.0,4.0,1.7003735999996934,47.0,12.0,0.38,size,color,orientation,0.3,2.0,4,female,0,2711.5623514999997,0,19,0.0,0.0,3.0,0.0,0.0,0.0,79.0,0.0,289.0
302,303,2.0,1.0,1.0,1.0,4.0,1.9847630000003849,-29.5,18.0,0.18,size,color,orientation,0.3,2.0,4,female,0,2711.5623514999997,0,19,0.0,0.0,3.0,0.0,0.0,0.0,80.0,0.0,290.0
303,304,2.0,3.0,3.0,1.0,4.0,5.53419759999997,29.0,23.0,0.42,size,color,orientation,0.3,2.0,4,female,0,2711.5623514999997,0,19,0.0,0.0,3.0,0.0,0.0,0.0,81.0,0.0,291.0
304,305,2.0,1.0,0.0,0.0,4.0,1.5504323999994083,-70.0,0.0,0.14,size,color,orientation,0.3,2.0,4,female,0,2711.5623514999997,0,19,0.0,1.0,3.0,0.0,0.0,0.0,82.0,0.0,292.0
305,306,2.0,2.0,3.0,0.0,4.0,2.050320400000601,2.0,13.0,0.3,size,color,orientation,0.3,2.0,4,female,0,2711.5623514999997,1,19,0.0,1.0,3.0,0.0,-1.0,0.0,83.0,0.0,293.0
306,307,2.0,2.0,0.0,0.0,4.0,8.532628599999953,-47.5,7.0,0.26,size,color,orientation,0.3,2.0,4,female,0,2711.5623514999997,1,19,0.0,1.0,3.0,0.0,0.0,0.0,84.0,0.0,294.0
307,308,2.0,3.0,3.0,1.0,4.0,4.066902599999594,-74.5,21.0,0.42,size,color,orientation,0.3,2.0,4,female,0,2711.5623514999997,1,19,0.0,0.0,3.0,0.0,0.0,0.0,85.0,0.0,295.0
308,309,2.0,3.0,2.0,0.0,4.0,1.1988744000000224,-2.5,12.0,0.42,size,color,orientation,0.3,2.0,4,female,0,2711.5623514999997,0,19,0.0,1.0,3.0,0.0,1.0,0.0,86.0,0.0,296.0
309,310,2.0,2.0,0.0,0.0,4.0,3.1507732999998552,-61.0,9.0,0.26,size,color,orientation,0.3,2.0,4,female,0,2711.5623514999997,1,19,0.0,1.0,3.0,0.0,-1.0,0.0,87.0,0.0,297.0
310,311,2.0,2.0,1.0,0.0,4.0,3.165530199999921,-20.5,14.0,0.26,size,color,orientation,0.3,2.0,4,female,0,2711.5623514999997,1,19,0.0,2.0,3.0,0.0,0.0,0.0,88.0,0.0,298.0
311,312,2.0,2.0,2.0,1.0,4.0,21.065951000000496,-25.0,0.0,0.42,size,color,orientation,0.3,2.0,4,female,0,2711.5623514999997,1,19,0.0,0.0,3.0,0.0,-1.0,0.0,89.0,0.0,299.0
312,313,2.0,0.0,0.0,1.0,4.0,1.6003360999993674,-88.0,0.0,0.1,size,color,orientation,0.3,2.0,4,female,0,2711.5623514999997,0,19,0.0,0.0,3.0,0.0,2.0,0.0,90.0,0.0,300.0
313,314,2.0,3.0,3.0,1.0,4.0,1.4834726999997656,65.0,17.0,0.38,size,color,orientation,0.3,2.0,4,female,0,2711.5623514999997,0,19,0.0,0.0,3.0,0.0,0.0,0.0,91.0,0.0,301.0
314,315,2.0,0.0,1.0,0.0,4.0,1.5162098999999216,-88.0,14.0,0.1,size,color,orientation,0.3,2.0,4,female,0,2711.5623514999997,0,19,0.0,1.0,3.0,0.0,0.0,0.0,92.0,0.0,302.0
315,316,2.0,3.0,2.0,0.0,4.0,1.5663054000006014,2.0,1.0,0.42,size,color,orientation,0.3,2.0,4,female,0,2711.5623514999997,1,19,0.0,1.0,3.0,0.0,-1.0,0.0,93.0,0.0,303.0
316,317,2.0,2.0,2.0,1.0,4.0,6.732820499999434,-56.5,6.0,0.38,size,color,orientation,0.3,2.0,4,female,0,2711.5623514999997,1,19,0.0,0.0,3.0,0.0,0.0,0.0,94.0,0.0,304.0
317,318,2.0,2.0,3.0,0.0,4.0,0.8002726999993683,-79.0,19.0,0.38,size,color,orientation,0.3,2.0,4,female,0,2711.5623514999997,0,19,0.0,1.0,3.0,0.0,1.0,0.0,95.0,0.0,305.0
318,319,2.0,1.0,0.0,0.0,4.0,11.899571699999797,-11.5,3.0,0.26,size,color,orientation,0.3,2.0,4,female,0,2711.5623514999997,1,19,0.0,1.0,3.0,0.0,-1.0,0.0,96.0,0.0,306.0
319,320,2.0,3.0,3.0,1.0,4.0,2.066878100000394,42.5,16.0,0.3400000000000001,size,color,orientation,0.3,2.0,4,female,0,2711.5623514999997,1,19,0.0,0.0,3.0,0.0,0.0,0.0,97.0,0.0,307.0
320,321,2.0,3.0,3.0,1.0,4.0,3.5996508999996877,24.5,14.0,0.4600000000000001,size,color,orientation,0.3,2.0,4,female,0,2711.5623514999997,0,19,0.0,0.0,3.0,0.0,1.0,0.0,98.0,0.0,308.0
321,322,2.0,1.0,1.0,1.0,4.0,2.0007461000004696,38.0,14.0,0.18,size,color,orientation,0.3,2.0,4,female,0,2711.5623514999997,0,19,0.0,0.0,3.0,0.0,0.0,0.0,99.0,0.0,309.0
322,323,2.0,1.0,0.0,0.0,4.0,0.9504915000006804,11.0,5.0,0.18,size,color,orientation,0.3,2.0,4,female,0,2711.5623514999997,0,19,0.0,1.0,3.0,0.0,0.0,0.0,100.0,0.0,310.0
323,324,2.0,3.0,3.0,1.0,4.0,1.2660385999997743,56.0,13.0,0.3400000000000001,size,color,orientation,0.3,2.0,4,female,0,2711.5623514999997,1,19,0.0,0.0,3.0,0.0,-1.0,0.0,101.0,0.0,311.0
324,325,2.0,1.0,0.0,0.0,4.0,1.250984199999948,6.5,8.0,0.18,size,color,orientation,0.3,2.0,4,female,0,2711.5623514999997,0,19,0.0,1.0,3.0,0.0,1.0,0.0,102.0,0.0,312.0
325,326,2.0,3.0,0.0,0.0,4.0,1.44975710000017,47.0,6.0,0.26,size,color,orientation,0.3,2.0,4,female,0,2711.5623514999997,1,19,0.0,2.0,3.0,0.0,-1.0,0.0,103.0,0.0,313.0
326,327,2.0,2.0,3.0,0.0,4.0,1.233243399999992,83.0,20.0,0.4600000000000001,size,color,orientation,0.3,2.0,4,female,0,2711.5623514999997,1,19,0.0,1.0,3.0,0.0,-1.0,0.0,104.0,0.0,314.0
327,328,2.0,1.0,1.0,1.0,4.0,1.0838488999997935,-70.0,20.0,0.26,size,color,orientation,0.3,2.0,4,female,0,2711.5623514999997,1,19,0.0,0.0,3.0,0.0,1.0,0.0,105.0,0.0,315.0
328,329,2.0,0.0,1.0,0.0,4.0,1.3828389999998765,42.5,19.0,0.1,size,color,orientation,0.3,2.0,4,female,0,2711.5623514999997,0,19,0.0,1.0,3.0,0.0,1.0,0.0,106.0,0.0,316.0
329,330,2.0,1.0,0.0,0.0,4.0,1.8162473000002135,47.0,12.0,0.1,size,color,orientation,0.3,2.0,4,female,0,2711.5623514999997,1,19,0.0,1.0,3.0,0.0,-1.0,0.0,107.0,0.0,317.0
330,331,2.0,1.0,1.0,1.0,4.0,1.267069800000172,33.5,19.0,0.14,size,color,orientation,0.3,2.0,4,female,0,2711.5623514999997,1,19,0.0,0.0,3.0,0.0,0.0,0.0,108.0,0.0,318.0
331,332,2.0,3.0,2.0,0.0,4.0,1.850410600000032,6.5,9.0,0.4600000000000001,size,color,orientation,0.3,2.0,4,female,0,2711.5623514999997,0,19,0.0,1.0,3.0,0.0,1.0,0.0,109.0,0.0,319.0
332,333,2.0,2.0,2.0,1.0,4.0,21.49955040000077,-43.0,10.0,0.42,size,color,orientation,0.3,2.0,4,female,0,2711.5623514999997,1,19,0.0,0.0,3.0,0.0,-1.0,0.0,110.0,0.0,320.0
333,334,2.0,1.0,1.0,1.0,4.0,2.4177608999998483,87.5,23.0,0.14,size,color,orientation,0.3,2.0,4,female,0,2711.5623514999997,0,19,0.0,0.0,3.0,0.0,1.0,0.0,111.0,0.0,321.0
334,335,2.0,2.0,0.0,0.0,4.0,3.015667900000153,-20.5,8.0,0.26,size,color,orientation,0.3,2.0,4,female,0,2711.5623514999997,0,19,0.0,1.0,3.0,0.0,0.0,0.0,112.0,0.0,322.0
335,336,2.0,0.0,1.0,0.0,4.0,5.615383499999552,-43.0,19.0,0.18,size,color,orientation,0.3,2.0,4,female,0,2711.5623514999997,1,19,0.0,1.0,3.0,0.0,-1.0,0.0,113.0,0.0,323.0
336,337,2.0,2.0,0.0,0.0,4.0,4.2495068999996874,-34.0,1.0,0.18,size,color,orientation,0.3,2.0,4,female,0,2711.5623514999997,1,19,0.0,1.0,3.0,0.0,0.0,0.0,114.0,0.0,324.0
337,338,2.0,3.0,3.0,1.0,4.0,1.18290960000013,38.0,14.0,0.3,size,color,orientation,0.3,2.0,4,female,0,2711.5623514999997,1,19,0.0,0.0,3.0,0.0,0.0,0.0,115.0,0.0,325.0
338,339,2.0,2.0,1.0,0.0,4.0,1.3001501999997345,-52.0,13.0,0.26,size,color,orientation,0.3,2.0,4,female,0,2711.5623514999997,0,19,0.0,2.0,3.0,0.0,1.0,0.0,116.0,0.0,326.0
339,340,2.0,1.0,1.0,1.0,4.0,1.382824199999959,-43.0,14.0,0.14,size,color,orientation,0.3,2.0,4,female,0,2711.5623514999997,1,19,0.0,0.0,3.0,0.0,-2.0,0.0,117.0,0.0,327.0
340,341,2.0,3.0,2.0,0.0,4.0,1.6336424999999508,38.0,5.0,0.42,size,color,orientation,0.3,2.0,4,female,0,2711.5623514999997,0,19,0.0,1.0,3.0,0.0,2.0,0.0,118.0,0.0,328.0
341,342,1.0,1.0,1.0,1.0,2.0,2.075499200000195,-61.0,18.0,0.3,size,color,orientation,0.3,2.0,4,female,0,2711.5623514999997,1,19,0.0,1.0,3.0,0.0,2.0,0.0,0.0,1.0,329.0
342,343,1.0,1.0,0.0,0.0,2.0,0.7173259999999573,-25.0,24.0,0.26,size,color,orientation,0.3,2.0,4,female,0,2711.5623514999997,0,19,1.0,1.0,3.0,0.0,2.0,0.0,0.0,2.0,330.0
343,344,1.0,0.0,0.0,1.0,2.0,1.0250807999991594,42.5,21.0,0.1,size,color,orientation,0.3,2.0,4,female,0,2711.5623514999997,1,19,0.0,1.0,3.0,-1.0,2.0,0.0,0.0,3.0,331.0
344,345,1.0,0.0,0.0,1.0,2.0,0.8334316000000399,56.0,15.0,0.22,size,color,orientation,0.3,2.0,4,female,0,2711.5623514999997,0,19,0.0,1.0,3.0,1.0,2.0,0.0,0.0,4.0,332.0
345,346,1.0,0.0,0.0,1.0,2.0,1.0999982000003,6.5,20.0,0.14,size,color,orientation,0.3,2.0,4,female,0,2711.5623514999997,0,19,0.0,1.0,3.0,0.0,2.0,0.0,0.0,5.0,333.0
346,347,1.0,1.0,1.0,1.0,2.0,0.933586400000422,-11.5,15.0,0.38,size,color,orientation,0.3,2.0,4,female,0,2711.5623514999997,0,19,0.0,1.0,3.0,0.0,2.0,0.0,0.0,6.0,334.0
347,348,1.0,1.0,1.0,1.0,2.0,0.7831114999999045,-79.0,23.0,0.3400000000000001,size,color,orientation,0.3,2.0,4,female,0,2711.5623514999997,0,19,0.0,1.0,3.0,0.0,2.0,0.0,0.0,7.0,335.0
348,349,1.0,0.0,0.0,1.0,2.0,1.4002684999995836,65.0,15.0,0.22,size,color,orientation,0.3,2.0,4,female,0,2711.5623514999997,0,19,0.0,1.0,3.0,0.0,2.0,0.0,0.0,8.0,336.0
349,350,1.0,1.0,1.0,1.0,2.0,1.2003586999999245,-70.0,5.0,0.3400000000000001,size,color,orientation,0.3,2.0,4,female,0,2711.5623514999997,0,19,0.0,1.0,3.0,0.0,2.0,0.0,0.0,9.0,337.0
350,351,1.0,0.0,0.0,1.0,2.0,2.650862800000141,-56.5,12.0,0.26,size,color,orientation,0.3,2.0,4,female,0,2711.5623514999997,0,19,0.0,1.0,3.0,0.0,2.0,0.0,0.0,10.0,338.0
351,352,1.0,1.0,1.0,1.0,2.0,1.4669481000000817,47.0,10.0,0.3,size,color,orientation,0.3,2.0,4,female,0,2711.5623514999997,0,19,0.0,1.0,3.0,0.0,2.0,0.0,0.0,11.0,339.0
352,353,1.0,0.0,0.0,1.0,2.0,1.0665788000005705,56.0,22.0,0.18,size,color,orientation,0.3,2.0,4,female,0,2711.5623514999997,0,19,0.0,1.0,3.0,0.0,2.0,0.0,0.0,12.0,340.0
353,354,1.0,1.0,1.0,1.0,2.0,1.1406613999997717,60.5,2.0,0.38,size,color,orientation,0.3,2.0,4,female,0,2711.5623514999997,1,19,0.0,1.0,3.0,0.0,2.0,0.0,0.0,13.0,341.0
354,355,1.0,1.0,1.0,1.0,2.0,1.0672002000001155,-74.5,23.0,0.38,size,color,orientation,0.3,2.0,4,female,0,2711.5623514999997,0,19,0.0,1.0,3.0,0.0,2.0,0.0,0.0,14.0,342.0
355,356,1.0,1.0,1.0,1.0,2.0,0.7013716000001295,-70.0,0.0,0.3400000000000001,size,color,orientation,0.3,2.0,4,female,0,2711.5623514999997,0,19,0.0,1.0,3.0,0.0,2.0,0.0,0.0,15.0,343.0
356,357,1.0,0.0,0.0,1.0,2.0,1.3164744000005155,-11.5,18.0,0.18,size,color,orientation,0.3,2.0,4,female,0,2711.5623514999997,0,19,0.0,1.0,3.0,0.0,2.0,0.0,0.0,16.0,344.0
357,358,1.0,1.0,1.0,1.0,2.0,0.8836112999997567,15.5,22.0,0.38,size,color,orientation,0.3,2.0,4,female,0,2711.5623514999997,0,19,0.0,1.0,3.0,0.0,2.0,0.0,0.0,17.0,345.0
358,359,1.0,0.0,0.0,1.0,2.0,0.9999711000000387,69.5,24.0,0.18,size,color,orientation,0.3,2.0,4,female,0,2711.5623514999997,0,19,0.0,1.0,3.0,0.0,2.0,0.0,0.0,18.0,346.0
359,360,1.0,1.0,1.0,1.0,2.0,1.417175199999292,87.5,3.0,0.3,size,color,orientation,0.3,2.0,4,female,0,2711.5623514999997,0,19,0.0,1.0,3.0,0.0,2.0,0.0,0.0,19.0,347.0
360,361,1.0,1.0,1.0,1.0,2.0,0.8341099000008398,-74.5,22.0,0.3400000000000001,size,color,orientation,0.3,2.0,4,female,0,2711.5623514999997,0,19,0.0,1.0,3.0,0.0,2.0,0.0,0.0,20.0,348.0
361,362,1.0,1.0,1.0,1.0,2.0,0.8168374999995649,-88.0,7.0,0.3,size,color,orientation,0.3,2.0,4,female,0,2711.5623514999997,0,19,0.0,1.0,3.0,0.0,2.0,0.0,0.0,21.0,349.0
362,363,1.0,1.0,1.0,1.0,2.0,1.5337782999995395,-56.5,13.0,0.3400000000000001,size,color,orientation,0.3,2.0,4,female,0,2711.5623514999997,0,19,0.0,1.0,3.0,0.0,2.0,0.0,0.0,22.0,350.0
363,364,1.0,1.0,1.0,1.0,2.0,0.8919238999997106,-83.5,5.0,0.38,size,color,orientation,0.3,2.0,4,female,0,2711.5623514999997,1,19,0.0,1.0,3.0,0.0,2.0,0.0,0.0,23.0,351.0
364,365,1.0,1.0,1.0,1.0,2.0,1.2499324000000342,56.0,8.0,0.42,size,color,orientation,0.3,2.0,4,female,0,2711.5623514999997,0,19,0.0,1.0,3.0,0.0,2.0,0.0,0.0,24.0,352.0
365,366,1.0,1.0,0.0,0.0,2.0,0.6008221000001868,-47.5,17.0,0.18,size,color,orientation,0.3,2.0,4,female,0,2711.5623514999997,0,19,1.0,1.0,3.0,0.0,2.0,0.0,0.0,25.0,353.0
366,367,1.0,1.0,1.0,1.0,2.0,1.27379000000019,24.5,3.0,0.4600000000000001,size,color,orientation,0.3,2.0,4,female,0,2711.5623514999997,1,19,0.0,1.0,3.0,-1.0,2.0,0.0,0.0,26.0,354.0
367,368,1.0,0.0,0.0,1.0,2.0,1.450701100000515,-74.5,17.0,0.18,size,color,orientation,0.3,2.0,4,female,0,2711.5623514999997,0,19,0.0,1.0,3.0,1.0,2.0,0.0,0.0,27.0,355.0
368,369,1.0,0.0,0.0,1.0,2.0,0.8837223000000449,-34.0,19.0,0.18,size,color,orientation,0.3,2.0,4,female,0,2711.5623514999997,0,19,0.0,1.0,3.0,0.0,2.0,0.0,0.0,28.0,356.0
369,370,1.0,1.0,1.0,1.0,2.0,0.7169839999996839,42.5,15.0,0.3400000000000001,size,color,orientation,0.3,2.0,4,female,0,2711.5623514999997,0,19,0.0,1.0,3.0,0.0,2.0,0.0,0.0,29.0,357.0
370,371,1.0,1.0,0.0,0.0,2.0,0.901250799999616,-38.5,10.0,0.22,size,color,orientation,0.3,2.0,4,female,0,2711.5623514999997,0,19,1.0,1.0,3.0,0.0,2.0,0.0,0.0,30.0,358.0
371,372,1.0,0.0,0.0,1.0,2.0,1.0755613000001176,78.5,8.0,0.22,size,color,orientation,0.3,2.0,4,female,0,2711.5623514999997,1,19,0.0,1.0,3.0,-1.0,2.0,0.0,0.0,31.0,359.0
372,373,1.0,1.0,1.0,1.0,2.0,0.9836370000002717,-88.0,18.0,0.3400000000000001,size,color,orientation,0.3,2.0,4,female,0,2711.5623514999997,0,19,0.0,1.0,3.0,1.0,2.0,0.0,0.0,32.0,360.0
373,374,1.0,1.0,1.0,1.0,2.0,1.2673577000005023,-20.5,14.0,0.3,size,color,orientation,0.3,2.0,4,female,0,2711.5623514999997,0,19,0.0,1.0,3.0,0.0,2.0,0.0,0.0,33.0,361.0
374,375,1.0,1.0,1.0,1.0,2.0,1.0664437999994334,-65.5,0.0,0.4600000000000001,size,color,orientation,0.3,2.0,4,female,0,2711.5623514999997,0,19,0.0,1.0,3.0,0.0,2.0,0.0,0.0,34.0,362.0
375,376,1.0,0.0,0.0,1.0,2.0,1.4176388000005318,-29.5,22.0,0.18,size,color,orientation,0.3,2.0,4,female,0,2711.5623514999997,0,19,0.0,1.0,3.0,0.0,2.0,0.0,0.0,35.0,363.0
376,377,1.0,0.0,0.0,1.0,2.0,0.9330994000001738,2.0,4.0,0.18,size,color,orientation,0.3,2.0,4,female,0,2711.5623514999997,0,19,0.0,1.0,3.0,0.0,2.0,0.0,0.0,36.0,364.0
377,378,1.0,1.0,0.0,0.0,2.0,1.0335293999996793,6.5,24.0,0.26,size,color,orientation,0.3,2.0,4,female,0,2711.5623514999997,0,19,1.0,1.0,3.0,0.0,2.0,0.0,0.0,37.0,365.0
378,379,1.0,1.0,1.0,1.0,2.0,1.126645099999223,-56.5,2.0,0.3400000000000001,size,color,orientation,0.3,2.0,4,female,0,2711.5623514999997,1,19,0.0,1.0,3.0,-1.0,2.0,0.0,0.0,38.0,366.0
379,380,1.0,1.0,1.0,1.0,2.0,0.8669825000006313,-61.0,16.0,0.42,size,color,orientation,0.3,2.0,4,female,0,2711.5623514999997,0,19,0.0,1.0,3.0,1.0,2.0,0.0,0.0,39.0,367.0
380,381,1.0,1.0,1.0,1.0,2.0,0.750067100000706,-70.0,21.0,0.3,size,color,orientation,0.3,2.0,4,female,0,2711.5623514999997,0,19,0.0,1.0,3.0,0.0,2.0,0.0,0.0,40.0,368.0
381,382,1.0,1.0,1.0,1.0,2.0,0.5673841999996512,6.5,18.0,0.3400000000000001,size,color,orientation,0.3,2.0,4,female,0,2711.5623514999997,0,19,0.0,1.0,3.0,0.0,2.0,0.0,0.0,41.0,369.0
382,383,1.0,0.0,0.0,1.0,2.0,0.916945800000576,74.0,2.0,0.14,size,color,orientation,0.3,2.0,4,female,0,2711.5623514999997,0,19,0.0,1.0,3.0,0.0,2.0,0.0,0.0,42.0,370.0
383,384,1.0,1.0,1.0,1.0,2.0,0.9834971999998744,-56.5,20.0,0.42,size,color,orientation,0.3,2.0,4,female,0,2711.5623514999997,0,19,0.0,1.0,3.0,0.0,2.0,0.0,0.0,43.0,371.0
384,385,1.0,0.0,0.0,1.0,2.0,1.667665599999964,87.5,9.0,0.1,size,color,orientation,0.3,2.0,4,female,0,2711.5623514999997,0,19,0.0,1.0,3.0,0.0,2.0,0.0,0.0,44.0,372.0
385,386,1.0,1.0,1.0,1.0,2.0,1.2661327000005258,-61.0,1.0,0.3,size,color,orientation,0.3,2.0,4,female,0,2711.5623514999997,0,19,0.0,1.0,3.0,0.0,2.0,0.0,0.0,45.0,373.0
386,387,1.0,1.0,1.0,1.0,2.0,0.7670475000004444,-7.0,16.0,0.42,size,color,orientation,0.3,2.0,4,female,0,2711.5623514999997,0,19,0.0,1.0,3.0,0.0,2.0,0.0,0.0,46.0,374.0
387,388,1.0,1.0,1.0,1.0,2.0,1.2004698000000644,24.5,13.0,0.4600000000000001,size,color,orientation,0.3,2.0,4,female,0,2711.5623514999997,0,19,0.0,1.0,3.0,0.0,2.0,0.0,0.0,47.0,375.0
388,389,1.0,1.0,1.0,1.0,2.0,1.342584999999417,42.5,24.0,0.3400000000000001,size,color,orientation,0.3,2.0,4,female,0,2711.5623514999997,1,19,0.0,1.0,3.0,0.0,2.0,0.0,0.0,48.0,376.0
389,390,1.0,1.0,1.0,1.0,2.0,0.6339364999994359,-74.5,23.0,0.42,size,color,orientation,0.3,2.0,4,female,0,2711.5623514999997,0,19,0.0,1.0,3.0,0.0,2.0,0.0,0.0,49.0,377.0
390,391,1.0,0.0,0.0,1.0,2.0,0.9836236000001009,83.0,21.0,0.1,size,color,orientation,0.3,2.0,4,female,0,2711.5623514999997,0,19,0.0,1.0,3.0,0.0,2.0,0.0,0.0,50.0,378.0
391,392,1.0,1.0,1.0,1.0,2.0,1.3332860999998957,-11.5,12.0,0.42,size,color,orientation,0.3,2.0,4,female,0,2711.5623514999997,0,19,0.0,1.0,3.0,0.0,2.0,0.0,0.0,51.0,379.0
392,393,1.0,1.0,0.0,0.0,2.0,0.9341833999997108,-20.5,7.0,0.14,size,color,orientation,0.3,2.0,4,female,0,2711.5623514999997,0,19,1.0,1.0,3.0,0.0,2.0,0.0,0.0,52.0,380.0
393,394,1.0,1.0,1.0,1.0,2.0,0.8247598000007201,-11.5,13.0,0.38,size,color,orientation,0.3,2.0,4,female,0,2711.5623514999997,1,19,0.0,1.0,3.0,-1.0,2.0,0.0,0.0,53.0,381.0
394,395,1.0,1.0,0.0,0.0,2.0,0.7496858000004067,15.5,3.0,0.26,size,color,orientation,0.3,2.0,4,female,0,2711.5623514999997,0,19,1.0,1.0,3.0,1.0,2.0,0.0,0.0,54.0,382.0
395,396,1.0,1.0,1.0,1.0,2.0,1.0097052000000986,-70.0,3.0,0.4600000000000001,size,color,orientation,0.3,2.0,4,female,0,2711.5623514999997,1,19,0.0,1.0,3.0,-1.0,2.0,0.0,0.0,55.0,383.0
396,397,1.0,1.0,1.0,1.0,2.0,0.7173603999999614,-38.5,0.0,0.42,size,color,orientation,0.3,2.0,4,female,0,2711.5623514999997,0,19,0.0,1.0,3.0,1.0,2.0,0.0,0.0,56.0,384.0
397,398,1.0,1.0,1.0,1.0,2.0,1.2846073999999137,-16.0,2.0,0.4600000000000001,size,color,orientation,0.3,2.0,4,female,0,2711.5623514999997,0,19,0.0,1.0,3.0,0.0,2.0,0.0,0.0,57.0,385.0
398,399,1.0,1.0,1.0,1.0,2.0,0.5848043999994843,74.0,14.0,0.4600000000000001,size,color,orientation,0.3,2.0,4,female,0,2711.5623514999997,0,19,0.0,1.0,3.0,0.0,2.0,0.0,0.0,58.0,386.0
399,400,1.0,1.0,1.0,1.0,2.0,0.6996748999999909,42.5,6.0,0.3400000000000001,size,color,orientation,0.3,2.0,4,female,0,2711.5623514999997,0,19,0.0,1.0,3.0,0.0,2.0,0.0,0.0,59.0,387.0
400,401,1.0,1.0,1.0,1.0,2.0,0.5335463000001255,-2.5,8.0,0.42,size,color,orientation,0.3,2.0,4,female,0,2711.5623514999997,0,19,0.0,1.0,3.0,0.0,2.0,0.0,0.0,60.0,388.0
401,402,1.0,0.0,0.0,1.0,2.0,1.1161128000003373,74.0,2.0,0.14,size,color,orientation,0.3,2.0,4,female,0,2711.5623514999997,0,19,0.0,1.0,3.0,0.0,2.0,0.0,0.0,61.0,389.0
402,403,1.0,1.0,1.0,1.0,2.0,1.0500087000000349,15.5,22.0,0.38,size,color,orientation,0.3,2.0,4,female,0,2711.5623514999997,0,19,0.0,1.0,3.0,0.0,2.0,0.0,0.0,62.0,390.0
403,404,1.0,1.0,1.0,1.0,2.0,0.5830725999994684,6.5,4.0,0.38,size,color,orientation,0.3,2.0,4,female,0,2711.5623514999997,0,19,0.0,1.0,3.0,0.0,2.0,0.0,0.0,63.0,391.0
404,405,1.0,1.0,1.0,1.0,2.0,0.6835296000008384,-34.0,18.0,0.3,size,color,orientation,0.3,2.0,4,female,0,2711.5623514999997,0,19,0.0,1.0,3.0,0.0,2.0,0.0,0.0,64.0,392.0
405,406,2.0,2.0,2.0,1.0,4.0,4.749964499999805,-43.0,5.0,0.4600000000000001,size,color,orientation,0.3,2.0,4,female,0,2711.5623514999997,1,19,0.0,0.0,3.0,0.0,0.0,0.0,1.0,0.0,393.0
406,407,2.0,3.0,2.0,0.0,4.0,1.3334046999998463,33.5,3.0,0.3400000000000001,size,color,orientation,0.3,2.0,4,female,0,2711.5623514999997,0,19,0.0,1.0,3.0,0.0,1.0,0.0,2.0,0.0,394.0
407,408,2.0,2.0,2.0,1.0,4.0,1.265754900000502,-88.0,11.0,0.3,size,color,orientation,0.3,2.0,4,female,0,2711.5623514999997,1,19,0.0,0.0,3.0,0.0,-1.0,0.0,3.0,0.0,395.0
408,409,2.0,3.0,3.0,1.0,4.0,1.1333949999998367,65.0,19.0,0.42,size,color,orientation,0.3,2.0,4,female,0,2711.5623514999997,0,19,0.0,0.0,3.0,0.0,1.0,0.0,4.0,0.0,396.0
409,410,2.0,3.0,2.0,0.0,4.0,1.0675710000004983,29.0,5.0,0.3400000000000001,size,color,orientation,0.3,2.0,4,female,0,2711.5623514999997,0,19,0.0,1.0,3.0,0.0,0.0,0.0,5.0,0.0,397.0
410,411,2.0,3.0,2.0,0.0,4.0,1.3162462999998752,38.0,12.0,0.42,size,color,orientation,0.3,2.0,4,female,0,2711.5623514999997,1,19,0.0,1.0,3.0,0.0,-1.0,0.0,6.0,0.0,398.0
411,412,2.0,3.0,2.0,0.0,4.0,1.4656747999997606,69.5,8.0,0.42,size,color,orientation,0.3,2.0,4,female,0,2711.5623514999997,1,19,0.0,1.0,3.0,0.0,0.0,0.0,7.0,0.0,399.0
412,413,2.0,0.0,0.0,1.0,4.0,2.03422159999991,-56.5,12.0,0.18,size,color,orientation,0.3,2.0,4,female,0,2711.5623514999997,1,19,0.0,0.0,3.0,0.0,0.0,0.0,8.0,0.0,400.0
413,414,2.0,0.0,0.0,1.0,4.0,1.6659928999997646,-11.5,6.0,0.1,size,color,orientation,0.3,2.0,4,female,0,2711.5623514999997,0,19,0.0,0.0,3.0,0.0,1.0,0.0,9.0,0.0,401.0
414,415,2.0,1.0,1.0,1.0,4.0,3.1335252999997465,-7.0,24.0,0.26,size,color,orientation,0.3,2.0,4,female,0,2711.5623514999997,0,19,0.0,0.0,3.0,0.0,0.0,0.0,10.0,0.0,402.0
415,416,2.0,1.0,0.0,0.0,4.0,1.8322866999997132,-11.5,9.0,0.18,size,color,orientation,0.3,2.0,4,female,0,2711.5623514999997,0,19,0.0,1.0,3.0,0.0,0.0,0.0,11.0,0.0,403.0
416,417,2.0,1.0,0.0,0.0,4.0,8.133114100000057,78.5,12.0,0.14,size,color,orientation,0.3,2.0,4,female,0,2711.5623514999997,1,19,0.0,1.0,3.0,0.0,-1.0,0.0,12.0,0.0,404.0
417,418,2.0,2.0,3.0,0.0,4.0,1.73284539999986,-43.0,20.0,0.3,size,color,orientation,0.3,2.0,4,female,0,2711.5623514999997,1,19,0.0,1.0,3.0,0.0,0.0,0.0,13.0,0.0,405.0
418,419,2.0,2.0,2.0,1.0,4.0,2.199676000000182,-7.0,5.0,0.42,size,color,orientation,0.3,2.0,4,female,0,2711.5623514999997,1,19,0.0,0.0,3.0,0.0,0.0,0.0,14.0,0.0,406.0
419,420,2.0,2.0,3.0,0.0,4.0,0.6838901999999507,-61.0,20.0,0.3,size,color,orientation,0.3,2.0,4,female,0,2711.5623514999997,0,19,0.0,1.0,3.0,0.0,1.0,0.0,15.0,0.0,407.0
420,421,2.0,1.0,0.0,0.0,4.0,1.2660601999996288,51.5,11.0,0.14,size,color,orientation,0.3,2.0,4,female,0,2711.5623514999997,1,19,0.0,1.0,3.0,0.0,-1.0,0.0,16.0,0.0,408.0
421,422,2.0,2.0,1.0,0.0,4.0,1.0677509000006469,20.0,18.0,0.18,size,color,orientation,0.3,2.0,4,female,0,2711.5623514999997,1,19,0.0,2.0,3.0,0.0,0.0,0.0,17.0,0.0,409.0
422,423,2.0,3.0,1.0,0.0,4.0,4.3663579000003665,11.0,17.0,0.26,size,color,orientation,0.3,2.0,4,female,0,2711.5623514999997,1,19,0.0,1.0,3.0,0.0,-1.0,0.0,18.0,0.0,410.0
423,424,2.0,1.0,0.0,0.0,4.0,0.8163573000001634,-2.5,3.0,0.22,size,color,orientation,0.3,2.0,4,female,0,2711.5623514999997,1,19,0.0,1.0,3.0,0.0,1.0,0.0,19.0,0.0,411.0
424,425,2.0,2.0,3.0,0.0,4.0,0.9003052999996726,47.0,21.0,0.4600000000000001,size,color,orientation,0.3,2.0,4,female,0,2711.5623514999997,1,19,0.0,1.0,3.0,0.0,0.0,0.0,20.0,0.0,412.0
425,426,2.0,1.0,0.0,0.0,4.0,1.6153573000001415,-43.0,0.0,0.22,size,color,orientation,0.3,2.0,4,female,0,2711.5623514999997,1,19,0.0,1.0,3.0,0.0,0.0,0.0,21.0,0.0,413.0
426,427,2.0,3.0,3.0,1.0,4.0,1.1336741000004622,51.5,17.0,0.3400000000000001,size,color,orientation,0.3,2.0,4,female,0,2711.5623514999997,1,19,0.0,0.0,3.0,0.0,0.0,0.0,22.0,0.0,414.0
427,428,2.0,2.0,0.0,0.0,4.0,0.9329784999999902,78.5,11.0,0.18,size,color,orientation,0.3,2.0,4,female,0,2711.5623514999997,0,19,0.0,1.0,3.0,0.0,1.0,0.0,23.0,0.0,415.0
428,429,2.0,0.0,1.0,0.0,4.0,1.11601040000005,20.0,24.0,0.1,size,color,orientation,0.3,2.0,4,female,0,2711.5623514999997,1,19,0.0,1.0,3.0,0.0,-1.0,0.0,24.0,0.0,416.0
429,430,2.0,2.0,2.0,1.0,4.0,0.8510135000005903,-11.5,8.0,0.3,size,color,orientation,0.3,2.0,4,female,0,2711.5623514999997,1,19,0.0,0.0,3.0,0.0,0.0,0.0,25.0,0.0,417.0
430,431,2.0,1.0,3.0,0.0,4.0,1.284023100000013,-56.5,19.0,0.42,size,color,orientation,0.3,2.0,4,female,0,2711.5623514999997,0,19,0.0,1.0,3.0,0.0,1.0,0.0,26.0,0.0,418.0
431,432,2.0,3.0,0.0,0.0,4.0,1.1660130000000208,-11.5,5.0,0.14,size,color,orientation,0.3,2.0,4,female,0,2711.5623514999997,1,19,0.0,2.0,3.0,0.0,-1.0,0.0,27.0,0.0,419.0
432,433,2.0,2.0,0.0,0.0,4.0,0.8827654999995502,11.0,3.0,0.18,size,color,orientation,0.3,2.0,4,female,0,2711.5623514999997,1,19,0.0,1.0,3.0,0.0,-1.0,0.0,28.0,0.0,420.0
433,434,2.0,1.0,1.0,1.0,4.0,1.266652299999805,-47.5,18.0,0.22,size,color,orientation,0.3,2.0,4,female,0,2711.5623514999997,1,19,0.0,0.0,3.0,0.0,1.0,0.0,29.0,0.0,421.0
434,435,2.0,0.0,1.0,0.0,4.0,1.7830573000001095,-74.5,19.0,0.18,size,color,orientation,0.3,2.0,4,female,0,2711.5623514999997,0,19,0.0,1.0,3.0,0.0,1.0,0.0,30.0,0.0,422.0
435,436,2.0,2.0,2.0,1.0,4.0,0.7167939999999362,-11.5,11.0,0.42,size,color,orientation,0.3,2.0,4,female,0,2711.5623514999997,1,19,0.0,0.0,3.0,0.0,-1.0,0.0,31.0,0.0,423.0
436,437,2.0,3.0,2.0,0.0,4.0,1.0839433000001009,24.5,2.0,0.42,size,color,orientation,0.3,2.0,4,female,0,2711.5623514999997,0,19,0.0,1.0,3.0,0.0,1.0,0.0,32.0,0.0,424.0
437,438,2.0,2.0,2.0,1.0,4.0,0.5662831000008737,74.0,12.0,0.42,size,color,orientation,0.3,2.0,4,female,0,2711.5623514999997,1,19,0.0,0.0,3.0,0.0,-1.0,0.0,33.0,0.0,425.0
438,439,2.0,3.0,1.0,0.0,4.0,1.3667889000007565,42.5,14.0,0.26,size,color,orientation,0.3,2.0,4,female,0,2711.5623514999997,0,19,0.0,1.0,3.0,0.0,1.0,0.0,34.0,0.0,426.0
439,440,2.0,1.0,0.0,0.0,4.0,1.3833593999997902,78.5,2.0,0.14,size,color,orientation,0.3,2.0,4,female,0,2711.5623514999997,1,19,0.0,1.0,3.0,0.0,-1.0,0.0,35.0,0.0,427.0
440,441,2.0,0.0,1.0,0.0,4.0,1.4155860000000755,-79.0,17.0,0.1,size,color,orientation,0.3,2.0,4,female,0,2711.5623514999997,1,19,0.0,1.0,3.0,0.0,0.0,0.0,36.0,0.0,428.0
441,442,2.0,2.0,3.0,0.0,4.0,0.6494701000001442,78.5,23.0,0.4600000000000001,size,color,orientation,0.3,2.0,4,female,0,2711.5623514999997,1,19,0.0,1.0,3.0,0.0,0.0,0.0,37.0,0.0,429.0
442,443,2.0,1.0,0.0,0.0,4.0,1.4159604000005857,74.0,7.0,0.14,size,color,orientation,0.3,2.0,4,female,0,2711.5623514999997,1,19,0.0,1.0,3.0,0.0,0.0,0.0,38.0,0.0,430.0
443,444,2.0,1.0,2.0,0.0,4.0,1.3491267999997945,15.5,5.0,0.38,size,color,orientation,0.3,2.0,4,female,0,2711.5623514999997,1,19,0.0,2.0,3.0,0.0,0.0,0.0,39.0,0.0,431.0
444,445,2.0,2.0,0.0,0.0,4.0,0.8832081999998991,42.5,0.0,0.26,size,color,orientation,0.3,2.0,4,female,0,2711.5623514999997,1,19,0.0,1.0,3.0,0.0,-1.0,0.0,40.0,0.0,432.0
445,446,2.0,2.0,1.0,0.0,4.0,3.1334542999993573,56.0,14.0,0.18,size,color,orientation,0.3,2.0,4,female,0,2711.5623514999997,1,19,0.0,2.0,3.0,0.0,1.0,0.0,41.0,0.0,433.0
446,447,2.0,1.0,0.0,0.0,4.0,1.7491988000001584,42.5,4.0,0.1,size,color,orientation,0.3,2.0,4,female,0,2711.5623514999997,1,19,0.0,1.0,3.0,0.0,-1.0,0.0,42.0,0.0,434.0
447,448,2.0,0.0,1.0,0.0,4.0,1.2994238999999652,-38.5,19.0,0.1,size,color,orientation,0.3,2.0,4,female,0,2711.5623514999997,1,19,0.0,1.0,3.0,0.0,1.0,0.0,43.0,0.0,435.0
448,449,2.0,3.0,0.0,0.0,4.0,1.2985541999996713,51.5,1.0,0.26,size,color,orientation,0.3,2.0,4,female,0,2711.5623514999997,1,19,0.0,2.0,3.0,0.0,0.0,0.0,44.0,0.0,436.0
449,450,2.0,2.0,2.0,1.0,4.0,1.0163558000003832,6.5,5.0,0.38,size,color,orientation,0.3,2.0,4,female,0,2711.5623514999997,1,19,0.0,0.0,3.0,0.0,-1.0,0.0,45.0,0.0,437.0
450,451,2.0,1.0,1.0,1.0,4.0,1.0999728999995568,-43.0,17.0,0.1,size,color,orientation,0.3,2.0,4,female,0,2711.5623514999997,0,19,0.0,0.0,3.0,0.0,2.0,0.0,46.0,0.0,438.0
451,452,2.0,3.0,1.0,0.0,4.0,1.6007916999997178,42.5,19.0,0.26,size,color,orientation,0.3,2.0,4,female,0,2711.5623514999997,0,19,0.0,1.0,3.0,0.0,0.0,0.0,47.0,0.0,439.0
452,453,2.0,1.0,1.0,1.0,4.0,0.9494587999997748,-47.5,15.0,0.1,size,color,orientation,0.3,2.0,4,female,0,2711.5623514999997,1,19,0.0,0.0,3.0,0.0,-1.0,0.0,48.0,0.0,440.0
453,454,2.0,3.0,2.0,0.0,4.0,1.950605799999721,-43.0,7.0,0.38,size,color,orientation,0.3,2.0,4,female,0,2711.5623514999997,0,19,0.0,1.0,3.0,0.0,1.0,0.0,49.0,0.0,441.0
454,455,2.0,1.0,1.0,1.0,4.0,1.2488645999992514,-52.0,20.0,0.18,size,color,orientation,0.3,2.0,4,female,0,2711.5623514999997,1,19,0.0,0.0,3.0,0.0,-1.0,0.0,50.0,0.0,442.0
455,456,2.0,2.0,2.0,1.0,4.0,1.301063900000372,-43.0,5.0,0.4600000000000001,size,color,orientation,0.3,2.0,4,female,0,2711.5623514999997,0,19,0.0,0.0,3.0,0.0,1.0,0.0,51.0,0.0,443.0
456,457,2.0,2.0,3.0,0.0,4.0,1.3170743000000584,83.0,16.0,0.4600000000000001,size,color,orientation,0.3,2.0,4,female,0,2711.5623514999997,0,19,0.0,1.0,3.0,0.0,0.0,0.0,52.0,0.0,444.0
457,458,2.0,3.0,1.0,0.0,4.0,7.916175899999871,33.5,15.0,0.26,size,color,orientation,0.3,2.0,4,female,0,2711.5623514999997,1,19,0.0,1.0,3.0,0.0,-1.0,0.0,53.0,0.0,445.0
458,459,2.0,3.0,3.0,1.0,4.0,1.1176566000003731,69.5,16.0,0.42,size,color,orientation,0.3,2.0,4,female,0,2711.5623514999997,1,19,0.0,0.0,3.0,0.0,0.0,0.0,54.0,0.0,446.0
459,460,2.0,0.0,0.0,1.0,4.0,1.216850899999372,-43.0,3.0,0.14,size,color,orientation,0.3,2.0,4,female,0,2711.5623514999997,0,19,0.0,0.0,3.0,0.0,1.0,0.0,55.0,0.0,447.0
460,461,2.0,1.0,2.0,0.0,4.0,0.7499306999998225,56.0,2.0,0.3400000000000001,size,color,orientation,0.3,2.0,4,female,0,2711.5623514999997,0,19,0.0,2.0,3.0,0.0,0.0,0.0,56.0,0.0,448.0
461,462,2.0,2.0,3.0,0.0,4.0,0.6330791000000318,-20.5,23.0,0.3400000000000001,size,color,orientation,0.3,2.0,4,female,0,2711.5623514999997,1,19,0.0,1.0,3.0,0.0,-2.0,0.0,57.0,0.0,449.0
462,463,2.0,0.0,0.0,1.0,4.0,1.766139000000294,6.5,3.0,0.1,size,color,orientation,0.3,2.0,4,female,0,2711.5623514999997,1,19,0.0,0.0,3.0,0.0,1.0,0.0,58.0,0.0,450.0
463,464,2.0,1.0,0.0,0.0,4.0,1.3010012999993703,-47.5,2.0,0.26,size,color,orientation,0.3,2.0,4,female,0,2711.5623514999997,0,19,0.0,1.0,3.0,0.0,1.0,0.0,59.0,0.0,451.0
464,465,2.0,3.0,3.0,1.0,4.0,1.3324510000002192,2.0,17.0,0.4600000000000001,size,color,orientation,0.3,2.0,4,female,0,2711.5623514999997,1,19,0.0,0.0,3.0,0.0,-1.0,0.0,60.0,0.0,452.0
465,466,2.0,2.0,1.0,0.0,4.0,1.1002435999998852,51.5,17.0,0.14,size,color,orientation,0.3,2.0,4,female,0,2711.5623514999997,0,19,0.0,2.0,3.0,0.0,1.0,0.0,61.0,0.0,453.0
466,467,2.0,1.0,2.0,0.0,4.0,1.1664110000001529,-83.5,0.0,0.38,size,color,orientation,0.3,2.0,4,female,0,2711.5623514999997,1,19,0.0,2.0,3.0,0.0,-2.0,0.0,62.0,0.0,454.0
467,468,2.0,2.0,3.0,0.0,4.0,0.8168576999996731,60.5,23.0,0.38,size,color,orientation,0.3,2.0,4,female,0,2711.5623514999997,1,19,0.0,1.0,3.0,0.0,0.0,0.0,63.0,0.0,455.0
468,469,2.0,3.0,3.0,1.0,4.0,1.116810099999384,-16.0,19.0,0.38,size,color,orientation,0.3,2.0,4,female,0,2711.5623514999997,1,19,0.0,0.0,3.0,0.0,1.0,0.0,64.0,0.0,456.0
469,470,2.0,3.0,2.0,0.0,4.0,1.43397830000049,-7.0,1.0,0.42,size,color,orientation,0.3,2.0,4,female,0,2711.5623514999997,0,19,0.0,1.0,3.0,0.0,1.0,0.0,65.0,0.0,457.0
470,471,2.0,2.0,2.0,1.0,4.0,0.800251699999535,-61.0,1.0,0.3400000000000001,size,color,orientation,0.3,2.0,4,female,0,2711.5623514999997,1,19,0.0,0.0,3.0,0.0,-1.0,0.0,66.0,0.0,458.0
471,472,2.0,2.0,0.0,0.0,4.0,0.9345564000004742,20.0,7.0,0.1,size,color,orientation,0.3,2.0,4,female,0,2711.5623514999997,0,19,0.0,1.0,3.0,0.0,1.0,0.0,67.0,0.0,459.0
472,473,2.0,3.0,0.0,0.0,4.0,1.2318736999995965,11.0,5.0,0.26,size,color,orientation,0.3,2.0,4,female,0,2711.5623514999997,1,19,0.0,2.0,3.0,0.0,-1.0,0.0,68.0,0.0,460.0
473,474,2.0,2.0,0.0,0.0,4.0,0.8520235000005414,24.5,3.0,0.14,size,color,orientation,0.3,2.0,4,female,0,2711.5623514999997,1,19,0.0,1.0,3.0,0.0,-1.0,0.0,69.0,0.0,461.0
474,475,2.0,3.0,1.0,0.0,4.0,11.632897699999376,24.5,18.0,0.26,size,color,orientation,0.3,2.0,4,female,0,2711.5623514999997,1,19,0.0,1.0,3.0,0.0,1.0,0.0,70.0,0.0,462.0
475,476,2.0,0.0,1.0,0.0,4.0,6.85000730000047,29.0,20.0,0.14,size,color,orientation,0.3,2.0,4,female,0,2711.5623514999997,1,19,0.0,1.0,3.0,0.0,0.0,0.0,71.0,0.0,463.0
476,477,2.0,2.0,0.0,0.0,4.0,1.2003921999994418,-38.5,4.0,0.22,size,color,orientation,0.3,2.0,4,female,0,2711.5623514999997,1,19,0.0,1.0,3.0,0.0,0.0,0.0,72.0,0.0,464.0
477,478,1.0,1.0,0.0,0.0,2.0,0.9076633000004222,24.5,11.0,0.22,size,color,orientation,0.3,2.0,4,female,0,2711.5623514999997,1,19,1.0,1.0,3.0,0.0,0.0,0.0,0.0,1.0,465.0
478,479,1.0,0.0,0.0,1.0,2.0,1.9907775000001493,-52.0,16.0,0.18,size,color,orientation,0.3,2.0,4,female,0,2711.5623514999997,1,19,0.0,1.0,3.0,-1.0,0.0,0.0,0.0,2.0,466.0
479,480,1.0,1.0,1.0,1.0,2.0,0.9163724000000002,-56.5,2.0,0.42,size,color,orientation,0.3,2.0,4,female,0,2711.5623514999997,0,19,0.0,1.0,3.0,1.0,0.0,0.0,0.0,3.0,467.0
480,481,1.0,1.0,1.0,1.0,2.0,0.6833321000003707,60.5,2.0,0.3400000000000001,size,color,orientation,0.3,2.0,4,female,0,2711.5623514999997,0,19,0.0,1.0,3.0,0.0,0.0,0.0,0.0,4.0,468.0
481,482,1.0,1.0,1.0,1.0,2.0,0.5676906000007875,-74.5,19.0,0.4600000000000001,size,color,orientation,0.3,2.0,4,female,0,2711.5623514999997,0,19,0.0,1.0,3.0,0.0,0.0,0.0,0.0,5.0,469.0
482,483,1.0,1.0,1.0,1.0,2.0,0.6490997000000789,-70.0,5.0,0.3,size,color,orientation,0.3,2.0,4,female,0,2711.5623514999997,0,19,0.0,1.0,3.0,0.0,0.0,0.0,0.0,6.0,470.0
483,484,1.0,1.0,1.0,1.0,2.0,1.166855600000417,-29.5,11.0,0.42,size,color,orientation,0.3,2.0,4,female,0,2711.5623514999997,0,19,0.0,1.0,3.0,0.0,0.0,0.0,0.0,7.0,471.0
484,485,1.0,1.0,1.0,1.0,2.0,0.6337045000000217,-34.0,9.0,0.3,size,color,orientation,0.3,2.0,4,female,0,2711.5623514999997,0,19,0.0,1.0,3.0,0.0,0.0,0.0,0.0,8.0,472.0
485,486,1.0,1.0,1.0,1.0,2.0,0.6165055000001303,78.5,1.0,0.38,size,color,orientation,0.3,2.0,4,female,0,2711.5623514999997,0,19,0.0,1.0,3.0,0.0,0.0,0.0,0.0,9.0,473.0
486,487,1.0,0.0,0.0,1.0,2.0,1.334598499999629,42.5,3.0,0.14,size,color,orientation,0.3,2.0,4,female,0,2711.5623514999997,0,19,0.0,1.0,3.0,0.0,0.0,0.0,0.0,10.0,474.0
487,488,1.0,1.0,1.0,1.0,2.0,0.783332199999677,65.0,22.0,0.42,size,color,orientation,0.3,2.0,4,female,0,2711.5623514999997,0,19,0.0,1.0,3.0,0.0,0.0,0.0,0.0,11.0,475.0
488,489,1.0,1.0,1.0,1.0,2.0,0.760756599999695,47.0,4.0,0.42,size,color,orientation,0.3,2.0,4,female,0,2711.5623514999997,1,19,0.0,1.0,3.0,0.0,0.0,0.0,0.0,12.0,476.0
489,490,1.0,0.0,0.0,1.0,2.0,1.3336515000000873,-88.0,9.0,0.18,size,color,orientation,0.3,2.0,4,female,0,2711.5623514999997,0,19,0.0,1.0,3.0,0.0,0.0,0.0,0.0,13.0,477.0
490,491,1.0,1.0,0.0,0.0,2.0,0.8501254000002518,-7.0,12.0,0.26,size,color,orientation,0.3,2.0,4,female,0,2711.5623514999997,0,19,1.0,1.0,3.0,0.0,0.0,0.0,0.0,14.0,478.0
491,492,1.0,1.0,0.0,0.0,2.0,0.9102850999997828,24.5,4.0,0.26,size,color,orientation,0.3,2.0,4,female,0,2711.5623514999997,1,19,1.0,1.0,3.0,-1.0,0.0,0.0,0.0,15.0,479.0
492,493,1.0,0.0,0.0,1.0,2.0,1.625632800000858,38.0,12.0,0.18,size,color,orientation,0.3,2.0,4,female,0,2711.5623514999997,1,19,0.0,1.0,3.0,0.0,0.0,0.0,0.0,16.0,480.0
493,494,1.0,0.0,0.0,1.0,2.0,0.9009407000003192,83.0,14.0,0.1,size,color,orientation,0.3,2.0,4,female,0,2711.5623514999997,0,19,0.0,1.0,3.0,1.0,0.0,0.0,0.0,17.0,481.0
494,495,1.0,0.0,0.0,1.0,2.0,0.6837961000001087,-7.0,11.0,0.14,size,color,orientation,0.3,2.0,4,female,0,2711.5623514999997,0,19,0.0,1.0,3.0,0.0,0.0,0.0,0.0,18.0,482.0
495,496,1.0,1.0,1.0,1.0,2.0,1.0503506000004563,-83.5,0.0,0.3400000000000001,size,color,orientation,0.3,2.0,4,female,0,2711.5623514999997,0,19,0.0,1.0,3.0,0.0,0.0,0.0,0.0,19.0,483.0
496,497,1.0,1.0,1.0,1.0,2.0,0.8500200999997105,11.0,1.0,0.3,size,color,orientation,0.3,2.0,4,female,0,2711.5623514999997,0,19,0.0,1.0,3.0,0.0,0.0,0.0,0.0,20.0,484.0
497,498,1.0,0.0,0.0,1.0,2.0,1.6673207999992885,69.5,2.0,0.22,size,color,orientation,0.3,2.0,4,female,0,2711.5623514999997,0,19,0.0,1.0,3.0,0.0,0.0,0.0,0.0,21.0,485.0
498,499,1.0,1.0,1.0,1.0,2.0,1.1669185000000653,29.0,18.0,0.3,size,color,orientation,0.3,2.0,4,female,0,2711.5623514999997,0,19,0.0,1.0,3.0,0.0,0.0,0.0,0.0,22.0,486.0
499,500,1.0,1.0,1.0,1.0,2.0,0.7494847000007212,24.5,5.0,0.4600000000000001,size,color,orientation,0.3,2.0,4,female,0,2711.5623514999997,0,19,0.0,1.0,3.0,0.0,0.0,0.0,0.0,23.0,487.0
500,501,1.0,1.0,1.0,1.0,2.0,0.6503497000003335,-20.5,19.0,0.42,size,color,orientation,0.3,2.0,4,female,0,2711.5623514999997,0,19,0.0,1.0,3.0,0.0,0.0,0.0,0.0,24.0,488.0
501,502,1.0,0.0,0.0,1.0,2.0,1.1328081999999997,11.0,16.0,0.14,size,color,orientation,0.3,2.0,4,female,0,2711.5623514999997,0,19,0.0,1.0,3.0,0.0,0.0,0.0,0.0,25.0,489.0
502,503,1.0,1.0,1.0,1.0,2.0,0.8593380000002071,42.5,9.0,0.38,size,color,orientation,0.3,2.0,4,female,0,2711.5623514999997,1,19,0.0,1.0,3.0,0.0,0.0,0.0,0.0,26.0,490.0
503,504,1.0,1.0,1.0,1.0,2.0,0.5824454000003243,-88.0,10.0,0.4600000000000001,size,color,orientation,0.3,2.0,4,female,0,2711.5623514999997,0,19,0.0,1.0,3.0,0.0,0.0,0.0,0.0,27.0,491.0
504,505,1.0,1.0,1.0,1.0,2.0,0.5501650999995036,11.0,24.0,0.3400000000000001,size,color,orientation,0.3,2.0,4,female,0,2711.5623514999997,0,19,0.0,1.0,3.0,0.0,0.0,0.0,0.0,28.0,492.0
505,506,1.0,0.0,0.0,1.0,2.0,1.117659300000014,33.5,21.0,0.1,size,color,orientation,0.3,2.0,4,female,0,2711.5623514999997,0,19,0.0,1.0,3.0,0.0,0.0,0.0,0.0,29.0,493.0
506,507,1.0,0.0,0.0,1.0,2.0,1.9330960999996023,-83.5,5.0,0.1,size,color,orientation,0.3,2.0,4,female,0,2711.5623514999997,0,19,0.0,1.0,3.0,0.0,0.0,0.0,0.0,30.0,494.0
507,508,1.0,1.0,1.0,1.0,2.0,1.1001798999996026,-70.0,1.0,0.3400000000000001,size,color,orientation,0.3,2.0,4,female,0,2711.5623514999997,0,19,0.0,1.0,3.0,0.0,0.0,0.0,0.0,31.0,495.0
508,509,1.0,1.0,1.0,1.0,2.0,0.8162336000004871,38.0,12.0,0.3400000000000001,size,color,orientation,0.3,2.0,4,female,0,2711.5623514999997,0,19,0.0,1.0,3.0,0.0,0.0,0.0,0.0,32.0,496.0
509,510,1.0,0.0,0.0,1.0,2.0,1.1668624999992971,-11.5,3.0,0.18,size,color,orientation,0.3,2.0,4,female,0,2711.5623514999997,0,19,0.0,1.0,3.0,0.0,0.0,0.0,0.0,33.0,497.0
510,511,1.0,0.0,0.0,1.0,2.0,0.9680701000006592,24.5,22.0,0.14,size,color,orientation,0.3,2.0,4,female,0,2711.5623514999997,0,19,0.0,1.0,3.0,0.0,0.0,0.0,0.0,34.0,498.0
511,512,1.0,0.0,0.0,1.0,2.0,0.8493942999994033,-43.0,20.0,0.1,size,color,orientation,0.3,2.0,4,female,0,2711.5623514999997,0,19,0.0,1.0,3.0,0.0,0.0,0.0,0.0,35.0,499.0
512,513,1.0,1.0,1.0,1.0,2.0,1.2924852000005558,-29.5,11.0,0.4600000000000001,size,color,orientation,0.3,2.0,4,female,0,2711.5623514999997,1,19,0.0,1.0,3.0,0.0,0.0,0.0,0.0,36.0,500.0
513,514,1.0,0.0,0.0,1.0,2.0,1.200471500000276,56.0,15.0,0.22,size,color,orientation,0.3,2.0,4,female,0,2711.5623514999997,0,19,0.0,1.0,3.0,0.0,0.0,0.0,0.0,37.0,501.0
514,515,1.0,1.0,1.0,1.0,2.0,1.1341032999998788,6.5,17.0,0.3400000000000001,size,color,orientation,0.3,2.0,4,female,0,2711.5623514999997,0,19,0.0,1.0,3.0,0.0,0.0,0.0,0.0,38.0,502.0
515,516,1.0,1.0,1.0,1.0,2.0,0.8163886000002094,69.5,8.0,0.42,size,color,orientation,0.3,2.0,4,female,0,2711.5623514999997,0,19,0.0,1.0,3.0,0.0,0.0,0.0,0.0,39.0,503.0
516,517,1.0,0.0,0.0,1.0,2.0,1.534054599999763,-83.5,24.0,0.26,size,color,orientation,0.3,2.0,4,female,0,2711.5623514999997,0,19,0.0,1.0,3.0,0.0,0.0,0.0,0.0,40.0,504.0
517,518,1.0,0.0,0.0,1.0,2.0,1.0327643000000537,-7.0,6.0,0.14,size,color,orientation,0.3,2.0,4,female,0,2711.5623514999997,0,19,0.0,1.0,3.0,0.0,0.0,0.0,0.0,41.0,505.0
518,519,1.0,0.0,0.0,1.0,2.0,0.6670749000004434,-20.5,12.0,0.14,size,color,orientation,0.3,2.0,4,female,0,2711.5623514999997,0,19,0.0,1.0,3.0,0.0,0.0,0.0,0.0,42.0,506.0
519,520,1.0,0.0,0.0,1.0,2.0,0.8171349000003829,42.5,1.0,0.14,size,color,orientation,0.3,2.0,4,female,0,2711.5623514999997,0,19,0.0,1.0,3.0,0.0,0.0,0.0,0.0,43.0,507.0
520,521,1.0,0.0,0.0,1.0,2.0,0.7183711000006952,-34.0,1.0,0.18,size,color,orientation,0.3,2.0,4,female,0,2711.5623514999997,0,19,0.0,1.0,3.0,0.0,0.0,0.0,0.0,44.0,508.0
521,522,1.0,1.0,1.0,1.0,2.0,1.016535799999474,65.0,16.0,0.3,size,color,orientation,0.3,2.0,4,female,0,2711.5623514999997,0,19,0.0,1.0,3.0,0.0,0.0,0.0,0.0,45.0,509.0
522,523,1.0,0.0,0.0,1.0,2.0,2.391519800000424,20.0,0.0,0.18,size,color,orientation,0.3,2.0,4,female,0,2711.5623514999997,1,19,0.0,1.0,3.0,0.0,0.0,0.0,0.0,46.0,510.0
523,524,1.0,1.0,0.0,0.0,2.0,1.5833692999995037,-56.5,22.0,0.26,size,color,orientation,0.3,2.0,4,female,0,2711.5623514999997,0,19,1.0,1.0,3.0,0.0,0.0,0.0,0.0,47.0,511.0
524,525,1.0,1.0,1.0,1.0,2.0,1.1421342000003278,-29.5,14.0,0.3400000000000001,size,color,orientation,0.3,2.0,4,female,0,2711.5623514999997,1,19,0.0,1.0,3.0,-1.0,0.0,0.0,0.0,48.0,512.0
525,526,1.0,1.0,1.0,1.0,2.0,0.7338197000008222,-25.0,9.0,0.3400000000000001,size,color,orientation,0.3,2.0,4,female,0,2711.5623514999997,0,19,0.0,1.0,3.0,1.0,0.0,0.0,0.0,49.0,513.0
526,527,1.0,1.0,1.0,1.0,2.0,0.5337291999994704,-65.5,7.0,0.42,size,color,orientation,0.3,2.0,4,female,0,2711.5623514999997,0,19,0.0,1.0,3.0,0.0,0.0,0.0,0.0,50.0,514.0
527,528,1.0,1.0,1.0,1.0,2.0,0.5505565999992541,83.0,19.0,0.38,size,color,orientation,0.3,2.0,4,female,0,2711.5623514999997,0,19,0.0,1.0,3.0,0.0,0.0,0.0,0.0,51.0,515.0
528,529,1.0,1.0,0.0,0.0,2.0,0.7500405000000683,2.0,1.0,0.22,size,color,orientation,0.3,2.0,4,female,0,2711.5623514999997,0,19,1.0,1.0,3.0,0.0,0.0,0.0,0.0,52.0,516.0
529,530,1.0,1.0,1.0,1.0,2.0,0.9423340999992432,-47.5,22.0,0.42,size,color,orientation,0.3,2.0,4,female,0,2711.5623514999997,1,19,0.0,1.0,3.0,-1.0,0.0,0.0,0.0,53.0,517.0
530,531,1.0,1.0,1.0,1.0,2.0,0.6166887999997925,6.5,4.0,0.3400000000000001,size,color,orientation,0.3,2.0,4,female,0,2711.5623514999997,0,19,0.0,1.0,3.0,1.0,0.0,0.0,0.0,54.0,518.0
531,532,1.0,0.0,0.0,1.0,2.0,0.8676399999994828,83.0,9.0,0.14,size,color,orientation,0.3,2.0,4,female,0,2711.5623514999997,0,19,0.0,1.0,3.0,0.0,0.0,0.0,0.0,55.0,519.0
532,533,1.0,1.0,1.0,1.0,2.0,1.58388130000003,60.5,14.0,0.42,size,color,orientation,0.3,2.0,4,female,0,2711.5623514999997,0,19,0.0,1.0,3.0,0.0,0.0,0.0,0.0,56.0,520.0
533,534,1.0,1.0,1.0,1.0,2.0,0.8354404000001523,6.5,4.0,0.3400000000000001,size,color,orientation,0.3,2.0,4,female,0,2711.5623514999997,0,19,0.0,1.0,3.0,0.0,0.0,0.0,0.0,57.0,521.0
534,535,1.0,1.0,1.0,1.0,2.0,1.083809900000233,15.5,0.0,0.3,size,color,orientation,0.3,2.0,4,female,0,2711.5623514999997,0,19,0.0,1.0,3.0,0.0,0.0,0.0,0.0,58.0,522.0
535,536,1.0,0.0,0.0,1.0,2.0,1.3506996999994954,29.0,3.0,0.18,size,color,orientation,0.3,2.0,4,female,0,2711.5623514999997,0,19,0.0,1.0,3.0,0.0,0.0,0.0,0.0,59.0,523.0
536,537,1.0,0.0,0.0,1.0,2.0,1.4996287000003576,6.5,16.0,0.18,size,color,orientation,0.3,2.0,4,female,0,2711.5623514999997,0,19,0.0,1.0,3.0,0.0,0.0,0.0,0.0,60.0,524.0
537,538,1.0,0.0,0.0,1.0,2.0,1.3003969000001234,-43.0,24.0,0.26,size,color,orientation,0.3,2.0,4,female,0,2711.5623514999997,0,19,0.0,1.0,3.0,0.0,0.0,0.0,0.0,61.0,525.0
538,539,1.0,0.0,0.0,1.0,2.0,0.5839128000006895,-11.5,17.0,0.22,size,color,orientation,0.3,2.0,4,female,0,2711.5623514999997,0,19,0.0,1.0,3.0,0.0,0.0,0.0,0.0,62.0,526.0
539,540,1.0,0.0,0.0,1.0,2.0,0.9772603999999774,-61.0,22.0,0.18,size,color,orientation,0.3,2.0,4,female,0,2711.5623514999997,1,19,0.0,1.0,3.0,0.0,0.0,0.0,0.0,63.0,527.0
540,541,1.0,1.0,1.0,1.0,2.0,1.0675475999996706,-34.0,10.0,0.3400000000000001,size,color,orientation,0.3,2.0,4,female,0,2711.5623514999997,0,19,0.0,1.0,3.0,0.0,0.0,0.0,0.0,64.0,528.0
541,542,1.0,1.0,1.0,1.0,2.0,0.7179434999998193,74.0,17.0,0.3400000000000001,size,color,orientation,0.3,2.0,4,female,0,2711.5623514999997,0,19,0.0,1.0,3.0,0.0,0.0,0.0,0.0,65.0,529.0
542,543,1.0,1.0,1.0,1.0,2.0,0.549781300000177,33.5,2.0,0.4600000000000001,size,color,orientation,0.3,2.0,4,female,0,2711.5623514999997,0,19,0.0,1.0,3.0,0.0,0.0,0.0,0.0,66.0,530.0
543,544,1.0,0.0,0.0,1.0,2.0,0.8176475999998729,74.0,13.0,0.1,size,color,orientation,0.3,2.0,4,female,0,2711.5623514999997,0,19,0.0,1.0,3.0,0.0,0.0,0.0,0.0,67.0,531.0
544,545,1.0,0.0,0.0,1.0,2.0,0.9014261999991504,78.5,21.0,0.14,size,color,orientation,0.3,2.0,4,female,0,2711.5623514999997,0,19,0.0,1.0,3.0,0.0,0.0,0.0,0.0,68.0,532.0
545,546,1.0,0.0,0.0,1.0,2.0,0.8508813000007649,74.0,16.0,0.22,size,color,orientation,0.3,2.0,4,female,0,2711.5623514999997,0,19,0.0,1.0,3.0,0.0,0.0,0.0,0.0,69.0,533.0
546,547,1.0,1.0,1.0,1.0,2.0,1.1662992999999915,24.5,24.0,0.38,size,color,orientation,0.3,2.0,4,female,0,2711.5623514999997,0,19,0.0,1.0,3.0,0.0,0.0,0.0,0.0,70.0,534.0
547,548,1.0,1.0,1.0,1.0,2.0,0.6676477000000887,-61.0,15.0,0.38,size,color,orientation,0.3,2.0,4,female,0,2711.5623514999997,0,19,0.0,1.0,3.0,0.0,0.0,0.0,0.0,71.0,535.0
548,549,1.0,1.0,1.0,1.0,2.0,0.7511059999997087,-56.5,3.0,0.4600000000000001,size,color,orientation,0.3,2.0,4,female,0,2711.5623514999997,0,19,0.0,1.0,3.0,0.0,0.0,0.0,0.0,72.0,536.0
549,550,1.0,0.0,0.0,1.0,2.0,1.7426758000001428,87.5,14.0,0.26,size,color,orientation,0.3,2.0,4,female,0,2711.5623514999997,1,19,0.0,1.0,3.0,0.0,0.0,0.0,0.0,73.0,537.0
550,551,1.0,0.0,0.0,1.0,2.0,0.7848013000002538,-16.0,20.0,0.18,size,color,orientation,0.3,2.0,4,female,0,2711.5623514999997,0,19,0.0,1.0,3.0,0.0,0.0,0.0,0.0,74.0,538.0
551,552,1.0,1.0,1.0,1.0,2.0,1.7837079999999332,24.5,17.0,0.3400000000000001,size,color,orientation,0.3,2.0,4,female,0,2711.5623514999997,0,19,0.0,1.0,3.0,0.0,0.0,0.0,0.0,75.0,539.0
552,553,1.0,1.0,1.0,1.0,2.0,1.2175446999999622,-65.5,20.0,0.4600000000000001,size,color,orientation,0.3,2.0,4,female,0,2711.5623514999997,0,19,0.0,1.0,3.0,0.0,0.0,0.0,0.0,76.0,540.0
553,554,1.0,0.0,0.0,1.0,2.0,1.266828699999678,78.5,22.0,0.26,size,color,orientation,0.3,2.0,4,female,0,2711.5623514999997,0,19,0.0,1.0,3.0,0.0,0.0,0.0,0.0,77.0,541.0
554,555,1.0,0.0,0.0,1.0,2.0,0.683666799999628,-16.0,24.0,0.14,size,color,orientation,0.3,2.0,4,female,0,2711.5623514999997,0,19,0.0,1.0,3.0,0.0,0.0,0.0,0.0,78.0,542.0
555,556,1.0,0.0,0.0,1.0,2.0,0.850245200000245,-88.0,5.0,0.22,size,color,orientation,0.3,2.0,4,female,0,2711.5623514999997,0,19,0.0,1.0,3.0,0.0,0.0,0.0,0.0,79.0,543.0
556,557,1.0,0.0,0.0,1.0,2.0,0.818088799999714,-74.5,2.0,0.22,size,color,orientation,0.3,2.0,4,female,0,2711.5623514999997,0,19,0.0,1.0,3.0,0.0,0.0,0.0,0.0,80.0,544.0
557,558,1.0,0.0,1.0,0.0,2.0,0.9332434999996622,78.5,8.0,0.3,size,color,orientation,0.3,2.0,4,female,0,2711.5623514999997,0,19,1.0,1.0,3.0,0.0,0.0,0.0,0.0,81.0,545.0
