,Trial_number,Chosen_castle,Chosen_location,Correct_location,Accuracy,Number_of_doors,RT,Current_orientation,Current_color,Current_size,First_feature,Second_feature,Third_feature,Participant_size,Participant_orientation,Participant_number,Participant_gender,Early_exit,Training_time,Meta_trial,Participant_age,PE_1,PE_2,PE_3,LP_1,LP_2,LP_3,Nov_1,Nov_2,Nov_3
0,1,3.0,4.0,6.0,0.0,8.0,4.311487699999816,87.5,16.0,0.14,orientation,color,size,0.38,-2.5,12,female,0,2704.3748031,1,27,0.0,0.0,0.0,0.0,0.0,0.0,99.0,99.0,0.0
1,2,2.0,1.0,1.0,1.0,4.0,3.4176846000000296,-11.5,24.0,0.1,orientation,color,size,0.38,-2.5,12,female,0,2704.3748031,1,27,0.0,0.0,0.0,0.0,0.0,0.0,100.0,0.0,1.0
2,3,2.0,0.0,1.0,0.0,4.0,6.551198500000055,-7.0,18.0,0.26,orientation,color,size,0.38,-2.5,12,female,0,2704.3748031,0,27,0.0,1.0,0.0,0.0,0.0,0.0,101.0,0.0,2.0
3,4,1.0,1.0,1.0,1.0,2.0,2.333239800000001,20.0,23.0,0.1,orientation,color,size,0.38,-2.5,12,female,0,2704.3748031,1,27,0.0,1.0,0.0,0.0,0.0,0.0,0.0,1.0,3.0
4,5,1.0,1.0,1.0,1.0,2.0,1.4662095000001043,38.0,12.0,0.14,orientation,color,size,0.38,-2.5,12,female,0,2704.3748031,0,27,0.0,1.0,0.0,0.0,0.0,0.0,0.0,2.0,4.0
5,6,1.0,0.0,1.0,0.0,2.0,2.2830271000000266,-2.5,2.0,0.1,orientation,color,size,0.38,-2.5,12,female,0,2704.3748031,0,27,1.0,1.0,0.0,0.0,0.0,0.0,0.0,3.0,5.0
6,7,1.0,0.0,0.0,1.0,2.0,4.40356769999994,-43.0,10.0,0.26,orientation,color,size,0.38,-2.5,12,female,0,2704.3748031,1,27,0.0,1.0,0.0,-1.0,0.0,0.0,0.0,4.0,6.0
7,8,1.0,0.0,0.0,1.0,2.0,2.3009547999999995,-88.0,16.0,0.3,orientation,color,size,0.38,-2.5,12,female,0,2704.3748031,0,27,0.0,1.0,0.0,1.0,0.0,0.0,0.0,5.0,7.0
8,9,1.0,0.0,1.0,0.0,2.0,2.249671199999966,15.5,9.0,0.3,orientation,color,size,0.38,-2.5,12,female,0,2704.3748031,0,27,1.0,1.0,0.0,0.0,0.0,0.0,0.0,6.0,8.0
9,10,1.0,0.0,0.0,1.0,2.0,1.0558439000001272,-34.0,21.0,0.3,orientation,color,size,0.38,-2.5,12,female,0,2704.3748031,1,27,0.0,1.0,0.0,-1.0,0.0,0.0,0.0,7.0,9.0
10,11,1.0,0.0,1.0,0.0,2.0,2.434236900000087,69.5,20.0,0.3400000000000001,orientation,color,size,0.38,-2.5,12,female,0,2704.3748031,0,27,1.0,1.0,0.0,1.0,0.0,0.0,0.0,8.0,10.0
11,12,1.0,0.0,0.0,1.0,2.0,0.6741217999999662,-11.5,1.0,0.3400000000000001,orientation,color,size,0.38,-2.5,12,female,0,2704.3748031,1,27,0.0,1.0,0.0,-1.0,0.0,0.0,0.0,9.0,11.0
12,13,1.0,0.0,0.0,1.0,2.0,0.6501600999999937,-29.5,2.0,0.42,orientation,color,size,0.38,-2.5,12,female,0,2704.3748031,0,27,0.0,1.0,0.0,1.0,0.0,0.0,0.0,10.0,12.0
13,14,1.0,1.0,1.0,1.0,2.0,3.2998717999998917,11.0,23.0,0.1,orientation,color,size,0.38,-2.5,12,female,0,2704.3748031,0,27,0.0,1.0,0.0,0.0,0.0,0.0,0.0,11.0,13.0
14,15,1.0,1.0,1.0,1.0,2.0,1.0337822999999844,11.0,2.0,0.26,orientation,color,size,0.38,-2.5,12,female,0,2704.3748031,0,27,0.0,1.0,0.0,0.0,0.0,0.0,0.0,12.0,14.0
15,16,1.0,0.0,0.0,1.0,2.0,1.5999328000000332,-56.5,24.0,0.4600000000000001,orientation,color,size,0.38,-2.5,12,female,0,2704.3748031,0,27,0.0,1.0,0.0,0.0,0.0,0.0,0.0,13.0,15.0
16,17,1.0,1.0,1.0,1.0,2.0,2.3992335000000367,65.0,19.0,0.22,orientation,color,size,0.38,-2.5,12,female,0,2704.3748031,0,27,0.0,1.0,0.0,0.0,0.0,0.0,0.0,14.0,16.0
17,18,1.0,1.0,1.0,1.0,2.0,1.266784400000006,87.5,7.0,0.38,orientation,color,size,0.38,-2.5,12,female,0,2704.3748031,0,27,0.0,1.0,0.0,0.0,0.0,0.0,0.0,15.0,17.0
18,19,1.0,0.0,0.0,1.0,2.0,0.9506177000000662,-11.5,22.0,0.38,orientation,color,size,0.38,-2.5,12,female,0,2704.3748031,0,27,0.0,1.0,0.0,0.0,0.0,0.0,0.0,16.0,18.0
19,20,1.0,0.0,0.0,1.0,2.0,1.701292100000046,-7.0,17.0,0.18,orientation,color,size,0.38,-2.5,12,female,0,2704.3748031,0,27,0.0,1.0,0.0,0.0,0.0,0.0,0.0,17.0,19.0
20,21,1.0,0.0,0.0,1.0,2.0,4.25087029999986,-88.0,2.0,0.1,orientation,color,size,0.38,-2.5,12,female,0,2704.3748031,0,27,0.0,1.0,0.0,0.0,0.0,0.0,0.0,18.0,20.0
21,22,2.0,2.0,2.0,1.0,4.0,1.367107199999964,33.5,1.0,0.3400000000000001,orientation,color,size,0.38,-2.5,12,female,0,2704.3748031,1,27,0.0,0.0,0.0,0.0,0.0,0.0,1.0,0.0,21.0
22,23,2.0,1.0,1.0,1.0,4.0,2.2999377999999524,-11.5,15.0,0.14,orientation,color,size,0.38,-2.5,12,female,0,2704.3748031,0,27,0.0,0.0,0.0,0.0,1.0,0.0,2.0,0.0,22.0
23,24,2.0,1.0,0.0,0.0,4.0,1.1501028000000133,-56.5,9.0,0.4600000000000001,orientation,color,size,0.38,-2.5,12,female,0,2704.3748031,0,27,0.0,1.0,0.0,0.0,0.0,0.0,3.0,0.0,23.0
24,25,2.0,2.0,2.0,1.0,4.0,1.7004537000000255,65.0,2.0,0.3400000000000001,orientation,color,size,0.38,-2.5,12,female,0,2704.3748031,1,27,0.0,0.0,0.0,0.0,-1.0,0.0,4.0,0.0,24.0
25,26,2.0,1.0,1.0,1.0,4.0,1.017764500000112,-20.5,19.0,0.18,orientation,color,size,0.38,-2.5,12,female,0,2704.3748031,0,27,0.0,0.0,0.0,0.0,1.0,0.0,5.0,0.0,25.0
26,27,2.0,1.0,0.0,0.0,4.0,0.8671231000000716,-56.5,5.0,0.1,orientation,color,size,0.38,-2.5,12,female,0,2704.3748031,0,27,0.0,1.0,0.0,0.0,0.0,0.0,6.0,0.0,26.0
27,28,2.0,1.0,0.0,0.0,4.0,0.9003222999999707,-43.0,5.0,0.26,orientation,color,size,0.38,-2.5,12,female,0,2704.3748031,1,27,0.0,1.0,0.0,0.0,-1.0,0.0,7.0,0.0,27.0
28,29,2.0,1.0,0.0,0.0,4.0,0.8837455999998838,-47.5,11.0,0.22,orientation,color,size,0.38,-2.5,12,female,0,2704.3748031,1,27,0.0,1.0,0.0,0.0,0.0,0.0,8.0,0.0,28.0
29,30,2.0,1.0,0.0,0.0,4.0,1.1161318999998002,-38.5,6.0,0.3400000000000001,orientation,color,size,0.38,-2.5,12,female,0,2704.3748031,1,27,0.0,1.0,0.0,0.0,0.0,0.0,9.0,0.0,29.0
30,31,2.0,0.0,1.0,0.0,4.0,1.350620700000036,-38.5,18.0,0.18,orientation,color,size,0.38,-2.5,12,female,0,2704.3748031,1,27,0.0,1.0,0.0,0.0,0.0,0.0,10.0,0.0,30.0
31,32,2.0,1.0,0.0,0.0,4.0,0.7507220999998481,-70.0,6.0,0.42,orientation,color,size,0.38,-2.5,12,female,0,2704.3748031,1,27,0.0,1.0,0.0,0.0,0.0,0.0,11.0,0.0,31.0
32,33,3.0,2.0,2.0,1.0,8.0,2.6163116000000173,-16.0,24.0,0.18,orientation,color,size,0.38,-2.5,12,female,0,2704.3748031,1,27,0.0,1.0,0.0,0.0,0.0,0.0,12.0,1.0,0.0
33,34,3.0,3.0,0.0,0.0,8.0,1.1331150999999409,-43.0,11.0,0.26,orientation,color,size,0.38,-2.5,12,female,0,2704.3748031,0,27,0.0,1.0,2.0,0.0,0.0,0.0,13.0,2.0,0.0
34,35,3.0,2.0,0.0,0.0,8.0,0.7490040999998655,-34.0,1.0,0.26,orientation,color,size,0.38,-2.5,12,female,0,2704.3748031,1,27,0.0,1.0,1.0,0.0,0.0,-2.0,14.0,3.0,0.0
35,36,2.0,1.0,0.0,0.0,4.0,1.366458099999818,-61.0,6.0,0.4600000000000001,orientation,color,size,0.38,-2.5,12,female,0,2704.3748031,1,27,0.0,1.0,1.0,0.0,0.0,-2.0,15.0,0.0,1.0
36,37,1.0,0.0,0.0,1.0,2.0,0.9074774000000616,-34.0,17.0,0.3400000000000001,orientation,color,size,0.38,-2.5,12,female,0,2704.3748031,1,27,0.0,1.0,1.0,0.0,0.0,-2.0,0.0,1.0,2.0
37,38,1.0,1.0,1.0,1.0,2.0,0.701278099999854,65.0,12.0,0.3400000000000001,orientation,color,size,0.38,-2.5,12,female,0,2704.3748031,0,27,0.0,1.0,1.0,0.0,0.0,-2.0,0.0,2.0,3.0
38,39,1.0,1.0,1.0,1.0,2.0,1.1827680999999757,11.0,3.0,0.1,orientation,color,size,0.38,-2.5,12,female,0,2704.3748031,0,27,0.0,1.0,1.0,0.0,0.0,-2.0,0.0,3.0,4.0
39,40,1.0,1.0,1.0,1.0,2.0,0.8995348000000831,33.5,7.0,0.42,orientation,color,size,0.38,-2.5,12,female,0,2704.3748031,0,27,0.0,1.0,1.0,0.0,0.0,-2.0,0.0,4.0,5.0
40,41,1.0,0.0,0.0,1.0,2.0,1.7678670000000238,-79.0,1.0,0.1,orientation,color,size,0.38,-2.5,12,female,0,2704.3748031,0,27,0.0,1.0,1.0,0.0,0.0,-2.0,0.0,5.0,6.0
41,42,1.0,0.0,0.0,1.0,2.0,0.9669849000001705,-29.5,4.0,0.3400000000000001,orientation,color,size,0.38,-2.5,12,female,0,2704.3748031,0,27,0.0,1.0,1.0,0.0,0.0,-2.0,0.0,6.0,7.0
42,43,1.0,1.0,1.0,1.0,2.0,1.217672900000025,6.5,23.0,0.3400000000000001,orientation,color,size,0.38,-2.5,12,female,0,2704.3748031,0,27,0.0,1.0,1.0,0.0,0.0,-2.0,0.0,7.0,8.0
43,44,1.0,0.0,0.0,1.0,2.0,1.0826792000000296,-52.0,23.0,0.22,orientation,color,size,0.38,-2.5,12,female,0,2704.3748031,0,27,0.0,1.0,1.0,0.0,0.0,-2.0,0.0,8.0,9.0
44,45,1.0,0.0,0.0,1.0,2.0,1.3827106999999614,-52.0,13.0,0.4600000000000001,orientation,color,size,0.38,-2.5,12,female,0,2704.3748031,0,27,0.0,1.0,1.0,0.0,0.0,-2.0,0.0,9.0,10.0
45,46,1.0,1.0,1.0,1.0,2.0,0.9169575000000804,33.5,0.0,0.26,orientation,color,size,0.38,-2.5,12,female,0,2704.3748031,0,27,0.0,1.0,1.0,0.0,0.0,-2.0,0.0,10.0,11.0
46,47,2.0,2.0,3.0,0.0,4.0,0.9334662999999636,65.0,22.0,0.4600000000000001,orientation,color,size,0.38,-2.5,12,female,0,2704.3748031,1,27,0.0,1.0,1.0,0.0,0.0,-2.0,1.0,0.0,12.0
47,48,2.0,2.0,3.0,0.0,4.0,14.342706599999929,29.0,19.0,0.38,orientation,color,size,0.38,-2.5,12,female,0,2704.3748031,1,27,0.0,1.0,1.0,0.0,0.0,-2.0,2.0,0.0,13.0
48,49,2.0,3.0,2.0,0.0,4.0,1.2831392000000506,20.0,1.0,0.3400000000000001,orientation,color,size,0.38,-2.5,12,female,0,2704.3748031,1,27,0.0,1.0,1.0,0.0,0.0,-2.0,3.0,0.0,14.0
49,50,2.0,1.0,0.0,0.0,4.0,1.130909400000064,-29.5,7.0,0.42,orientation,color,size,0.38,-2.5,12,female,0,2704.3748031,1,27,0.0,1.0,1.0,0.0,0.0,-2.0,4.0,0.0,15.0
50,51,2.0,2.0,3.0,0.0,4.0,2.3169295999998667,38.0,18.0,0.26,orientation,color,size,0.38,-2.5,12,female,0,2704.3748031,1,27,0.0,1.0,1.0,0.0,0.0,-2.0,5.0,0.0,16.0
51,52,2.0,2.0,3.0,0.0,4.0,8.867277400000148,56.0,22.0,0.1,orientation,color,size,0.38,-2.5,12,female,0,2704.3748031,1,27,0.0,1.0,1.0,0.0,0.0,-2.0,6.0,0.0,17.0
52,53,2.0,2.0,3.0,0.0,4.0,16.782841399999825,69.5,19.0,0.3,orientation,color,size,0.38,-2.5,12,female,0,2704.3748031,1,27,0.0,1.0,1.0,0.0,0.0,-2.0,7.0,0.0,18.0
53,54,3.0,4.0,5.0,0.0,8.0,1.0823771999998826,15.5,4.0,0.42,orientation,color,size,0.38,-2.5,12,female,0,2704.3748031,1,27,0.0,1.0,1.0,0.0,0.0,0.0,8.0,1.0,0.0
54,55,3.0,4.0,6.0,0.0,8.0,0.966051600000128,6.5,20.0,0.26,orientation,color,size,0.38,-2.5,12,female,0,2704.3748031,1,27,0.0,1.0,1.0,0.0,0.0,0.0,9.0,2.0,0.0
55,56,3.0,4.0,0.0,0.0,8.0,15.482461000000058,-65.5,10.0,0.18,orientation,color,size,0.38,-2.5,12,female,0,2704.3748031,1,27,0.0,1.0,1.0,0.0,0.0,0.0,10.0,3.0,0.0
56,57,3.0,4.0,4.0,1.0,8.0,35.24944160000018,29.0,9.0,0.26,orientation,color,size,0.38,-2.5,12,female,0,2704.3748031,1,27,0.0,1.0,0.0,0.0,0.0,0.0,11.0,4.0,0.0
57,58,3.0,3.0,0.0,0.0,8.0,5.4329594999999244,-79.0,4.0,0.18,orientation,color,size,0.38,-2.5,12,female,0,2704.3748031,0,27,0.0,1.0,2.0,0.0,0.0,1.0,12.0,5.0,0.0
58,59,3.0,0.0,0.0,1.0,8.0,12.683083500000066,-11.5,2.0,0.18,orientation,color,size,0.38,-2.5,12,female,0,2704.3748031,1,27,0.0,1.0,0.0,0.0,0.0,-2.0,13.0,6.0,0.0
59,60,3.0,5.0,7.0,0.0,8.0,19.266590899999983,6.5,15.0,0.42,orientation,color,size,0.38,-2.5,12,female,0,2704.3748031,0,27,0.0,1.0,1.0,0.0,0.0,2.0,14.0,7.0,0.0
60,61,3.0,4.0,4.0,1.0,8.0,1.7831144999997832,38.0,8.0,0.1,orientation,color,size,0.38,-2.5,12,female,0,2704.3748031,1,27,0.0,1.0,0.0,0.0,0.0,-1.0,15.0,8.0,0.0
61,62,3.0,0.0,3.0,0.0,8.0,3.433319200000142,-16.0,21.0,0.42,orientation,color,size,0.38,-2.5,12,female,0,2704.3748031,0,27,0.0,1.0,2.0,0.0,0.0,1.0,16.0,9.0,0.0
62,63,3.0,4.0,5.0,0.0,8.0,16.465710200000103,83.0,5.0,0.38,orientation,color,size,0.38,-2.5,12,female,0,2704.3748031,1,27,0.0,1.0,1.0,0.0,0.0,-2.0,17.0,10.0,0.0
63,64,3.0,4.0,6.0,0.0,8.0,19.832361499999937,33.5,19.0,0.14,orientation,color,size,0.38,-2.5,12,female,0,2704.3748031,1,27,0.0,1.0,1.0,0.0,0.0,1.0,18.0,11.0,0.0
64,65,3.0,5.0,6.0,0.0,8.0,8.133191699999998,42.5,15.0,0.22,orientation,color,size,0.38,-2.5,12,female,0,2704.3748031,1,27,0.0,1.0,2.0,0.0,0.0,0.0,19.0,12.0,0.0
65,66,3.0,3.0,1.0,0.0,8.0,1.3329277000000277,-56.5,10.0,0.42,orientation,color,size,0.38,-2.5,12,female,0,2704.3748031,1,27,0.0,1.0,1.0,0.0,0.0,-1.0,20.0,13.0,0.0
66,67,2.0,1.0,0.0,0.0,4.0,1.5498433000000205,-11.5,7.0,0.22,orientation,color,size,0.38,-2.5,12,female,0,2704.3748031,1,27,0.0,1.0,1.0,0.0,0.0,-1.0,21.0,0.0,1.0
67,68,2.0,1.0,1.0,1.0,4.0,1.3820508999999674,-16.0,17.0,0.22,orientation,color,size,0.38,-2.5,12,female,0,2704.3748031,1,27,0.0,0.0,1.0,0.0,0.0,-1.0,22.0,0.0,2.0
68,69,2.0,1.0,1.0,1.0,4.0,1.1337206000000606,-47.5,16.0,0.1,orientation,color,size,0.38,-2.5,12,female,0,2704.3748031,0,27,0.0,0.0,1.0,0.0,1.0,-1.0,23.0,0.0,3.0
69,70,2.0,2.0,2.0,1.0,4.0,1.0330387999999855,51.5,12.0,0.22,orientation,color,size,0.38,-2.5,12,female,0,2704.3748031,0,27,0.0,0.0,1.0,0.0,0.0,-1.0,24.0,0.0,4.0
70,71,2.0,2.0,2.0,1.0,4.0,0.8336816000000908,20.0,5.0,0.42,orientation,color,size,0.38,-2.5,12,female,0,2704.3748031,0,27,0.0,0.0,1.0,0.0,0.0,-1.0,25.0,0.0,5.0
71,72,2.0,2.0,3.0,0.0,4.0,0.8498227000000043,60.5,16.0,0.14,orientation,color,size,0.38,-2.5,12,female,0,2704.3748031,0,27,0.0,1.0,1.0,0.0,0.0,-1.0,26.0,0.0,6.0
72,73,2.0,1.0,0.0,0.0,4.0,0.5996628000000328,-70.0,3.0,0.14,orientation,color,size,0.38,-2.5,12,female,0,2704.3748031,1,27,0.0,1.0,1.0,0.0,-1.0,-1.0,27.0,0.0,7.0
73,74,2.0,2.0,3.0,0.0,4.0,3.316381900000124,74.0,18.0,0.3400000000000001,orientation,color,size,0.38,-2.5,12,female,0,2704.3748031,1,27,0.0,1.0,1.0,0.0,0.0,-1.0,28.0,0.0,8.0
74,75,2.0,1.0,1.0,1.0,4.0,1.2674448000000211,-88.0,14.0,0.4600000000000001,orientation,color,size,0.38,-2.5,12,female,0,2704.3748031,1,27,0.0,0.0,1.0,0.0,0.0,-1.0,29.0,0.0,9.0
75,76,2.0,0.0,0.0,1.0,4.0,1.3839403000001766,-38.5,9.0,0.42,orientation,color,size,0.38,-2.5,12,female,0,2704.3748031,0,27,0.0,0.0,1.0,0.0,1.0,-1.0,30.0,0.0,10.0
76,77,2.0,3.0,3.0,1.0,4.0,3.400973100000101,6.5,14.0,0.14,orientation,color,size,0.38,-2.5,12,female,0,2704.3748031,0,27,0.0,0.0,1.0,0.0,0.0,-1.0,31.0,0.0,11.0
77,78,2.0,1.0,0.0,0.0,4.0,2.183583100000078,-61.0,4.0,0.18,orientation,color,size,0.38,-2.5,12,female,0,2704.3748031,0,27,0.0,1.0,1.0,0.0,0.0,-1.0,32.0,0.0,12.0
78,79,2.0,2.0,2.0,1.0,4.0,2.5345280000001367,20.0,3.0,0.3400000000000001,orientation,color,size,0.38,-2.5,12,female,0,2704.3748031,1,27,0.0,0.0,1.0,0.0,-1.0,-1.0,33.0,0.0,13.0
79,80,2.0,0.0,1.0,0.0,4.0,1.7174290000000385,-7.0,24.0,0.4600000000000001,orientation,color,size,0.38,-2.5,12,female,0,2704.3748031,0,27,0.0,1.0,1.0,0.0,1.0,-1.0,34.0,0.0,14.0
80,81,2.0,2.0,2.0,1.0,4.0,0.933452299999999,33.5,3.0,0.3,orientation,color,size,0.38,-2.5,12,female,0,2704.3748031,1,27,0.0,0.0,1.0,0.0,-1.0,-1.0,35.0,0.0,15.0
81,82,2.0,0.0,1.0,0.0,4.0,2.133636799999977,-7.0,16.0,0.3,orientation,color,size,0.38,-2.5,12,female,0,2704.3748031,0,27,0.0,1.0,1.0,0.0,1.0,-1.0,36.0,0.0,16.0
82,83,2.0,2.0,3.0,0.0,4.0,1.967112799999995,83.0,17.0,0.18,orientation,color,size,0.38,-2.5,12,female,0,2704.3748031,1,27,0.0,1.0,1.0,0.0,-1.0,-1.0,37.0,0.0,17.0
83,84,2.0,2.0,3.0,0.0,4.0,0.9657059000001028,65.0,21.0,0.3,orientation,color,size,0.38,-2.5,12,female,0,2704.3748031,1,27,0.0,1.0,1.0,0.0,0.0,-1.0,38.0,0.0,18.0
84,85,2.0,2.0,3.0,0.0,4.0,0.9996252000000824,60.5,15.0,0.26,orientation,color,size,0.38,-2.5,12,female,0,2704.3748031,1,27,0.0,1.0,1.0,0.0,0.0,-1.0,39.0,0.0,19.0
85,86,2.0,3.0,3.0,1.0,4.0,0.933110299999953,74.0,13.0,0.4600000000000001,orientation,color,size,0.38,-2.5,12,female,0,2704.3748031,1,27,0.0,0.0,1.0,0.0,0.0,-1.0,40.0,0.0,20.0
86,87,2.0,2.0,3.0,0.0,4.0,1.0009523000001082,42.5,15.0,0.26,orientation,color,size,0.38,-2.5,12,female,0,2704.3748031,0,27,0.0,1.0,1.0,0.0,1.0,-1.0,41.0,0.0,21.0
87,88,2.0,2.0,3.0,0.0,4.0,1.3657217999998466,87.5,22.0,0.3400000000000001,orientation,color,size,0.38,-2.5,12,female,0,2704.3748031,1,27,0.0,1.0,1.0,0.0,-1.0,-1.0,42.0,0.0,22.0
88,89,2.0,2.0,3.0,0.0,4.0,3.7653331999999864,47.0,23.0,0.38,orientation,color,size,0.38,-2.5,12,female,0,2704.3748031,1,27,0.0,1.0,1.0,0.0,0.0,-1.0,43.0,0.0,23.0
89,90,2.0,1.0,1.0,1.0,4.0,1.917020300000104,-7.0,13.0,0.38,orientation,color,size,0.38,-2.5,12,female,0,2704.3748031,1,27,0.0,0.0,1.0,0.0,0.0,-1.0,44.0,0.0,24.0
90,91,2.0,2.0,2.0,1.0,4.0,2.751009500000009,29.0,3.0,0.3400000000000001,orientation,color,size,0.38,-2.5,12,female,0,2704.3748031,0,27,0.0,0.0,1.0,0.0,1.0,-1.0,45.0,0.0,25.0
91,92,2.0,1.0,0.0,0.0,4.0,1.4342668000001595,-16.0,10.0,0.42,orientation,color,size,0.38,-2.5,12,female,0,2704.3748031,0,27,0.0,1.0,1.0,0.0,0.0,-1.0,46.0,0.0,26.0
92,93,2.0,1.0,1.0,1.0,4.0,13.217143000000078,-52.0,18.0,0.3,orientation,color,size,0.38,-2.5,12,female,0,2704.3748031,1,27,0.0,0.0,1.0,0.0,-1.0,-1.0,47.0,0.0,27.0
93,94,2.0,1.0,1.0,1.0,4.0,1.867057100000011,-74.5,16.0,0.18,orientation,color,size,0.38,-2.5,12,female,0,2704.3748031,0,27,0.0,0.0,1.0,0.0,1.0,-1.0,48.0,0.0,28.0
94,95,2.0,2.0,2.0,1.0,4.0,4.284022499999992,51.5,7.0,0.18,orientation,color,size,0.38,-2.5,12,female,0,2704.3748031,0,27,0.0,0.0,1.0,0.0,0.0,-1.0,49.0,0.0,29.0
95,96,2.0,2.0,3.0,0.0,4.0,1.2669843999999555,74.0,17.0,0.26,orientation,color,size,0.38,-2.5,12,female,0,2704.3748031,0,27,0.0,1.0,1.0,0.0,0.0,-1.0,50.0,0.0,30.0
96,97,2.0,0.0,1.0,0.0,4.0,1.916693099999975,-29.5,21.0,0.3,orientation,color,size,0.38,-2.5,12,female,0,2704.3748031,1,27,0.0,1.0,1.0,0.0,-1.0,-1.0,51.0,0.0,31.0
97,98,2.0,1.0,1.0,1.0,4.0,1.3832275000002028,-29.5,22.0,0.1,orientation,color,size,0.38,-2.5,12,female,0,2704.3748031,1,27,0.0,0.0,1.0,0.0,0.0,-1.0,52.0,0.0,32.0
98,99,2.0,3.0,3.0,1.0,4.0,3.783537000000024,20.0,23.0,0.3400000000000001,orientation,color,size,0.38,-2.5,12,female,0,2704.3748031,0,27,0.0,0.0,1.0,0.0,1.0,-1.0,53.0,0.0,33.0
99,100,2.0,2.0,3.0,0.0,4.0,2.8840339000000768,51.5,17.0,0.4600000000000001,orientation,color,size,0.38,-2.5,12,female,0,2704.3748031,0,27,0.0,1.0,1.0,0.0,0.0,-1.0,54.0,0.0,34.0
100,101,2.0,0.0,0.0,1.0,4.0,0.8844389999999294,-16.0,10.0,0.42,orientation,color,size,0.38,-2.5,12,female,0,2704.3748031,1,27,0.0,0.0,1.0,0.0,-1.0,-1.0,55.0,0.0,35.0
101,102,2.0,2.0,2.0,1.0,4.0,1.633404100000007,20.0,5.0,0.14,orientation,color,size,0.38,-2.5,12,female,0,2704.3748031,0,27,0.0,0.0,1.0,0.0,1.0,-1.0,56.0,0.0,36.0
102,103,2.0,2.0,2.0,1.0,4.0,1.1174168000000009,15.5,7.0,0.18,orientation,color,size,0.38,-2.5,12,female,0,2704.3748031,0,27,0.0,0.0,1.0,0.0,0.0,-1.0,57.0,0.0,37.0
103,104,2.0,2.0,2.0,1.0,4.0,1.2337161000000378,65.0,2.0,0.1,orientation,color,size,0.38,-2.5,12,female,0,2704.3748031,0,27,0.0,0.0,1.0,0.0,0.0,-1.0,58.0,0.0,38.0
104,105,2.0,0.0,1.0,0.0,4.0,1.0837613000001056,-47.5,22.0,0.38,orientation,color,size,0.38,-2.5,12,female,0,2704.3748031,0,27,0.0,1.0,1.0,0.0,0.0,-1.0,59.0,0.0,39.0
105,106,2.0,3.0,3.0,1.0,4.0,1.527111800000057,33.5,22.0,0.42,orientation,color,size,0.38,-2.5,12,female,0,2704.3748031,1,27,0.0,0.0,1.0,0.0,-1.0,-1.0,60.0,0.0,40.0
106,107,2.0,2.0,3.0,0.0,4.0,1.2676097999999456,78.5,22.0,0.26,orientation,color,size,0.38,-2.5,12,female,0,2704.3748031,0,27,0.0,1.0,1.0,0.0,1.0,-1.0,61.0,0.0,41.0
107,108,2.0,3.0,2.0,0.0,4.0,0.7833865999998579,47.0,4.0,0.42,orientation,color,size,0.38,-2.5,12,female,0,2704.3748031,1,27,0.0,1.0,1.0,0.0,-1.0,-1.0,62.0,0.0,42.0
108,109,2.0,0.0,0.0,1.0,4.0,1.1334179999998923,-29.5,3.0,0.38,orientation,color,size,0.38,-2.5,12,female,0,2704.3748031,1,27,0.0,0.0,1.0,0.0,0.0,-1.0,63.0,0.0,43.0
109,110,2.0,0.0,1.0,0.0,4.0,1.634131600000046,-20.5,17.0,0.18,orientation,color,size,0.38,-2.5,12,female,0,2704.3748031,0,27,0.0,1.0,1.0,0.0,1.0,-1.0,64.0,0.0,44.0
110,111,2.0,1.0,1.0,1.0,4.0,0.994518699999844,-79.0,18.0,0.3,orientation,color,size,0.38,-2.5,12,female,0,2704.3748031,1,27,0.0,0.0,1.0,0.0,-1.0,-1.0,65.0,0.0,45.0
111,112,2.0,2.0,2.0,1.0,4.0,1.8504533000000265,83.0,2.0,0.1,orientation,color,size,0.38,-2.5,12,female,0,2704.3748031,0,27,0.0,0.0,1.0,0.0,1.0,-1.0,66.0,0.0,46.0
112,113,2.0,2.0,2.0,1.0,4.0,1.2340867000000344,24.5,6.0,0.14,orientation,color,size,0.38,-2.5,12,female,0,2704.3748031,0,27,0.0,0.0,1.0,0.0,0.0,-1.0,67.0,0.0,47.0
113,114,2.0,1.0,1.0,1.0,4.0,1.2165450999998484,-65.5,16.0,0.3400000000000001,orientation,color,size,0.38,-2.5,12,female,0,2704.3748031,0,27,0.0,0.0,1.0,0.0,0.0,-1.0,68.0,0.0,48.0
114,115,2.0,1.0,1.0,1.0,4.0,1.2502870000000712,-34.0,15.0,0.14,orientation,color,size,0.38,-2.5,12,female,0,2704.3748031,0,27,0.0,0.0,1.0,0.0,0.0,-1.0,69.0,0.0,49.0
115,116,2.0,3.0,3.0,1.0,4.0,2.2001580000001013,24.5,20.0,0.4600000000000001,orientation,color,size,0.38,-2.5,12,female,0,2704.3748031,0,27,0.0,0.0,1.0,0.0,0.0,-1.0,70.0,0.0,50.0
116,117,2.0,2.0,2.0,1.0,4.0,1.7835939999999937,24.5,9.0,0.22,orientation,color,size,0.38,-2.5,12,female,0,2704.3748031,0,27,0.0,0.0,1.0,0.0,0.0,-1.0,71.0,0.0,51.0
117,118,2.0,1.0,0.0,0.0,4.0,2.1499386000000413,-29.5,9.0,0.38,orientation,color,size,0.38,-2.5,12,female,0,2704.3748031,0,27,0.0,1.0,1.0,0.0,0.0,-1.0,72.0,0.0,52.0
118,119,2.0,1.0,0.0,0.0,4.0,1.0337211999999454,-7.0,3.0,0.18,orientation,color,size,0.38,-2.5,12,female,0,2704.3748031,1,27,0.0,1.0,1.0,0.0,-1.0,-1.0,73.0,0.0,53.0
119,120,2.0,2.0,3.0,0.0,4.0,1.4650292000001173,42.5,16.0,0.26,orientation,color,size,0.38,-2.5,12,female,0,2704.3748031,1,27,0.0,1.0,1.0,0.0,0.0,-1.0,74.0,0.0,54.0
120,121,2.0,3.0,3.0,1.0,4.0,1.5507340000001475,20.0,22.0,0.18,orientation,color,size,0.38,-2.5,12,female,0,2704.3748031,1,27,0.0,0.0,1.0,0.0,0.0,-1.0,75.0,0.0,55.0
121,122,2.0,1.0,0.0,0.0,4.0,1.167445799999996,-16.0,9.0,0.1,orientation,color,size,0.38,-2.5,12,female,0,2704.3748031,0,27,0.0,1.0,1.0,0.0,1.0,-1.0,76.0,0.0,56.0
122,123,2.0,2.0,2.0,1.0,4.0,1.0498431000000892,42.5,11.0,0.18,orientation,color,size,0.38,-2.5,12,female,0,2704.3748031,1,27,0.0,0.0,1.0,0.0,-1.0,-1.0,77.0,0.0,57.0
123,124,2.0,1.0,1.0,1.0,4.0,1.083805400000074,-74.5,16.0,0.22,orientation,color,size,0.38,-2.5,12,female,0,2704.3748031,0,27,0.0,0.0,1.0,0.0,1.0,-1.0,78.0,0.0,58.0
124,125,2.0,1.0,2.0,0.0,4.0,1.1335931000000985,-2.5,6.0,0.1,orientation,color,size,0.38,-2.5,12,female,0,2704.3748031,0,27,0.0,2.0,1.0,0.0,0.0,-1.0,79.0,0.0,59.0
125,126,2.0,1.0,1.0,1.0,4.0,1.2835495999997877,-38.5,15.0,0.3,orientation,color,size,0.38,-2.5,12,female,0,2704.3748031,1,27,0.0,0.0,1.0,0.0,-2.0,-1.0,80.0,0.0,60.0
126,127,2.0,1.0,1.0,1.0,4.0,1.001135100000056,-65.5,16.0,0.26,orientation,color,size,0.38,-2.5,12,female,0,2704.3748031,0,27,0.0,0.0,1.0,0.0,2.0,-1.0,81.0,0.0,61.0
127,128,2.0,2.0,2.0,1.0,4.0,1.299838099999988,65.0,2.0,0.3,orientation,color,size,0.38,-2.5,12,female,0,2704.3748031,0,27,0.0,0.0,1.0,0.0,0.0,-1.0,82.0,0.0,62.0
128,129,2.0,1.0,0.0,0.0,4.0,1.1163530999999691,-43.0,2.0,0.42,orientation,color,size,0.38,-2.5,12,female,0,2704.3748031,0,27,0.0,1.0,1.0,0.0,0.0,-1.0,83.0,0.0,63.0
129,130,2.0,0.0,0.0,1.0,4.0,1.348876799999971,-20.5,10.0,0.3,orientation,color,size,0.38,-2.5,12,female,0,2704.3748031,1,27,0.0,0.0,1.0,0.0,-1.0,-1.0,84.0,0.0,64.0
130,131,2.0,2.0,3.0,0.0,4.0,2.701173400000016,65.0,17.0,0.4600000000000001,orientation,color,size,0.38,-2.5,12,female,0,2704.3748031,0,27,0.0,1.0,1.0,0.0,1.0,-1.0,85.0,0.0,65.0
131,132,2.0,0.0,0.0,1.0,4.0,2.716335000000072,-7.0,8.0,0.22,orientation,color,size,0.38,-2.5,12,female,0,2704.3748031,1,27,0.0,0.0,1.0,0.0,-1.0,-1.0,86.0,0.0,66.0
132,133,2.0,2.0,2.0,1.0,4.0,2.4174101999999493,20.0,5.0,0.1,orientation,color,size,0.38,-2.5,12,female,0,2704.3748031,0,27,0.0,0.0,1.0,0.0,1.0,-1.0,87.0,0.0,67.0
133,134,2.0,2.0,2.0,1.0,4.0,3.1510136000001694,65.0,11.0,0.38,orientation,color,size,0.38,-2.5,12,female,0,2704.3748031,0,27,0.0,0.0,1.0,0.0,0.0,-1.0,88.0,0.0,68.0
134,135,2.0,1.0,0.0,0.0,4.0,2.0499609000000873,-47.5,12.0,0.3400000000000001,orientation,color,size,0.38,-2.5,12,female,0,2704.3748031,0,27,0.0,1.0,1.0,0.0,0.0,-1.0,89.0,0.0,69.0
135,136,2.0,2.0,2.0,1.0,4.0,1.0496835000001283,56.0,7.0,0.4600000000000001,orientation,color,size,0.38,-2.5,12,female,0,2704.3748031,1,27,0.0,0.0,1.0,0.0,-1.0,-1.0,90.0,0.0,70.0
136,137,2.0,1.0,2.0,0.0,4.0,1.599342100000058,-2.5,8.0,0.14,orientation,color,size,0.38,-2.5,12,female,0,2704.3748031,0,27,0.0,2.0,1.0,0.0,1.0,-1.0,91.0,0.0,71.0
137,138,2.0,2.0,2.0,1.0,4.0,1.9833238000001072,69.5,0.0,0.3400000000000001,orientation,color,size,0.38,-2.5,12,female,0,2704.3748031,1,27,0.0,0.0,1.0,0.0,-2.0,-1.0,92.0,0.0,72.0
138,139,2.0,2.0,2.0,1.0,4.0,1.3343317999999726,60.5,2.0,0.38,orientation,color,size,0.38,-2.5,12,female,0,2704.3748031,0,27,0.0,0.0,1.0,0.0,2.0,-1.0,93.0,0.0,73.0
139,140,2.0,1.0,1.0,1.0,4.0,3.0670820000000276,-88.0,19.0,0.38,orientation,color,size,0.38,-2.5,12,female,0,2704.3748031,0,27,0.0,0.0,1.0,0.0,0.0,-1.0,94.0,0.0,74.0
140,141,2.0,2.0,2.0,1.0,4.0,3.9993050000000494,33.5,0.0,0.3400000000000001,orientation,color,size,0.38,-2.5,12,female,0,2704.3748031,0,27,0.0,0.0,1.0,0.0,0.0,-1.0,95.0,0.0,75.0
141,142,2.0,1.0,0.0,0.0,4.0,2.483789599999909,-25.0,12.0,0.38,orientation,color,size,0.38,-2.5,12,female,0,2704.3748031,0,27,0.0,1.0,1.0,0.0,0.0,-1.0,96.0,0.0,76.0
142,143,2.0,1.0,0.0,0.0,4.0,0.8168318999998974,-61.0,12.0,0.1,orientation,color,size,0.38,-2.5,12,female,0,2704.3748031,1,27,0.0,1.0,1.0,0.0,-1.0,-1.0,97.0,0.0,77.0
143,144,2.0,1.0,0.0,0.0,4.0,2.7332066999999824,-29.5,3.0,0.1,orientation,color,size,0.38,-2.5,12,female,0,2704.3748031,1,27,0.0,1.0,1.0,0.0,0.0,-1.0,98.0,0.0,78.0
144,145,2.0,3.0,2.0,0.0,4.0,3.93326809999985,20.0,12.0,0.3,orientation,color,size,0.38,-2.5,12,female,0,2704.3748031,1,27,0.0,1.0,1.0,0.0,0.0,-1.0,99.0,0.0,79.0
145,146,2.0,2.0,2.0,1.0,4.0,0.8160229999998592,78.5,7.0,0.3400000000000001,orientation,color,size,0.38,-2.5,12,female,0,2704.3748031,1,27,0.0,0.0,1.0,0.0,0.0,-1.0,100.0,0.0,80.0
146,147,2.0,1.0,0.0,0.0,4.0,0.95030799999995,-56.5,11.0,0.38,orientation,color,size,0.38,-2.5,12,female,0,2704.3748031,0,27,0.0,1.0,1.0,0.0,1.0,-1.0,101.0,0.0,81.0
147,148,2.0,2.0,2.0,1.0,4.0,1.5985140999998748,20.0,7.0,0.3,orientation,color,size,0.38,-2.5,12,female,0,2704.3748031,1,27,0.0,0.0,1.0,0.0,-1.0,-1.0,102.0,0.0,82.0
148,149,2.0,2.0,3.0,0.0,4.0,1.3172363000001042,69.5,19.0,0.3,orientation,color,size,0.38,-2.5,12,female,0,2704.3748031,0,27,0.0,1.0,1.0,0.0,1.0,-1.0,103.0,0.0,83.0
149,150,2.0,0.0,0.0,1.0,4.0,1.8830553000000236,-25.0,2.0,0.3400000000000001,orientation,color,size,0.38,-2.5,12,female,0,2704.3748031,1,27,0.0,0.0,1.0,0.0,-1.0,-1.0,104.0,0.0,84.0
150,151,2.0,0.0,0.0,1.0,4.0,1.2661871000000249,-29.5,5.0,0.1,orientation,color,size,0.38,-2.5,12,female,0,2704.3748031,0,27,0.0,0.0,1.0,0.0,1.0,-1.0,105.0,0.0,85.0
151,152,2.0,3.0,3.0,1.0,4.0,2.3170784999999796,20.0,19.0,0.1,orientation,color,size,0.38,-2.5,12,female,0,2704.3748031,0,27,0.0,0.0,1.0,0.0,0.0,-1.0,106.0,0.0,86.0
152,153,2.0,0.0,0.0,1.0,4.0,3.0509859999999662,-52.0,0.0,0.42,orientation,color,size,0.38,-2.5,12,female,0,2704.3748031,0,27,0.0,0.0,1.0,0.0,0.0,-1.0,107.0,0.0,87.0
153,154,2.0,1.0,1.0,1.0,4.0,2.833986999999979,-38.5,14.0,0.26,orientation,color,size,0.38,-2.5,12,female,0,2704.3748031,0,27,0.0,0.0,1.0,0.0,0.0,-1.0,108.0,0.0,88.0
154,155,2.0,2.0,3.0,0.0,4.0,2.0169791999999234,60.5,24.0,0.4600000000000001,orientation,color,size,0.38,-2.5,12,female,0,2704.3748031,0,27,0.0,1.0,1.0,0.0,0.0,-1.0,109.0,0.0,89.0
155,156,2.0,0.0,2.0,0.0,4.0,2.749336200000016,-2.5,9.0,0.22,orientation,color,size,0.38,-2.5,12,female,0,2704.3748031,1,27,0.0,1.0,1.0,0.0,-1.0,-1.0,110.0,0.0,90.0
156,157,2.0,2.0,0.0,0.0,4.0,1.8000423999999384,-7.0,8.0,0.18,orientation,color,size,0.38,-2.5,12,female,0,2704.3748031,1,27,0.0,1.0,1.0,0.0,0.0,-1.0,111.0,0.0,91.0
157,158,2.0,2.0,2.0,1.0,4.0,3.200004799999988,69.5,8.0,0.1,orientation,color,size,0.38,-2.5,12,female,0,2704.3748031,1,27,0.0,0.0,1.0,0.0,0.0,-1.0,112.0,0.0,92.0
158,159,2.0,2.0,2.0,1.0,4.0,2.3003302000001895,87.5,6.0,0.22,orientation,color,size,0.38,-2.5,12,female,0,2704.3748031,0,27,0.0,0.0,1.0,0.0,1.0,-1.0,113.0,0.0,93.0
159,160,2.0,1.0,0.0,0.0,4.0,1.1832405999998628,-70.0,5.0,0.42,orientation,color,size,0.38,-2.5,12,female,0,2704.3748031,0,27,0.0,1.0,1.0,0.0,0.0,-1.0,114.0,0.0,94.0
160,161,2.0,2.0,2.0,1.0,4.0,1.1996033000000352,87.5,3.0,0.18,orientation,color,size,0.38,-2.5,12,female,0,2704.3748031,1,27,0.0,0.0,1.0,0.0,-1.0,-1.0,115.0,0.0,95.0
161,162,2.0,2.0,2.0,1.0,4.0,1.2004516000001786,47.0,11.0,0.4600000000000001,orientation,color,size,0.38,-2.5,12,female,0,2704.3748031,0,27,0.0,0.0,1.0,0.0,1.0,-1.0,116.0,0.0,96.0
162,163,2.0,2.0,2.0,1.0,4.0,1.050979899999675,51.5,3.0,0.22,orientation,color,size,0.38,-2.5,12,female,0,2704.3748031,0,27,0.0,0.0,1.0,0.0,0.0,-1.0,117.0,0.0,97.0
163,164,2.0,3.0,3.0,1.0,4.0,2.5167645999999877,2.0,19.0,0.26,orientation,color,size,0.38,-2.5,12,female,0,2704.3748031,0,27,0.0,0.0,1.0,0.0,0.0,-1.0,118.0,0.0,98.0
164,165,2.0,1.0,0.0,0.0,4.0,1.3170411999999487,-43.0,9.0,0.3,orientation,color,size,0.38,-2.5,12,female,0,2704.3748031,0,27,0.0,1.0,1.0,0.0,0.0,-1.0,119.0,0.0,99.0
165,166,2.0,2.0,2.0,1.0,4.0,1.5599003000002083,83.0,1.0,0.3400000000000001,orientation,color,size,0.38,-2.5,12,female,0,2704.3748031,1,27,0.0,0.0,1.0,0.0,-1.0,-1.0,120.0,0.0,100.0
166,167,2.0,2.0,2.0,1.0,4.0,1.1167256999997337,15.5,11.0,0.1,orientation,color,size,0.38,-2.5,12,female,0,2704.3748031,0,27,0.0,0.0,1.0,0.0,1.0,-1.0,121.0,0.0,101.0
167,168,2.0,1.0,0.0,0.0,4.0,1.3829074999998738,-74.5,7.0,0.3400000000000001,orientation,color,size,0.38,-2.5,12,female,0,2704.3748031,0,27,0.0,1.0,1.0,0.0,0.0,-1.0,122.0,0.0,102.0
168,169,2.0,0.0,1.0,0.0,4.0,1.250366299999769,-34.0,15.0,0.26,orientation,color,size,0.38,-2.5,12,female,0,2704.3748031,1,27,0.0,1.0,1.0,0.0,-1.0,-1.0,123.0,0.0,103.0
169,170,2.0,2.0,2.0,1.0,4.0,1.1500551999997697,38.0,9.0,0.18,orientation,color,size,0.38,-2.5,12,female,0,2704.3748031,1,27,0.0,0.0,1.0,0.0,0.0,-1.0,124.0,0.0,104.0
170,171,2.0,0.0,3.0,0.0,4.0,1.9823255999999672,-2.5,19.0,0.3400000000000001,orientation,color,size,0.38,-2.5,12,female,0,2704.3748031,0,27,0.0,2.0,1.0,0.0,1.0,-1.0,125.0,0.0,105.0
171,172,2.0,2.0,3.0,0.0,4.0,1.0796273999999355,42.5,21.0,0.14,orientation,color,size,0.38,-2.5,12,female,0,2704.3748031,1,27,0.0,1.0,1.0,0.0,-2.0,-1.0,126.0,0.0,106.0
172,173,3.0,2.0,2.0,1.0,8.0,0.7172704999998132,-61.0,17.0,0.26,orientation,color,size,0.38,-2.5,12,female,0,2704.3748031,1,27,0.0,1.0,0.0,0.0,-2.0,0.0,127.0,1.0,0.0
173,174,3.0,6.0,7.0,0.0,8.0,6.984103200000391,20.0,14.0,0.42,orientation,color,size,0.38,-2.5,12,female,0,2704.3748031,0,27,0.0,1.0,1.0,0.0,-2.0,1.0,128.0,2.0,0.0
174,175,2.0,1.0,1.0,1.0,4.0,0.849590199999966,-47.5,13.0,0.14,orientation,color,size,0.38,-2.5,12,female,0,2704.3748031,1,27,0.0,0.0,1.0,0.0,0.0,1.0,129.0,0.0,1.0
175,176,2.0,2.0,3.0,0.0,4.0,0.6674481000000014,33.5,23.0,0.22,orientation,color,size,0.38,-2.5,12,female,0,2704.3748031,0,27,0.0,1.0,1.0,0.0,1.0,1.0,130.0,0.0,2.0
176,177,3.0,6.0,6.0,1.0,8.0,1.2990789000000404,29.0,17.0,0.18,orientation,color,size,0.38,-2.5,12,female,0,2704.3748031,1,27,0.0,1.0,0.0,0.0,1.0,0.0,131.0,1.0,0.0
177,178,3.0,2.0,2.0,1.0,8.0,2.9342985999996927,-74.5,18.0,0.3400000000000001,orientation,color,size,0.38,-2.5,12,female,0,2704.3748031,0,27,0.0,1.0,0.0,0.0,1.0,1.0,132.0,2.0,0.0
178,179,3.0,4.0,4.0,1.0,8.0,4.668296700000155,38.0,11.0,0.14,orientation,color,size,0.38,-2.5,12,female,0,2704.3748031,0,27,0.0,1.0,0.0,0.0,1.0,0.0,133.0,3.0,0.0
179,180,3.0,4.0,4.0,1.0,8.0,1.750493799999731,60.5,5.0,0.14,orientation,color,size,0.38,-2.5,12,female,0,2704.3748031,0,27,0.0,1.0,0.0,0.0,1.0,0.0,134.0,4.0,0.0
180,181,3.0,1.0,3.0,0.0,8.0,3.4513474000000315,-11.5,14.0,0.42,orientation,color,size,0.38,-2.5,12,female,0,2704.3748031,0,27,0.0,1.0,1.0,0.0,1.0,0.0,135.0,5.0,0.0
181,182,2.0,1.0,1.0,1.0,4.0,1.6495714000002408,-88.0,24.0,0.38,orientation,color,size,0.38,-2.5,12,female,0,2704.3748031,1,27,0.0,0.0,1.0,0.0,0.0,0.0,136.0,0.0,1.0
182,183,2.0,2.0,3.0,0.0,4.0,2.150433499999963,2.0,16.0,0.3400000000000001,orientation,color,size,0.38,-2.5,12,female,0,2704.3748031,0,27,0.0,1.0,1.0,0.0,1.0,0.0,137.0,0.0,2.0
183,184,2.0,1.0,0.0,0.0,4.0,1.8325604999999996,-83.5,1.0,0.3,orientation,color,size,0.38,-2.5,12,female,0,2704.3748031,1,27,0.0,1.0,1.0,0.0,-1.0,0.0,138.0,0.0,3.0
184,185,2.0,2.0,3.0,0.0,4.0,15.76366259999986,42.5,20.0,0.1,orientation,color,size,0.38,-2.5,12,female,0,2704.3748031,1,27,0.0,1.0,1.0,0.0,0.0,0.0,139.0,0.0,4.0
185,186,2.0,2.0,3.0,0.0,4.0,2.516562999999678,11.0,17.0,0.3,orientation,color,size,0.38,-2.5,12,female,0,2704.3748031,1,27,0.0,1.0,1.0,0.0,0.0,0.0,140.0,0.0,5.0
186,187,2.0,3.0,3.0,1.0,4.0,1.401359599999978,33.5,20.0,0.4600000000000001,orientation,color,size,0.38,-2.5,12,female,0,2704.3748031,1,27,0.0,0.0,1.0,0.0,0.0,0.0,141.0,0.0,6.0
187,188,2.0,2.0,2.0,1.0,4.0,1.71648469999991,51.5,7.0,0.4600000000000001,orientation,color,size,0.38,-2.5,12,female,0,2704.3748031,0,27,0.0,0.0,1.0,0.0,1.0,0.0,142.0,0.0,7.0
188,189,2.0,1.0,1.0,1.0,4.0,1.1663743999997678,-56.5,13.0,0.26,orientation,color,size,0.38,-2.5,12,female,0,2704.3748031,0,27,0.0,0.0,1.0,0.0,0.0,0.0,143.0,0.0,8.0
189,190,2.0,2.0,2.0,1.0,4.0,2.5838337999998657,6.5,3.0,0.22,orientation,color,size,0.38,-2.5,12,female,0,2704.3748031,0,27,0.0,0.0,1.0,0.0,0.0,0.0,144.0,0.0,9.0
190,191,2.0,1.0,0.0,0.0,4.0,1.6665194000001975,-65.5,7.0,0.18,orientation,color,size,0.38,-2.5,12,female,0,2704.3748031,0,27,0.0,1.0,1.0,0.0,0.0,0.0,145.0,0.0,10.0
191,192,2.0,0.0,2.0,0.0,4.0,5.667315400000007,-2.5,8.0,0.22,orientation,color,size,0.38,-2.5,12,female,0,2704.3748031,1,27,0.0,1.0,1.0,0.0,-1.0,0.0,146.0,0.0,11.0
192,193,2.0,2.0,2.0,1.0,4.0,2.099251000000095,29.0,3.0,0.1,orientation,color,size,0.38,-2.5,12,female,0,2704.3748031,1,27,0.0,0.0,1.0,0.0,0.0,0.0,147.0,0.0,12.0
193,194,2.0,1.0,0.0,0.0,4.0,1.71720409999989,-20.5,4.0,0.38,orientation,color,size,0.38,-2.5,12,female,0,2704.3748031,0,27,0.0,1.0,1.0,0.0,1.0,0.0,148.0,0.0,13.0
194,195,2.0,1.0,0.0,0.0,4.0,3.0169142999998257,-25.0,8.0,0.22,orientation,color,size,0.38,-2.5,12,female,0,2704.3748031,1,27,0.0,1.0,1.0,0.0,-1.0,0.0,149.0,0.0,14.0
195,196,2.0,1.0,0.0,0.0,4.0,1.3506913999999597,-34.0,6.0,0.14,orientation,color,size,0.38,-2.5,12,female,0,2704.3748031,1,27,0.0,1.0,1.0,0.0,0.0,0.0,150.0,0.0,15.0
196,197,2.0,2.0,2.0,1.0,4.0,1.0001123000001826,29.0,3.0,0.1,orientation,color,size,0.38,-2.5,12,female,0,2704.3748031,1,27,0.0,0.0,1.0,0.0,0.0,0.0,151.0,0.0,16.0
197,198,2.0,1.0,0.0,0.0,4.0,2.001097999999729,-43.0,10.0,0.22,orientation,color,size,0.38,-2.5,12,female,0,2704.3748031,0,27,0.0,1.0,1.0,0.0,1.0,0.0,152.0,0.0,17.0
198,199,2.0,3.0,3.0,1.0,4.0,3.6331943000000138,20.0,17.0,0.1,orientation,color,size,0.38,-2.5,12,female,0,2704.3748031,1,27,0.0,0.0,1.0,0.0,-1.0,0.0,153.0,0.0,18.0
199,200,2.0,3.0,2.0,0.0,4.0,5.717191499999899,24.5,4.0,0.3,orientation,color,size,0.38,-2.5,12,female,0,2704.3748031,0,27,0.0,1.0,1.0,0.0,1.0,0.0,154.0,0.0,19.0
200,201,3.0,0.0,3.0,0.0,8.0,31.367544799999905,-25.0,15.0,0.38,orientation,color,size,0.38,-2.5,12,female,0,2704.3748031,1,27,0.0,1.0,2.0,0.0,1.0,0.0,155.0,1.0,0.0
201,202,3.0,4.0,4.0,1.0,8.0,11.933562400000028,56.0,9.0,0.26,orientation,color,size,0.38,-2.5,12,female,0,2704.3748031,1,27,0.0,1.0,0.0,0.0,1.0,-1.0,156.0,2.0,0.0
202,203,3.0,4.0,4.0,1.0,8.0,1.833241799999996,47.0,11.0,0.14,orientation,color,size,0.38,-2.5,12,female,0,2704.3748031,0,27,0.0,1.0,0.0,0.0,1.0,2.0,157.0,3.0,0.0
203,204,3.0,3.0,0.0,0.0,8.0,0.9670245000002068,-56.5,9.0,0.22,orientation,color,size,0.38,-2.5,12,female,0,2704.3748031,0,27,0.0,1.0,2.0,0.0,1.0,0.0,158.0,4.0,0.0
204,205,3.0,3.0,0.0,0.0,8.0,3.750008699999853,-52.0,0.0,0.3,orientation,color,size,0.38,-2.5,12,female,0,2704.3748031,1,27,0.0,1.0,2.0,0.0,1.0,-2.0,159.0,5.0,0.0
205,206,3.0,2.0,0.0,0.0,8.0,3.516142999999829,-56.5,5.0,0.26,orientation,color,size,0.38,-2.5,12,female,0,2704.3748031,1,27,0.0,1.0,1.0,0.0,1.0,0.0,160.0,6.0,0.0
206,207,3.0,3.0,4.0,0.0,8.0,7.599193900000046,-2.5,4.0,0.18,orientation,color,size,0.38,-2.5,12,female,0,2704.3748031,1,27,0.0,1.0,3.0,0.0,1.0,1.0,161.0,7.0,0.0
207,208,3.0,5.0,3.0,0.0,8.0,19.366052500000023,-11.5,21.0,0.38,orientation,color,size,0.38,-2.5,12,female,0,2704.3748031,1,27,0.0,1.0,2.0,0.0,1.0,-2.0,162.0,8.0,0.0
208,209,3.0,3.0,0.0,0.0,8.0,15.798805900000389,-11.5,10.0,0.3400000000000001,orientation,color,size,0.38,-2.5,12,female,0,2704.3748031,1,27,0.0,1.0,2.0,0.0,1.0,1.0,163.0,9.0,0.0
209,210,3.0,3.0,0.0,0.0,8.0,6.483584000000064,-74.5,7.0,0.3400000000000001,orientation,color,size,0.38,-2.5,12,female,0,2704.3748031,1,27,0.0,1.0,2.0,0.0,1.0,0.0,164.0,10.0,0.0
210,211,3.0,4.0,6.0,0.0,8.0,1.2157813000003443,24.5,16.0,0.22,orientation,color,size,0.38,-2.5,12,female,0,2704.3748031,1,27,0.0,1.0,1.0,0.0,1.0,0.0,165.0,11.0,0.0
211,212,1.0,0.0,0.0,1.0,2.0,0.916842000000088,-88.0,4.0,0.1,orientation,color,size,0.38,-2.5,12,female,0,2704.3748031,1,27,0.0,1.0,1.0,0.0,1.0,0.0,0.0,12.0,1.0
212,213,1.0,1.0,1.0,1.0,2.0,1.0344809000002897,11.0,0.0,0.1,orientation,color,size,0.38,-2.5,12,female,0,2704.3748031,0,27,0.0,1.0,1.0,0.0,1.0,0.0,0.0,13.0,2.0
213,214,1.0,0.0,0.0,1.0,2.0,1.099541600000066,-43.0,3.0,0.42,orientation,color,size,0.38,-2.5,12,female,0,2704.3748031,0,27,0.0,1.0,1.0,0.0,1.0,0.0,0.0,14.0,3.0
214,215,1.0,0.0,0.0,1.0,2.0,1.0007191999998213,-29.5,17.0,0.26,orientation,color,size,0.38,-2.5,12,female,0,2704.3748031,0,27,0.0,1.0,1.0,0.0,1.0,0.0,0.0,15.0,4.0
215,216,1.0,1.0,1.0,1.0,2.0,1.0662342000000535,33.5,6.0,0.1,orientation,color,size,0.38,-2.5,12,female,0,2704.3748031,0,27,0.0,1.0,1.0,0.0,1.0,0.0,0.0,16.0,5.0
216,217,1.0,1.0,1.0,1.0,2.0,0.8332353000000694,38.0,22.0,0.1,orientation,color,size,0.38,-2.5,12,female,0,2704.3748031,0,27,0.0,1.0,1.0,0.0,1.0,0.0,0.0,17.0,6.0
217,218,1.0,1.0,1.0,1.0,2.0,1.4512697999998636,78.5,17.0,0.14,orientation,color,size,0.38,-2.5,12,female,0,2704.3748031,0,27,0.0,1.0,1.0,0.0,1.0,0.0,0.0,18.0,7.0
218,219,1.0,1.0,1.0,1.0,2.0,0.6162598999999318,56.0,2.0,0.18,orientation,color,size,0.38,-2.5,12,female,0,2704.3748031,0,27,0.0,1.0,1.0,0.0,1.0,0.0,0.0,19.0,8.0
219,220,1.0,0.0,0.0,1.0,2.0,0.967083300000013,-16.0,13.0,0.42,orientation,color,size,0.38,-2.5,12,female,0,2704.3748031,0,27,0.0,1.0,1.0,0.0,1.0,0.0,0.0,20.0,9.0
220,221,1.0,1.0,1.0,1.0,2.0,0.8833137999999963,60.5,18.0,0.18,orientation,color,size,0.38,-2.5,12,female,0,2704.3748031,0,27,0.0,1.0,1.0,0.0,1.0,0.0,0.0,21.0,10.0
221,222,3.0,3.0,2.0,0.0,8.0,1.2495853000000352,-79.0,22.0,0.18,orientation,color,size,0.38,-2.5,12,female,0,2704.3748031,1,27,0.0,1.0,1.0,0.0,1.0,0.0,1.0,22.0,0.0
222,223,3.0,3.0,0.0,0.0,8.0,1.433023200000207,-7.0,0.0,0.14,orientation,color,size,0.38,-2.5,12,female,0,2704.3748031,1,27,0.0,1.0,2.0,0.0,1.0,0.0,2.0,23.0,0.0
223,224,3.0,3.0,3.0,1.0,8.0,3.949236599999949,-88.0,23.0,0.4600000000000001,orientation,color,size,0.38,-2.5,12,female,0,2704.3748031,1,27,0.0,1.0,0.0,0.0,1.0,-1.0,3.0,24.0,0.0
224,225,3.0,2.0,0.0,0.0,8.0,1.084031999999752,-34.0,3.0,0.14,orientation,color,size,0.38,-2.5,12,female,0,2704.3748031,0,27,0.0,1.0,1.0,0.0,1.0,2.0,4.0,25.0,0.0
225,226,3.0,0.0,0.0,1.0,8.0,1.2661459000000832,-16.0,8.0,0.3,orientation,color,size,0.38,-2.5,12,female,0,2704.3748031,1,27,0.0,1.0,0.0,0.0,1.0,-1.0,5.0,26.0,0.0
226,227,3.0,5.0,7.0,0.0,8.0,2.6835813000002418,38.0,24.0,0.42,orientation,color,size,0.38,-2.5,12,female,0,2704.3748031,0,27,0.0,1.0,1.0,0.0,1.0,1.0,6.0,27.0,0.0
227,228,3.0,6.0,6.0,1.0,8.0,0.9996148999998696,60.5,22.0,0.18,orientation,color,size,0.38,-2.5,12,female,0,2704.3748031,1,27,0.0,1.0,0.0,0.0,1.0,-1.0,7.0,28.0,0.0
228,229,3.0,7.0,4.0,0.0,8.0,1.1832000999997945,20.0,9.0,0.26,orientation,color,size,0.38,-2.5,12,female,0,2704.3748031,0,27,0.0,1.0,2.0,0.0,1.0,1.0,8.0,29.0,0.0
229,230,3.0,4.0,6.0,0.0,8.0,1.0997345000000678,83.0,14.0,0.1,orientation,color,size,0.38,-2.5,12,female,0,2704.3748031,1,27,0.0,1.0,1.0,0.0,1.0,-2.0,9.0,30.0,0.0
230,231,3.0,2.0,0.0,0.0,8.0,1.3161569999997482,-56.5,12.0,0.1,orientation,color,size,0.38,-2.5,12,female,0,2704.3748031,1,27,0.0,1.0,1.0,0.0,1.0,1.0,10.0,31.0,0.0
231,232,3.0,2.0,1.0,0.0,8.0,2.199046400000043,-43.0,8.0,0.42,orientation,color,size,0.38,-2.5,12,female,0,2704.3748031,1,27,0.0,1.0,2.0,0.0,1.0,0.0,11.0,32.0,0.0
232,233,3.0,5.0,4.0,0.0,8.0,9.500244400000156,20.0,8.0,0.14,orientation,color,size,0.38,-2.5,12,female,0,2704.3748031,1,27,0.0,1.0,1.0,0.0,1.0,-1.0,12.0,33.0,0.0
233,234,3.0,2.0,0.0,0.0,8.0,0.9507790000002388,-47.5,12.0,0.26,orientation,color,size,0.38,-2.5,12,female,0,2704.3748031,1,27,0.0,1.0,1.0,0.0,1.0,1.0,13.0,34.0,0.0
234,235,3.0,4.0,7.0,0.0,8.0,1.0336527999997998,60.5,15.0,0.4600000000000001,orientation,color,size,0.38,-2.5,12,female,0,2704.3748031,1,27,0.0,1.0,2.0,0.0,1.0,0.0,14.0,35.0,0.0
235,236,3.0,6.0,4.0,0.0,8.0,1.0659577999999783,20.0,6.0,0.3400000000000001,orientation,color,size,0.38,-2.5,12,female,0,2704.3748031,1,27,0.0,1.0,1.0,0.0,1.0,-1.0,15.0,36.0,0.0
236,237,3.0,4.0,6.0,0.0,8.0,0.9991785000001984,65.0,17.0,0.22,orientation,color,size,0.38,-2.5,12,female,0,2704.3748031,1,27,0.0,1.0,1.0,0.0,1.0,1.0,16.0,37.0,0.0
237,238,3.0,3.0,2.0,0.0,8.0,1.3500899000000572,-88.0,24.0,0.18,orientation,color,size,0.38,-2.5,12,female,0,2704.3748031,1,27,0.0,1.0,1.0,0.0,1.0,0.0,17.0,38.0,0.0
238,239,2.0,2.0,3.0,0.0,4.0,1.0006206000002749,38.0,19.0,0.3400000000000001,orientation,color,size,0.38,-2.5,12,female,0,2704.3748031,1,27,0.0,1.0,1.0,0.0,0.0,0.0,18.0,0.0,1.0
239,240,2.0,1.0,0.0,0.0,4.0,0.7001052999999047,-70.0,3.0,0.26,orientation,color,size,0.38,-2.5,12,female,0,2704.3748031,1,27,0.0,1.0,1.0,0.0,0.0,0.0,19.0,0.0,2.0
240,241,2.0,0.0,2.0,0.0,4.0,2.0497668000002705,-2.5,9.0,0.1,orientation,color,size,0.38,-2.5,12,female,0,2704.3748031,1,27,0.0,1.0,1.0,0.0,0.0,0.0,20.0,0.0,3.0
241,242,2.0,3.0,3.0,1.0,4.0,1.7497424999996838,29.0,19.0,0.3400000000000001,orientation,color,size,0.38,-2.5,12,female,0,2704.3748031,1,27,0.0,0.0,1.0,0.0,0.0,0.0,21.0,0.0,4.0
242,243,2.0,0.0,0.0,1.0,4.0,0.8169047000001228,-56.5,0.0,0.4600000000000001,orientation,color,size,0.38,-2.5,12,female,0,2704.3748031,0,27,0.0,0.0,1.0,0.0,1.0,0.0,22.0,0.0,5.0
243,244,2.0,0.0,1.0,0.0,4.0,0.8839677999999367,-20.5,20.0,0.3400000000000001,orientation,color,size,0.38,-2.5,12,female,0,2704.3748031,0,27,0.0,1.0,1.0,0.0,0.0,0.0,23.0,0.0,6.0
244,245,2.0,1.0,1.0,1.0,4.0,1.350058099999842,-56.5,19.0,0.14,orientation,color,size,0.38,-2.5,12,female,0,2704.3748031,1,27,0.0,0.0,1.0,0.0,-1.0,0.0,24.0,0.0,7.0
245,246,2.0,3.0,2.0,0.0,4.0,1.5330737000003865,11.0,1.0,0.3400000000000001,orientation,color,size,0.38,-2.5,12,female,0,2704.3748031,0,27,0.0,1.0,1.0,0.0,1.0,0.0,25.0,0.0,8.0
246,247,2.0,1.0,0.0,0.0,4.0,1.0161817999996856,-47.5,0.0,0.14,orientation,color,size,0.38,-2.5,12,female,0,2704.3748031,1,27,0.0,1.0,1.0,0.0,-1.0,0.0,26.0,0.0,9.0
247,248,2.0,1.0,1.0,1.0,4.0,2.115971400000035,-52.0,14.0,0.3400000000000001,orientation,color,size,0.38,-2.5,12,female,0,2704.3748031,1,27,0.0,0.0,1.0,0.0,0.0,0.0,27.0,0.0,10.0
248,249,2.0,3.0,2.0,0.0,4.0,2.1670381000003545,33.5,6.0,0.3,orientation,color,size,0.38,-2.5,12,female,0,2704.3748031,0,27,0.0,1.0,1.0,0.0,1.0,0.0,28.0,0.0,11.0
249,250,2.0,1.0,0.0,0.0,4.0,1.00057599999991,-65.5,10.0,0.3400000000000001,orientation,color,size,0.38,-2.5,12,female,0,2704.3748031,1,27,0.0,1.0,1.0,0.0,-1.0,0.0,29.0,0.0,12.0
250,251,2.0,2.0,3.0,0.0,4.0,1.883733199999824,65.0,15.0,0.42,orientation,color,size,0.38,-2.5,12,female,0,2704.3748031,1,27,0.0,1.0,1.0,0.0,0.0,0.0,30.0,0.0,13.0
251,252,2.0,3.0,2.0,0.0,4.0,1.0833784999999807,38.0,8.0,0.38,orientation,color,size,0.38,-2.5,12,female,0,2704.3748031,1,27,0.0,1.0,1.0,0.0,0.0,0.0,31.0,0.0,14.0
252,253,2.0,2.0,2.0,1.0,4.0,1.2338015000000269,29.0,8.0,0.42,orientation,color,size,0.38,-2.5,12,female,0,2704.3748031,1,27,0.0,0.0,1.0,0.0,0.0,0.0,32.0,0.0,15.0
253,254,2.0,2.0,3.0,0.0,4.0,1.2503271000000495,42.5,16.0,0.4600000000000001,orientation,color,size,0.38,-2.5,12,female,0,2704.3748031,0,27,0.0,1.0,1.0,0.0,1.0,0.0,33.0,0.0,16.0
254,255,2.0,2.0,2.0,1.0,4.0,1.3495981000000938,15.5,6.0,0.1,orientation,color,size,0.38,-2.5,12,female,0,2704.3748031,1,27,0.0,0.0,1.0,0.0,-1.0,0.0,34.0,0.0,17.0
255,256,2.0,2.0,2.0,1.0,4.0,0.7177049000001716,29.0,0.0,0.42,orientation,color,size,0.38,-2.5,12,female,0,2704.3748031,0,27,0.0,0.0,1.0,0.0,1.0,0.0,35.0,0.0,18.0
256,257,2.0,0.0,1.0,0.0,4.0,1.283288800000264,-16.0,15.0,0.38,orientation,color,size,0.38,-2.5,12,female,0,2704.3748031,0,27,0.0,1.0,1.0,0.0,0.0,0.0,36.0,0.0,19.0
257,258,2.0,0.0,1.0,0.0,4.0,1.899893199999951,-34.0,22.0,0.3,orientation,color,size,0.38,-2.5,12,female,0,2704.3748031,1,27,0.0,1.0,1.0,0.0,-1.0,0.0,37.0,0.0,20.0
258,259,2.0,1.0,1.0,1.0,4.0,0.7504564000000755,-65.5,24.0,0.18,orientation,color,size,0.38,-2.5,12,female,0,2704.3748031,1,27,0.0,0.0,1.0,0.0,0.0,0.0,38.0,0.0,21.0
259,260,2.0,1.0,1.0,1.0,4.0,0.917252499999904,-16.0,17.0,0.14,orientation,color,size,0.38,-2.5,12,female,0,2704.3748031,0,27,0.0,0.0,1.0,0.0,1.0,0.0,39.0,0.0,22.0
260,261,2.0,2.0,2.0,1.0,4.0,1.1663296000001535,2.0,6.0,0.1,orientation,color,size,0.38,-2.5,12,female,0,2704.3748031,0,27,0.0,0.0,1.0,0.0,0.0,0.0,40.0,0.0,23.0
261,262,2.0,2.0,3.0,0.0,4.0,0.7500124999996842,33.5,20.0,0.18,orientation,color,size,0.38,-2.5,12,female,0,2704.3748031,0,27,0.0,1.0,1.0,0.0,0.0,0.0,41.0,0.0,24.0
262,263,2.0,1.0,0.0,0.0,4.0,0.7329967000000579,-70.0,6.0,0.1,orientation,color,size,0.38,-2.5,12,female,0,2704.3748031,1,27,0.0,1.0,1.0,0.0,-1.0,0.0,42.0,0.0,25.0
263,264,2.0,1.0,1.0,1.0,4.0,2.6336059000000205,-16.0,17.0,0.26,orientation,color,size,0.38,-2.5,12,female,0,2704.3748031,1,27,0.0,0.0,1.0,0.0,0.0,0.0,43.0,0.0,26.0
264,265,2.0,2.0,3.0,0.0,4.0,0.7001606000003449,20.0,24.0,0.38,orientation,color,size,0.38,-2.5,12,female,0,2704.3748031,0,27,0.0,1.0,1.0,0.0,1.0,0.0,44.0,0.0,27.0
265,266,2.0,2.0,3.0,0.0,4.0,2.143029200000001,42.5,15.0,0.3400000000000001,orientation,color,size,0.38,-2.5,12,female,0,2704.3748031,1,27,0.0,1.0,1.0,0.0,-1.0,0.0,45.0,0.0,28.0
266,267,2.0,3.0,3.0,1.0,4.0,1.4830824000000575,11.0,22.0,0.4600000000000001,orientation,color,size,0.38,-2.5,12,female,0,2704.3748031,1,27,0.0,0.0,1.0,0.0,0.0,0.0,46.0,0.0,29.0
267,268,2.0,2.0,2.0,1.0,4.0,1.4332392000001164,47.0,1.0,0.22,orientation,color,size,0.38,-2.5,12,female,0,2704.3748031,0,27,0.0,0.0,1.0,0.0,1.0,0.0,47.0,0.0,30.0
268,269,2.0,0.0,0.0,1.0,4.0,2.6007408000000396,-61.0,8.0,0.14,orientation,color,size,0.38,-2.5,12,female,0,2704.3748031,0,27,0.0,0.0,1.0,0.0,0.0,0.0,48.0,0.0,31.0
269,270,2.0,1.0,0.0,0.0,4.0,1.4514626000000137,-56.5,0.0,0.26,orientation,color,size,0.38,-2.5,12,female,0,2704.3748031,0,27,0.0,1.0,1.0,0.0,0.0,0.0,49.0,0.0,32.0
270,271,2.0,3.0,2.0,0.0,4.0,2.016738699999678,29.0,12.0,0.4600000000000001,orientation,color,size,0.38,-2.5,12,female,0,2704.3748031,1,27,0.0,1.0,1.0,0.0,-1.0,0.0,50.0,0.0,33.0
271,272,2.0,1.0,0.0,0.0,4.0,2.0332102000002124,-56.5,8.0,0.38,orientation,color,size,0.38,-2.5,12,female,0,2704.3748031,1,27,0.0,1.0,1.0,0.0,0.0,0.0,51.0,0.0,34.0
272,273,2.0,0.0,2.0,0.0,4.0,1.3503343000002133,-2.5,2.0,0.3400000000000001,orientation,color,size,0.38,-2.5,12,female,0,2704.3748031,1,27,0.0,1.0,1.0,0.0,0.0,0.0,52.0,0.0,35.0
273,274,2.0,2.0,2.0,1.0,4.0,3.9950534999998126,2.0,3.0,0.18,orientation,color,size,0.38,-2.5,12,female,0,2704.3748031,1,27,0.0,0.0,1.0,0.0,0.0,0.0,53.0,0.0,36.0
274,275,2.0,3.0,3.0,1.0,4.0,2.5335055000000466,69.5,20.0,0.1,orientation,color,size,0.38,-2.5,12,female,0,2704.3748031,0,27,0.0,0.0,1.0,0.0,1.0,0.0,54.0,0.0,37.0
275,276,2.0,3.0,3.0,1.0,4.0,1.3345964999998614,20.0,16.0,0.1,orientation,color,size,0.38,-2.5,12,female,0,2704.3748031,0,27,0.0,0.0,1.0,0.0,0.0,0.0,55.0,0.0,38.0
276,277,2.0,2.0,3.0,0.0,4.0,2.484719099999893,51.5,15.0,0.42,orientation,color,size,0.38,-2.5,12,female,0,2704.3748031,0,27,0.0,1.0,1.0,0.0,0.0,0.0,56.0,0.0,39.0
277,278,2.0,0.0,0.0,1.0,4.0,1.4998709999999846,-74.5,1.0,0.4600000000000001,orientation,color,size,0.38,-2.5,12,female,0,2704.3748031,1,27,0.0,0.0,1.0,0.0,-1.0,0.0,57.0,0.0,40.0
278,279,2.0,0.0,0.0,1.0,4.0,1.4679670999998962,-83.5,8.0,0.38,orientation,color,size,0.38,-2.5,12,female,0,2704.3748031,0,27,0.0,0.0,1.0,0.0,1.0,0.0,58.0,0.0,41.0
279,280,2.0,0.0,1.0,0.0,4.0,2.3839662000000317,-83.5,20.0,0.14,orientation,color,size,0.38,-2.5,12,female,0,2704.3748031,0,27,0.0,1.0,1.0,0.0,0.0,0.0,59.0,0.0,42.0
280,281,2.0,3.0,2.0,0.0,4.0,1.6494313999996848,15.5,1.0,0.42,orientation,color,size,0.38,-2.5,12,female,0,2704.3748031,1,27,0.0,1.0,1.0,0.0,-1.0,0.0,60.0,0.0,43.0
281,282,2.0,3.0,3.0,1.0,4.0,1.4660244000001512,38.0,22.0,0.14,orientation,color,size,0.38,-2.5,12,female,0,2704.3748031,1,27,0.0,0.0,1.0,0.0,0.0,0.0,61.0,0.0,44.0
282,283,2.0,0.0,3.0,0.0,4.0,2.000665900000058,-2.5,17.0,0.14,orientation,color,size,0.38,-2.5,12,female,0,2704.3748031,0,27,0.0,2.0,1.0,0.0,1.0,0.0,62.0,0.0,45.0
283,284,2.0,1.0,1.0,1.0,4.0,0.850693500000034,-52.0,13.0,0.18,orientation,color,size,0.38,-2.5,12,female,0,2704.3748031,1,27,0.0,0.0,1.0,0.0,-2.0,0.0,63.0,0.0,46.0
284,285,2.0,1.0,0.0,0.0,4.0,1.0500139999999192,-38.5,7.0,0.38,orientation,color,size,0.38,-2.5,12,female,0,2704.3748031,0,27,0.0,1.0,1.0,0.0,2.0,0.0,64.0,0.0,47.0
285,286,2.0,0.0,0.0,1.0,4.0,2.131945999999971,-56.5,4.0,0.42,orientation,color,size,0.38,-2.5,12,female,0,2704.3748031,1,27,0.0,0.0,1.0,0.0,-1.0,0.0,65.0,0.0,48.0
286,287,2.0,0.0,0.0,1.0,4.0,1.9337178000000677,-34.0,9.0,0.3400000000000001,orientation,color,size,0.38,-2.5,12,female,0,2704.3748031,0,27,0.0,0.0,1.0,0.0,1.0,0.0,66.0,0.0,49.0
287,288,2.0,0.0,1.0,0.0,4.0,2.367114899999706,-74.5,19.0,0.4600000000000001,orientation,color,size,0.38,-2.5,12,female,0,2704.3748031,0,27,0.0,1.0,1.0,0.0,0.0,0.0,67.0,0.0,50.0
288,289,2.0,3.0,2.0,0.0,4.0,1.4659355999997388,33.5,5.0,0.4600000000000001,orientation,color,size,0.38,-2.5,12,female,0,2704.3748031,1,27,0.0,1.0,1.0,0.0,-1.0,0.0,68.0,0.0,51.0
289,290,2.0,3.0,2.0,0.0,4.0,1.5836481999999703,6.5,2.0,0.38,orientation,color,size,0.38,-2.5,12,female,0,2704.3748031,1,27,0.0,1.0,1.0,0.0,0.0,0.0,69.0,0.0,52.0
290,291,2.0,2.0,2.0,1.0,4.0,1.2992511000002196,74.0,1.0,0.42,orientation,color,size,0.38,-2.5,12,female,0,2704.3748031,1,27,0.0,0.0,1.0,0.0,0.0,0.0,70.0,0.0,53.0
291,292,2.0,1.0,1.0,1.0,4.0,0.850387899999987,-74.5,24.0,0.26,orientation,color,size,0.38,-2.5,12,female,0,2704.3748031,0,27,0.0,0.0,1.0,0.0,1.0,0.0,71.0,0.0,54.0
292,293,2.0,2.0,3.0,0.0,4.0,3.017747899999904,83.0,14.0,0.22,orientation,color,size,0.38,-2.5,12,female,0,2704.3748031,0,27,0.0,1.0,1.0,0.0,0.0,0.0,72.0,0.0,55.0
293,294,2.0,3.0,2.0,0.0,4.0,2.366179900000134,56.0,6.0,0.1,orientation,color,size,0.38,-2.5,12,female,0,2704.3748031,1,27,0.0,1.0,1.0,0.0,-1.0,0.0,73.0,0.0,56.0
294,295,2.0,0.0,3.0,0.0,4.0,1.217290499999763,-2.5,17.0,0.26,orientation,color,size,0.38,-2.5,12,female,0,2704.3748031,1,27,0.0,2.0,1.0,0.0,0.0,0.0,74.0,0.0,57.0
295,296,2.0,0.0,1.0,0.0,4.0,1.3338893000000098,-25.0,20.0,0.1,orientation,color,size,0.38,-2.5,12,female,0,2704.3748031,1,27,0.0,1.0,1.0,0.0,-1.0,0.0,75.0,0.0,58.0
296,297,2.0,2.0,2.0,1.0,4.0,1.683879700000034,60.5,1.0,0.42,orientation,color,size,0.38,-2.5,12,female,0,2704.3748031,1,27,0.0,0.0,1.0,0.0,1.0,0.0,76.0,0.0,59.0
297,298,2.0,1.0,0.0,0.0,4.0,0.8666089999996984,-79.0,10.0,0.26,orientation,color,size,0.38,-2.5,12,female,0,2704.3748031,0,27,0.0,1.0,1.0,0.0,1.0,0.0,77.0,0.0,60.0
298,299,2.0,2.0,3.0,0.0,4.0,1.7333175999997366,56.0,24.0,0.38,orientation,color,size,0.38,-2.5,12,female,0,2704.3748031,1,27,0.0,1.0,1.0,0.0,-1.0,0.0,78.0,0.0,61.0
299,300,2.0,3.0,3.0,1.0,4.0,1.0665555999999017,29.0,13.0,0.3,orientation,color,size,0.38,-2.5,12,female,0,2704.3748031,1,27,0.0,0.0,1.0,0.0,0.0,0.0,79.0,0.0,62.0
300,301,2.0,2.0,2.0,1.0,4.0,0.8341646000003493,74.0,7.0,0.1,orientation,color,size,0.38,-2.5,12,female,0,2704.3748031,0,27,0.0,0.0,1.0,0.0,1.0,0.0,80.0,0.0,63.0
301,302,2.0,1.0,0.0,0.0,4.0,0.9994612999998936,-43.0,9.0,0.14,orientation,color,size,0.38,-2.5,12,female,0,2704.3748031,0,27,0.0,1.0,1.0,0.0,0.0,0.0,81.0,0.0,64.0
302,303,2.0,2.0,2.0,1.0,4.0,0.8657459000000927,60.5,2.0,0.22,orientation,color,size,0.38,-2.5,12,female,0,2704.3748031,1,27,0.0,0.0,1.0,0.0,-1.0,0.0,82.0,0.0,65.0
303,304,2.0,2.0,3.0,0.0,4.0,1.450506099999984,60.5,17.0,0.18,orientation,color,size,0.38,-2.5,12,female,0,2704.3748031,0,27,0.0,1.0,1.0,0.0,1.0,0.0,83.0,0.0,66.0
304,305,2.0,2.0,2.0,1.0,4.0,45.63331919999973,20.0,1.0,0.3400000000000001,orientation,color,size,0.38,-2.5,12,female,0,2704.3748031,1,27,0.0,0.0,1.0,0.0,-1.0,0.0,84.0,0.0,67.0
305,306,2.0,0.0,0.0,1.0,4.0,6.583301199999823,-7.0,10.0,0.18,orientation,color,size,0.38,-2.5,12,female,0,2704.3748031,0,27,0.0,0.0,1.0,0.0,1.0,0.0,85.0,0.0,68.0
306,307,2.0,2.0,2.0,1.0,4.0,6.201198099999601,33.5,12.0,0.22,orientation,color,size,0.38,-2.5,12,female,0,2704.3748031,0,27,0.0,0.0,1.0,0.0,0.0,0.0,86.0,0.0,69.0
307,308,2.0,2.0,3.0,0.0,4.0,5.632804799999576,78.5,18.0,0.3400000000000001,orientation,color,size,0.38,-2.5,12,female,0,2704.3748031,0,27,0.0,1.0,1.0,0.0,0.0,0.0,87.0,0.0,70.0
308,309,2.0,2.0,3.0,0.0,4.0,16.900387800000317,33.5,13.0,0.18,orientation,color,size,0.38,-2.5,12,female,0,2704.3748031,1,27,0.0,1.0,1.0,0.0,-1.0,0.0,88.0,0.0,71.0
309,310,2.0,0.0,1.0,0.0,4.0,18.132971100000304,-25.0,18.0,0.26,orientation,color,size,0.38,-2.5,12,female,0,2704.3748031,1,27,0.0,1.0,1.0,0.0,0.0,0.0,89.0,0.0,72.0
310,311,2.0,1.0,0.0,0.0,4.0,7.915853500000139,-38.5,10.0,0.26,orientation,color,size,0.38,-2.5,12,female,0,2704.3748031,1,27,0.0,1.0,1.0,0.0,0.0,0.0,90.0,0.0,73.0
311,312,2.0,2.0,2.0,1.0,4.0,1.3343325999999252,78.5,2.0,0.1,orientation,color,size,0.38,-2.5,12,female,0,2704.3748031,1,27,0.0,0.0,1.0,0.0,0.0,0.0,91.0,0.0,74.0
312,313,2.0,3.0,3.0,1.0,4.0,2.649840099999892,6.5,21.0,0.14,orientation,color,size,0.38,-2.5,12,female,0,2704.3748031,0,27,0.0,0.0,1.0,0.0,1.0,0.0,92.0,0.0,75.0
313,314,2.0,3.0,3.0,1.0,4.0,1.3172581000003447,24.5,19.0,0.26,orientation,color,size,0.38,-2.5,12,female,0,2704.3748031,0,27,0.0,0.0,1.0,0.0,0.0,0.0,93.0,0.0,76.0
314,315,2.0,2.0,2.0,1.0,4.0,1.0833341999996264,87.5,4.0,0.14,orientation,color,size,0.38,-2.5,12,female,0,2704.3748031,0,27,0.0,0.0,1.0,0.0,0.0,0.0,94.0,0.0,77.0
315,316,2.0,1.0,0.0,0.0,4.0,1.266771300000073,-83.5,8.0,0.38,orientation,color,size,0.38,-2.5,12,female,0,2704.3748031,0,27,0.0,1.0,1.0,0.0,0.0,0.0,95.0,0.0,78.0
316,317,2.0,2.0,2.0,1.0,4.0,0.8328123000001142,38.0,7.0,0.3,orientation,color,size,0.38,-2.5,12,female,0,2704.3748031,1,27,0.0,0.0,1.0,0.0,-1.0,0.0,96.0,0.0,79.0
317,318,2.0,3.0,3.0,1.0,4.0,1.416914800000086,33.5,20.0,0.4600000000000001,orientation,color,size,0.38,-2.5,12,female,0,2704.3748031,0,27,0.0,0.0,1.0,0.0,1.0,0.0,97.0,0.0,80.0
318,319,2.0,2.0,2.0,1.0,4.0,1.0496793000002071,74.0,0.0,0.4600000000000001,orientation,color,size,0.38,-2.5,12,female,0,2704.3748031,0,27,0.0,0.0,1.0,0.0,0.0,0.0,98.0,0.0,81.0
319,320,2.0,0.0,1.0,0.0,4.0,1.6171756999997342,-7.0,13.0,0.1,orientation,color,size,0.38,-2.5,12,female,0,2704.3748031,0,27,0.0,1.0,1.0,0.0,0.0,0.0,99.0,0.0,82.0
320,321,2.0,0.0,0.0,1.0,4.0,1.517506600000161,-25.0,12.0,0.42,orientation,color,size,0.38,-2.5,12,female,0,2704.3748031,1,27,0.0,0.0,1.0,0.0,-1.0,0.0,100.0,0.0,83.0
321,322,2.0,3.0,3.0,1.0,4.0,1.5005330999997568,42.5,24.0,0.42,orientation,color,size,0.38,-2.5,12,female,0,2704.3748031,0,27,0.0,0.0,1.0,0.0,1.0,0.0,101.0,0.0,84.0
322,323,2.0,3.0,3.0,1.0,4.0,1.1173337000000174,24.5,24.0,0.22,orientation,color,size,0.38,-2.5,12,female,0,2704.3748031,0,27,0.0,0.0,1.0,0.0,0.0,0.0,102.0,0.0,85.0
323,324,2.0,1.0,1.0,1.0,4.0,1.367054599999847,-83.5,20.0,0.42,orientation,color,size,0.38,-2.5,12,female,0,2704.3748031,0,27,0.0,0.0,1.0,0.0,0.0,0.0,103.0,0.0,86.0
324,325,2.0,2.0,3.0,0.0,4.0,0.8828395999998975,56.0,23.0,0.14,orientation,color,size,0.38,-2.5,12,female,0,2704.3748031,0,27,0.0,1.0,1.0,0.0,0.0,0.0,104.0,0.0,87.0
325,326,2.0,0.0,0.0,1.0,4.0,0.949962499999856,-43.0,8.0,0.42,orientation,color,size,0.38,-2.5,12,female,0,2704.3748031,1,27,0.0,0.0,1.0,0.0,-1.0,0.0,105.0,0.0,88.0
326,327,2.0,3.0,3.0,1.0,4.0,0.8003859000000375,29.0,24.0,0.42,orientation,color,size,0.38,-2.5,12,female,0,2704.3748031,0,27,0.0,0.0,1.0,0.0,1.0,0.0,106.0,0.0,89.0
327,328,2.0,2.0,2.0,1.0,4.0,0.8663106999997581,74.0,2.0,0.3,orientation,color,size,0.38,-2.5,12,female,0,2704.3748031,0,27,0.0,0.0,1.0,0.0,0.0,0.0,107.0,0.0,90.0
328,329,2.0,0.0,0.0,1.0,4.0,1.0832546999999977,-11.5,10.0,0.4600000000000001,orientation,color,size,0.38,-2.5,12,female,0,2704.3748031,0,27,0.0,0.0,1.0,0.0,0.0,0.0,108.0,0.0,91.0
329,330,2.0,2.0,2.0,1.0,4.0,1.11644780000006,87.5,0.0,0.4600000000000001,orientation,color,size,0.38,-2.5,12,female,0,2704.3748031,0,27,0.0,0.0,1.0,0.0,0.0,0.0,109.0,0.0,92.0
330,331,2.0,2.0,3.0,0.0,4.0,1.1665788999998767,47.0,19.0,0.14,orientation,color,size,0.38,-2.5,12,female,0,2704.3748031,0,27,0.0,1.0,1.0,0.0,0.0,0.0,110.0,0.0,93.0
331,332,2.0,0.0,0.0,1.0,4.0,0.8322892999999567,-20.5,3.0,0.22,orientation,color,size,0.38,-2.5,12,female,0,2704.3748031,1,27,0.0,0.0,1.0,0.0,-1.0,0.0,111.0,0.0,94.0
332,333,2.0,0.0,0.0,1.0,4.0,0.700515600000017,-29.5,9.0,0.22,orientation,color,size,0.38,-2.5,12,female,0,2704.3748031,0,27,0.0,0.0,1.0,0.0,1.0,0.0,112.0,0.0,95.0
333,334,2.0,0.0,0.0,1.0,4.0,0.9669702000001053,-7.0,12.0,0.1,orientation,color,size,0.38,-2.5,12,female,0,2704.3748031,0,27,0.0,0.0,1.0,0.0,0.0,0.0,113.0,0.0,96.0
334,335,2.0,1.0,1.0,1.0,4.0,1.684718999999859,-38.5,15.0,0.1,orientation,color,size,0.38,-2.5,12,female,0,2704.3748031,0,27,0.0,0.0,1.0,0.0,0.0,0.0,114.0,0.0,97.0
335,336,2.0,0.0,0.0,1.0,4.0,0.8509997999999541,-20.5,4.0,0.3,orientation,color,size,0.38,-2.5,12,female,0,2704.3748031,0,27,0.0,0.0,1.0,0.0,0.0,0.0,115.0,0.0,98.0
336,337,2.0,2.0,3.0,0.0,4.0,1.2334452000000056,60.5,18.0,0.14,orientation,color,size,0.38,-2.5,12,female,0,2704.3748031,0,27,0.0,1.0,1.0,0.0,0.0,0.0,116.0,0.0,99.0
337,338,2.0,2.0,2.0,1.0,4.0,1.917198500000268,6.5,6.0,0.38,orientation,color,size,0.38,-2.5,12,female,0,2704.3748031,1,27,0.0,0.0,1.0,0.0,-1.0,0.0,117.0,0.0,100.0
338,339,2.0,0.0,0.0,1.0,4.0,1.233826799999861,-16.0,10.0,0.26,orientation,color,size,0.38,-2.5,12,female,0,2704.3748031,0,27,0.0,0.0,1.0,0.0,1.0,0.0,118.0,0.0,101.0
339,340,2.0,1.0,1.0,1.0,4.0,0.7665873999999349,-52.0,19.0,0.26,orientation,color,size,0.38,-2.5,12,female,0,2704.3748031,0,27,0.0,0.0,1.0,0.0,0.0,0.0,119.0,0.0,102.0
340,341,2.0,2.0,2.0,1.0,4.0,1.8498893000000864,2.0,1.0,0.38,orientation,color,size,0.38,-2.5,12,female,0,2704.3748031,0,27,0.0,0.0,1.0,0.0,0.0,0.0,120.0,0.0,103.0
341,342,2.0,2.0,2.0,1.0,4.0,0.6671580000001995,6.5,12.0,0.3,orientation,color,size,0.38,-2.5,12,female,0,2704.3748031,0,27,0.0,0.0,1.0,0.0,0.0,0.0,121.0,0.0,104.0
342,343,2.0,2.0,2.0,1.0,4.0,1.100688099999843,38.0,0.0,0.3400000000000001,orientation,color,size,0.38,-2.5,12,female,0,2704.3748031,0,27,0.0,0.0,1.0,0.0,0.0,0.0,122.0,0.0,105.0
343,344,2.0,1.0,1.0,1.0,4.0,1.0997809999998935,-88.0,19.0,0.22,orientation,color,size,0.38,-2.5,12,female,0,2704.3748031,0,27,0.0,0.0,1.0,0.0,0.0,0.0,123.0,0.0,106.0
344,345,2.0,0.0,1.0,0.0,4.0,0.9659587000001012,-11.5,16.0,0.18,orientation,color,size,0.38,-2.5,12,female,0,2704.3748031,0,27,0.0,1.0,1.0,0.0,0.0,0.0,124.0,0.0,107.0
345,346,2.0,1.0,0.0,0.0,4.0,0.6169565999998667,-74.5,12.0,0.14,orientation,color,size,0.38,-2.5,12,female,0,2704.3748031,1,27,0.0,1.0,1.0,0.0,-1.0,0.0,125.0,0.0,108.0
346,347,2.0,2.0,2.0,1.0,4.0,0.7985227999997733,65.0,6.0,0.26,orientation,color,size,0.38,-2.5,12,female,0,2704.3748031,1,27,0.0,0.0,1.0,0.0,0.0,0.0,126.0,0.0,109.0
347,348,2.0,2.0,2.0,1.0,4.0,0.6671289000000797,51.5,9.0,0.22,orientation,color,size,0.38,-2.5,12,female,0,2704.3748031,0,27,0.0,0.0,1.0,0.0,1.0,0.0,127.0,0.0,110.0
348,349,2.0,0.0,0.0,1.0,4.0,1.033397100000002,-11.5,8.0,0.3400000000000001,orientation,color,size,0.38,-2.5,12,female,0,2704.3748031,0,27,0.0,0.0,1.0,0.0,0.0,0.0,128.0,0.0,111.0
349,350,2.0,2.0,2.0,1.0,4.0,0.8825286000001142,24.5,3.0,0.18,orientation,color,size,0.38,-2.5,12,female,0,2704.3748031,0,27,0.0,0.0,1.0,0.0,0.0,0.0,129.0,0.0,112.0
350,351,2.0,2.0,2.0,1.0,4.0,1.0164852999996583,87.5,12.0,0.42,orientation,color,size,0.38,-2.5,12,female,0,2704.3748031,0,27,0.0,0.0,1.0,0.0,0.0,0.0,130.0,0.0,113.0
351,352,2.0,1.0,0.0,0.0,4.0,1.7837223999999878,-88.0,4.0,0.38,orientation,color,size,0.38,-2.5,12,female,0,2704.3748031,0,27,0.0,1.0,1.0,0.0,0.0,0.0,131.0,0.0,114.0
352,353,2.0,0.0,0.0,1.0,4.0,2.549466100000245,-47.5,11.0,0.18,orientation,color,size,0.38,-2.5,12,female,0,2704.3748031,1,27,0.0,0.0,1.0,0.0,-1.0,0.0,132.0,0.0,115.0
353,354,2.0,3.0,3.0,1.0,4.0,1.266623199999685,42.5,17.0,0.38,orientation,color,size,0.38,-2.5,12,female,0,2704.3748031,0,27,0.0,0.0,1.0,0.0,1.0,0.0,133.0,0.0,116.0
354,355,2.0,3.0,3.0,1.0,4.0,0.766241099999661,60.5,18.0,0.38,orientation,color,size,0.38,-2.5,12,female,0,2704.3748031,0,27,0.0,0.0,1.0,0.0,0.0,0.0,134.0,0.0,117.0
355,356,2.0,3.0,3.0,1.0,4.0,0.7672884999997223,33.5,16.0,0.38,orientation,color,size,0.38,-2.5,12,female,0,2704.3748031,0,27,0.0,0.0,1.0,0.0,0.0,0.0,135.0,0.0,118.0
356,357,2.0,2.0,2.0,1.0,4.0,0.9004257999999936,38.0,1.0,0.26,orientation,color,size,0.38,-2.5,12,female,0,2704.3748031,0,27,0.0,0.0,1.0,0.0,0.0,0.0,136.0,0.0,119.0
357,358,2.0,0.0,0.0,1.0,4.0,1.2164503999997578,-11.5,1.0,0.18,orientation,color,size,0.38,-2.5,12,female,0,2704.3748031,0,27,0.0,0.0,1.0,0.0,0.0,0.0,137.0,0.0,120.0
358,359,2.0,3.0,3.0,1.0,4.0,0.9668802000001052,24.5,13.0,0.22,orientation,color,size,0.38,-2.5,12,female,0,2704.3748031,0,27,0.0,0.0,1.0,0.0,0.0,0.0,138.0,0.0,121.0
359,360,2.0,2.0,2.0,1.0,4.0,1.3001500000000306,78.5,6.0,0.38,orientation,color,size,0.38,-2.5,12,female,0,2704.3748031,0,27,0.0,0.0,1.0,0.0,0.0,0.0,139.0,0.0,122.0
360,361,2.0,1.0,0.0,0.0,4.0,1.4503560000002835,-88.0,4.0,0.3400000000000001,orientation,color,size,0.38,-2.5,12,female,0,2704.3748031,0,27,0.0,1.0,1.0,0.0,0.0,0.0,140.0,0.0,123.0
361,362,2.0,2.0,2.0,1.0,4.0,1.898797000000286,38.0,5.0,0.18,orientation,color,size,0.38,-2.5,12,female,0,2704.3748031,1,27,0.0,0.0,1.0,0.0,-1.0,0.0,141.0,0.0,124.0
362,363,2.0,1.0,3.0,0.0,4.0,2.733248999999887,87.5,17.0,0.1,orientation,color,size,0.38,-2.5,12,female,0,2704.3748031,0,27,0.0,1.0,1.0,0.0,1.0,0.0,142.0,0.0,125.0
363,364,2.0,0.0,1.0,0.0,4.0,1.3162962999999763,-83.5,18.0,0.1,orientation,color,size,0.38,-2.5,12,female,0,2704.3748031,1,27,0.0,1.0,1.0,0.0,-1.0,0.0,143.0,0.0,126.0
364,365,2.0,0.0,0.0,1.0,4.0,1.2331480000002557,-38.5,11.0,0.1,orientation,color,size,0.38,-2.5,12,female,0,2704.3748031,1,27,0.0,0.0,1.0,0.0,0.0,0.0,144.0,0.0,127.0
365,366,2.0,3.0,3.0,1.0,4.0,1.082980900000166,2.0,17.0,0.38,orientation,color,size,0.38,-2.5,12,female,0,2704.3748031,0,27,0.0,0.0,1.0,0.0,1.0,0.0,145.0,0.0,128.0
366,367,2.0,3.0,3.0,1.0,4.0,1.56670320000012,42.5,17.0,0.3400000000000001,orientation,color,size,0.38,-2.5,12,female,0,2704.3748031,0,27,0.0,0.0,1.0,0.0,0.0,0.0,146.0,0.0,129.0
367,368,2.0,0.0,0.0,1.0,4.0,1.1337155999999595,-61.0,6.0,0.3400000000000001,orientation,color,size,0.38,-2.5,12,female,0,2704.3748031,0,27,0.0,0.0,1.0,0.0,0.0,0.0,147.0,0.0,130.0
368,369,2.0,0.0,0.0,1.0,4.0,1.0670706000000791,-79.0,2.0,0.3400000000000001,orientation,color,size,0.38,-2.5,12,female,0,2704.3748031,0,27,0.0,0.0,1.0,0.0,0.0,0.0,148.0,0.0,131.0
369,370,2.0,2.0,2.0,1.0,4.0,1.1172295999999733,87.5,5.0,0.3,orientation,color,size,0.38,-2.5,12,female,0,2704.3748031,0,27,0.0,0.0,1.0,0.0,0.0,0.0,149.0,0.0,132.0
370,371,2.0,2.0,2.0,1.0,4.0,0.750891899999715,87.5,12.0,0.38,orientation,color,size,0.38,-2.5,12,female,0,2704.3748031,0,27,0.0,0.0,1.0,0.0,0.0,0.0,150.0,0.0,133.0
371,372,2.0,3.0,3.0,1.0,4.0,0.7336018999999396,24.5,24.0,0.3400000000000001,orientation,color,size,0.38,-2.5,12,female,0,2704.3748031,0,27,0.0,0.0,1.0,0.0,0.0,0.0,151.0,0.0,134.0
372,373,2.0,0.0,0.0,1.0,4.0,1.016427699999895,-29.5,0.0,0.14,orientation,color,size,0.38,-2.5,12,female,0,2704.3748031,0,27,0.0,0.0,1.0,0.0,0.0,0.0,152.0,0.0,135.0
373,374,2.0,1.0,3.0,0.0,4.0,1.6171998999998325,-2.5,23.0,0.18,orientation,color,size,0.38,-2.5,12,female,0,2704.3748031,0,27,0.0,1.0,1.0,0.0,0.0,0.0,153.0,0.0,136.0
374,375,2.0,1.0,1.0,1.0,4.0,1.1833867000000282,-79.0,19.0,0.18,orientation,color,size,0.38,-2.5,12,female,0,2704.3748031,1,27,0.0,0.0,1.0,0.0,-1.0,0.0,154.0,0.0,137.0
375,376,2.0,2.0,2.0,1.0,4.0,0.983938500000022,56.0,10.0,0.22,orientation,color,size,0.38,-2.5,12,female,0,2704.3748031,0,27,0.0,0.0,1.0,0.0,1.0,0.0,155.0,0.0,138.0
376,377,2.0,1.0,0.0,0.0,4.0,0.7338850999999522,-83.5,10.0,0.26,orientation,color,size,0.38,-2.5,12,female,0,2704.3748031,0,27,0.0,1.0,1.0,0.0,0.0,0.0,156.0,0.0,139.0
377,378,2.0,1.0,1.0,1.0,4.0,1.7656065999999555,-25.0,14.0,0.14,orientation,color,size,0.38,-2.5,12,female,0,2704.3748031,1,27,0.0,0.0,1.0,0.0,-1.0,0.0,157.0,0.0,140.0
378,379,2.0,3.0,3.0,1.0,4.0,1.2835731000000123,78.5,19.0,0.42,orientation,color,size,0.38,-2.5,12,female,0,2704.3748031,0,27,0.0,0.0,1.0,0.0,1.0,0.0,158.0,0.0,141.0
379,380,2.0,3.0,3.0,1.0,4.0,0.934417100000246,60.5,23.0,0.22,orientation,color,size,0.38,-2.5,12,female,0,2704.3748031,0,27,0.0,0.0,1.0,0.0,0.0,0.0,159.0,0.0,142.0
380,381,2.0,2.0,2.0,1.0,4.0,0.9178484000003664,47.0,1.0,0.3,orientation,color,size,0.38,-2.5,12,female,0,2704.3748031,0,27,0.0,0.0,1.0,0.0,0.0,0.0,160.0,0.0,143.0
381,382,2.0,2.0,2.0,1.0,4.0,0.7333110999998098,42.5,8.0,0.38,orientation,color,size,0.38,-2.5,12,female,0,2704.3748031,0,27,0.0,0.0,1.0,0.0,0.0,0.0,161.0,0.0,144.0
382,383,2.0,0.0,0.0,1.0,4.0,1.2164045999998052,-25.0,5.0,0.22,orientation,color,size,0.38,-2.5,12,female,0,2704.3748031,0,27,0.0,0.0,1.0,0.0,0.0,0.0,162.0,0.0,145.0
383,384,2.0,3.0,3.0,1.0,4.0,3.1332469000003584,69.5,13.0,0.4600000000000001,orientation,color,size,0.38,-2.5,12,female,0,2704.3748031,0,27,0.0,0.0,1.0,0.0,0.0,0.0,163.0,0.0,146.0
384,385,2.0,2.0,2.0,1.0,4.0,1.3003587999996853,47.0,10.0,0.22,orientation,color,size,0.38,-2.5,12,female,0,2704.3748031,0,27,0.0,0.0,1.0,0.0,0.0,0.0,164.0,0.0,147.0
385,386,2.0,0.0,0.0,1.0,4.0,2.9332963000001655,-52.0,12.0,0.4600000000000001,orientation,color,size,0.38,-2.5,12,female,0,2704.3748031,0,27,0.0,0.0,1.0,0.0,0.0,0.0,165.0,0.0,148.0
386,387,2.0,3.0,3.0,1.0,4.0,1.2832714999999553,29.0,16.0,0.14,orientation,color,size,0.38,-2.5,12,female,0,2704.3748031,0,27,0.0,0.0,1.0,0.0,0.0,0.0,166.0,0.0,149.0
387,388,3.0,4.0,6.0,0.0,8.0,1.7153465999999753,83.0,17.0,0.22,orientation,color,size,0.38,-2.5,12,female,0,2704.3748031,1,27,0.0,0.0,1.0,0.0,0.0,0.0,167.0,1.0,0.0
388,389,3.0,2.0,2.0,1.0,8.0,1.0841107999999622,-52.0,16.0,0.18,orientation,color,size,0.38,-2.5,12,female,0,2704.3748031,1,27,0.0,0.0,0.0,0.0,0.0,0.0,168.0,2.0,0.0
389,390,3.0,3.0,2.0,0.0,8.0,0.9497891000000892,-83.5,16.0,0.26,orientation,color,size,0.38,-2.5,12,female,0,2704.3748031,0,27,0.0,0.0,1.0,0.0,0.0,1.0,169.0,3.0,0.0
390,391,3.0,7.0,6.0,0.0,8.0,2.098685899999964,38.0,14.0,0.3,orientation,color,size,0.38,-2.5,12,female,0,2704.3748031,1,27,0.0,0.0,1.0,0.0,0.0,-1.0,170.0,4.0,0.0
391,392,3.0,2.0,4.0,0.0,8.0,1.7826488000000609,-2.5,11.0,0.1,orientation,color,size,0.38,-2.5,12,female,0,2704.3748031,1,27,0.0,0.0,2.0,0.0,0.0,0.0,171.0,5.0,0.0
392,393,3.0,3.0,2.0,0.0,8.0,1.09914340000023,-52.0,23.0,0.1,orientation,color,size,0.38,-2.5,12,female,0,2704.3748031,1,27,0.0,0.0,1.0,0.0,0.0,-1.0,172.0,6.0,0.0
393,394,3.0,5.0,6.0,0.0,8.0,0.8649602999998933,33.5,19.0,0.14,orientation,color,size,0.38,-2.5,12,female,0,2704.3748031,1,27,0.0,0.0,2.0,0.0,0.0,1.0,173.0,7.0,0.0
394,395,3.0,6.0,6.0,1.0,8.0,0.8998238999997739,6.5,19.0,0.3400000000000001,orientation,color,size,0.38,-2.5,12,female,0,2704.3748031,1,27,0.0,0.0,0.0,0.0,0.0,-1.0,174.0,8.0,0.0
395,396,3.0,3.0,0.0,0.0,8.0,0.9495965999999498,-79.0,7.0,0.1,orientation,color,size,0.38,-2.5,12,female,0,2704.3748031,0,27,0.0,0.0,2.0,0.0,0.0,2.0,175.0,9.0,0.0
396,397,3.0,0.0,2.0,0.0,8.0,1.4825274999998328,-61.0,23.0,0.1,orientation,color,size,0.38,-2.5,12,female,0,2704.3748031,1,27,0.0,0.0,1.0,0.0,0.0,-2.0,176.0,10.0,0.0
397,398,3.0,0.0,1.0,0.0,8.0,1.0161503999997876,-16.0,6.0,0.42,orientation,color,size,0.38,-2.5,12,female,0,2704.3748031,1,27,0.0,0.0,1.0,0.0,0.0,1.0,177.0,11.0,0.0
398,399,3.0,6.0,4.0,0.0,8.0,1.831671500000084,6.5,4.0,0.3,orientation,color,size,0.38,-2.5,12,female,0,2704.3748031,1,27,0.0,0.0,1.0,0.0,0.0,0.0,178.0,12.0,0.0
399,400,3.0,2.0,1.0,0.0,8.0,1.1818825000000288,-47.5,1.0,0.38,orientation,color,size,0.38,-2.5,12,female,0,2704.3748031,1,27,0.0,0.0,2.0,0.0,0.0,0.0,179.0,13.0,0.0
400,401,3.0,4.0,6.0,0.0,8.0,1.2495358999999553,56.0,23.0,0.18,orientation,color,size,0.38,-2.5,12,female,0,2704.3748031,1,27,0.0,0.0,1.0,0.0,0.0,-1.0,180.0,14.0,0.0
401,402,3.0,1.0,2.0,0.0,8.0,3.9496037999997498,-20.5,15.0,0.14,orientation,color,size,0.38,-2.5,12,female,0,2704.3748031,1,27,0.0,0.0,2.0,0.0,0.0,1.0,181.0,15.0,0.0
402,403,3.0,5.0,4.0,0.0,8.0,1.4011196000001291,15.5,1.0,0.26,orientation,color,size,0.38,-2.5,12,female,0,2704.3748031,1,27,0.0,0.0,1.0,0.0,0.0,-1.0,182.0,16.0,0.0
403,404,3.0,4.0,6.0,0.0,8.0,0.9329733999998098,60.5,16.0,0.14,orientation,color,size,0.38,-2.5,12,female,0,2704.3748031,1,27,0.0,0.0,1.0,0.0,0.0,1.0,183.0,17.0,0.0
404,405,3.0,2.0,2.0,1.0,8.0,0.9834197000000132,-25.0,15.0,0.1,orientation,color,size,0.38,-2.5,12,female,0,2704.3748031,1,27,0.0,0.0,0.0,0.0,0.0,0.0,184.0,18.0,0.0
405,406,3.0,2.0,2.0,1.0,8.0,1.4004046000000017,-56.5,17.0,0.18,orientation,color,size,0.38,-2.5,12,female,0,2704.3748031,0,27,0.0,0.0,0.0,0.0,0.0,1.0,185.0,19.0,0.0
406,407,3.0,4.0,6.0,0.0,8.0,1.2830054999999447,83.0,13.0,0.3,orientation,color,size,0.38,-2.5,12,female,0,2704.3748031,0,27,0.0,0.0,1.0,0.0,0.0,0.0,186.0,20.0,0.0
407,408,3.0,6.0,6.0,1.0,8.0,1.716696100000263,15.5,17.0,0.22,orientation,color,size,0.38,-2.5,12,female,0,2704.3748031,1,27,0.0,0.0,0.0,0.0,0.0,-1.0,187.0,21.0,0.0
408,409,3.0,5.0,4.0,0.0,8.0,2.282953800000086,69.5,11.0,0.22,orientation,color,size,0.38,-2.5,12,female,0,2704.3748031,0,27,0.0,0.0,1.0,0.0,0.0,1.0,188.0,22.0,0.0
409,410,3.0,3.0,2.0,0.0,8.0,2.116696300000058,-74.5,16.0,0.14,orientation,color,size,0.38,-2.5,12,female,0,2704.3748031,1,27,0.0,0.0,1.0,0.0,0.0,-1.0,189.0,23.0,0.0
410,411,3.0,5.0,5.0,1.0,8.0,2.816122599999744,69.5,12.0,0.38,orientation,color,size,0.38,-2.5,12,female,0,2704.3748031,1,27,0.0,0.0,0.0,0.0,0.0,0.0,190.0,24.0,0.0
411,412,3.0,1.0,0.0,0.0,8.0,2.250384099999792,-11.5,5.0,0.22,orientation,color,size,0.38,-2.5,12,female,0,2704.3748031,0,27,0.0,0.0,1.0,0.0,0.0,1.0,191.0,25.0,0.0
412,413,3.0,6.0,6.0,1.0,8.0,2.4158878999996887,24.5,16.0,0.1,orientation,color,size,0.38,-2.5,12,female,0,2704.3748031,1,27,0.0,0.0,0.0,0.0,0.0,-1.0,192.0,26.0,0.0
413,414,3.0,0.0,0.0,1.0,8.0,1.3666653000000224,-25.0,2.0,0.26,orientation,color,size,0.38,-2.5,12,female,0,2704.3748031,0,27,0.0,0.0,0.0,0.0,0.0,1.0,193.0,27.0,0.0
414,415,3.0,2.0,3.0,0.0,8.0,2.332901900000252,-88.0,20.0,0.38,orientation,color,size,0.38,-2.5,12,female,0,2704.3748031,0,27,0.0,0.0,1.0,0.0,0.0,0.0,194.0,28.0,0.0
415,416,3.0,5.0,4.0,0.0,8.0,1.1832122000000709,56.0,7.0,0.3,orientation,color,size,0.38,-2.5,12,female,0,2704.3748031,1,27,0.0,0.0,1.0,0.0,0.0,-1.0,195.0,29.0,0.0
416,417,3.0,1.0,3.0,0.0,8.0,1.5661964999999327,-16.0,14.0,0.42,orientation,color,size,0.38,-2.5,12,female,0,2704.3748031,1,27,0.0,0.0,1.0,0.0,0.0,0.0,196.0,30.0,0.0
417,418,3.0,1.0,2.0,0.0,8.0,2.5166130999996312,-43.0,15.0,0.22,orientation,color,size,0.38,-2.5,12,female,0,2704.3748031,1,27,0.0,0.0,2.0,0.0,0.0,0.0,197.0,31.0,0.0
418,419,3.0,4.0,4.0,1.0,8.0,1.0824910000001182,83.0,11.0,0.18,orientation,color,size,0.38,-2.5,12,female,0,2704.3748031,1,27,0.0,0.0,0.0,0.0,0.0,-1.0,198.0,32.0,0.0
419,420,3.0,5.0,7.0,0.0,8.0,1.1496249999995598,33.5,24.0,0.42,orientation,color,size,0.38,-2.5,12,female,0,2704.3748031,0,27,0.0,0.0,1.0,0.0,0.0,2.0,199.0,33.0,0.0
420,421,3.0,2.0,0.0,0.0,8.0,1.665376599999945,-79.0,11.0,0.3,orientation,color,size,0.38,-2.5,12,female,0,2704.3748031,1,27,0.0,0.0,1.0,0.0,0.0,-1.0,200.0,34.0,0.0
421,422,3.0,7.0,4.0,0.0,8.0,2.415778600000067,47.0,9.0,0.3,orientation,color,size,0.38,-2.5,12,female,0,2704.3748031,1,27,0.0,0.0,2.0,0.0,0.0,0.0,201.0,35.0,0.0
422,423,3.0,5.0,6.0,0.0,8.0,2.832034399999884,83.0,22.0,0.22,orientation,color,size,0.38,-2.5,12,female,0,2704.3748031,1,27,0.0,0.0,2.0,0.0,0.0,-1.0,202.0,36.0,0.0
423,424,3.0,6.0,6.0,1.0,8.0,1.1663653000000522,42.5,20.0,0.22,orientation,color,size,0.38,-2.5,12,female,0,2704.3748031,1,27,0.0,0.0,0.0,0.0,0.0,0.0,203.0,37.0,0.0
424,425,3.0,2.0,2.0,1.0,8.0,2.26710520000006,-88.0,13.0,0.1,orientation,color,size,0.38,-2.5,12,female,0,2704.3748031,0,27,0.0,0.0,0.0,0.0,0.0,2.0,204.0,38.0,0.0
425,426,3.0,2.0,1.0,0.0,8.0,2.084389199999805,-83.5,8.0,0.38,orientation,color,size,0.38,-2.5,12,female,0,2704.3748031,0,27,0.0,0.0,2.0,0.0,0.0,0.0,205.0,39.0,0.0
426,427,3.0,5.0,4.0,0.0,8.0,1.6831922000001214,65.0,6.0,0.1,orientation,color,size,0.38,-2.5,12,female,0,2704.3748031,1,27,0.0,0.0,1.0,0.0,0.0,-2.0,206.0,40.0,0.0
427,428,3.0,3.0,0.0,0.0,8.0,0.8827133999998296,-74.5,0.0,0.14,orientation,color,size,0.38,-2.5,12,female,0,2704.3748031,1,27,0.0,0.0,2.0,0.0,0.0,1.0,207.0,41.0,0.0
428,429,3.0,0.0,0.0,1.0,8.0,1.482634599999983,-11.5,0.0,0.14,orientation,color,size,0.38,-2.5,12,female,0,2704.3748031,1,27,0.0,0.0,0.0,0.0,0.0,-1.0,208.0,42.0,0.0
429,430,3.0,0.0,6.0,0.0,8.0,1.53433989999985,-2.5,14.0,0.3,orientation,color,size,0.38,-2.5,12,female,0,2704.3748031,0,27,0.0,0.0,2.0,0.0,0.0,2.0,209.0,43.0,0.0
430,431,3.0,5.0,6.0,0.0,8.0,1.483166699999856,83.0,23.0,0.18,orientation,color,size,0.38,-2.5,12,female,0,2704.3748031,1,27,0.0,0.0,2.0,0.0,0.0,-2.0,210.0,44.0,0.0
431,432,3.0,2.0,2.0,1.0,8.0,2.048974199999975,-56.5,24.0,0.18,orientation,color,size,0.38,-2.5,12,female,0,2704.3748031,1,27,0.0,0.0,0.0,0.0,0.0,0.0,211.0,45.0,0.0
432,433,3.0,1.0,4.0,0.0,8.0,1.6996413000001669,-2.5,5.0,0.1,orientation,color,size,0.38,-2.5,12,female,0,2704.3748031,0,27,0.0,0.0,2.0,0.0,0.0,2.0,212.0,46.0,0.0
433,434,3.0,6.0,4.0,0.0,8.0,15.232995299999857,42.5,9.0,0.14,orientation,color,size,0.38,-2.5,12,female,0,2704.3748031,1,27,0.0,0.0,1.0,0.0,0.0,-2.0,213.0,47.0,0.0
434,435,3.0,6.0,4.0,0.0,8.0,1.7000871000000188,24.5,4.0,0.18,orientation,color,size,0.38,-2.5,12,female,0,2704.3748031,1,27,0.0,0.0,1.0,0.0,0.0,1.0,214.0,48.0,0.0
435,436,3.0,1.0,2.0,0.0,8.0,1.048562999999831,-7.0,13.0,0.22,orientation,color,size,0.38,-2.5,12,female,0,2704.3748031,1,27,0.0,0.0,2.0,0.0,0.0,0.0,215.0,49.0,0.0
436,437,3.0,2.0,0.0,0.0,8.0,0.7336411000001135,-29.5,2.0,0.3,orientation,color,size,0.38,-2.5,12,female,0,2704.3748031,1,27,0.0,0.0,1.0,0.0,0.0,-1.0,216.0,50.0,0.0
437,438,3.0,7.0,7.0,1.0,8.0,2.3996040999995785,20.0,13.0,0.4600000000000001,orientation,color,size,0.38,-2.5,12,female,0,2704.3748031,1,27,0.0,0.0,0.0,0.0,0.0,1.0,217.0,51.0,0.0
438,439,3.0,6.0,6.0,1.0,8.0,2.1667215999996188,69.5,22.0,0.22,orientation,color,size,0.38,-2.5,12,female,0,2704.3748031,0,27,0.0,0.0,0.0,0.0,0.0,1.0,218.0,52.0,0.0
439,440,3.0,7.0,6.0,0.0,8.0,0.9172005000000354,24.5,16.0,0.3,orientation,color,size,0.38,-2.5,12,female,0,2704.3748031,0,27,0.0,0.0,1.0,0.0,0.0,0.0,219.0,53.0,0.0
440,441,3.0,0.0,1.0,0.0,8.0,1.1989104999997835,-34.0,6.0,0.42,orientation,color,size,0.38,-2.5,12,female,0,2704.3748031,1,27,0.0,0.0,1.0,0.0,0.0,-1.0,220.0,54.0,0.0
441,442,3.0,1.0,0.0,0.0,8.0,2.56633230000034,-79.0,8.0,0.3,orientation,color,size,0.38,-2.5,12,female,0,2704.3748031,1,27,0.0,0.0,1.0,0.0,0.0,0.0,221.0,55.0,0.0
442,443,3.0,7.0,7.0,1.0,8.0,1.633100800000193,83.0,24.0,0.38,orientation,color,size,0.38,-2.5,12,female,0,2704.3748031,1,27,0.0,0.0,0.0,0.0,0.0,0.0,222.0,56.0,0.0
443,444,3.0,1.0,0.0,0.0,8.0,1.282388500000252,-65.5,4.0,0.3400000000000001,orientation,color,size,0.38,-2.5,12,female,0,2704.3748031,0,27,0.0,0.0,1.0,0.0,0.0,1.0,223.0,57.0,0.0
444,445,3.0,1.0,0.0,0.0,8.0,2.3818215000001146,-88.0,2.0,0.3,orientation,color,size,0.38,-2.5,12,female,0,2704.3748031,1,27,0.0,0.0,1.0,0.0,0.0,-1.0,224.0,58.0,0.0
445,446,3.0,0.0,2.0,0.0,8.0,1.2657043999997768,-43.0,17.0,0.1,orientation,color,size,0.38,-2.5,12,female,0,2704.3748031,1,27,0.0,0.0,1.0,0.0,0.0,0.0,225.0,59.0,0.0
446,447,3.0,4.0,4.0,1.0,8.0,2.48268089999965,74.0,12.0,0.18,orientation,color,size,0.38,-2.5,12,female,0,2704.3748031,1,27,0.0,0.0,0.0,0.0,0.0,0.0,226.0,60.0,0.0
447,448,3.0,4.0,7.0,0.0,8.0,1.216568599999846,78.5,13.0,0.4600000000000001,orientation,color,size,0.38,-2.5,12,female,0,2704.3748031,0,27,0.0,0.0,2.0,0.0,0.0,1.0,227.0,61.0,0.0
448,449,3.0,7.0,5.0,0.0,8.0,1.182483200000206,51.5,9.0,0.42,orientation,color,size,0.38,-2.5,12,female,0,2704.3748031,1,27,0.0,0.0,1.0,0.0,0.0,-2.0,228.0,62.0,0.0
449,450,3.0,5.0,5.0,1.0,8.0,1.4317894999999226,78.5,6.0,0.38,orientation,color,size,0.38,-2.5,12,female,0,2704.3748031,1,27,0.0,0.0,0.0,0.0,0.0,1.0,229.0,63.0,0.0
450,451,3.0,1.0,0.0,0.0,8.0,1.2165311000003385,-20.5,8.0,0.18,orientation,color,size,0.38,-2.5,12,female,0,2704.3748031,0,27,0.0,0.0,1.0,0.0,0.0,1.0,230.0,64.0,0.0
451,452,3.0,4.0,4.0,1.0,8.0,1.199239699999907,83.0,1.0,0.18,orientation,color,size,0.38,-2.5,12,female,0,2704.3748031,1,27,0.0,0.0,0.0,0.0,0.0,-1.0,231.0,65.0,0.0
452,453,3.0,2.0,0.0,0.0,8.0,1.4659704000000602,-56.5,10.0,0.3400000000000001,orientation,color,size,0.38,-2.5,12,female,0,2704.3748031,0,27,0.0,0.0,1.0,0.0,0.0,1.0,232.0,66.0,0.0
453,454,3.0,0.0,3.0,0.0,8.0,0.8152809999996862,-29.5,16.0,0.38,orientation,color,size,0.38,-2.5,12,female,0,2704.3748031,1,27,0.0,0.0,2.0,0.0,0.0,-1.0,233.0,67.0,0.0
454,455,3.0,2.0,6.0,0.0,8.0,1.0823089999998956,-2.5,13.0,0.22,orientation,color,size,0.38,-2.5,12,female,0,2704.3748031,1,27,0.0,0.0,1.0,0.0,0.0,-1.0,234.0,68.0,0.0
455,456,3.0,6.0,4.0,0.0,8.0,1.615965099999812,51.5,8.0,0.1,orientation,color,size,0.38,-2.5,12,female,0,2704.3748031,1,27,0.0,0.0,1.0,0.0,0.0,1.0,235.0,69.0,0.0
456,457,3.0,5.0,6.0,0.0,8.0,1.9825314999998227,65.0,18.0,0.18,orientation,color,size,0.38,-2.5,12,female,0,2704.3748031,1,27,0.0,0.0,2.0,0.0,0.0,0.0,236.0,70.0,0.0
457,458,3.0,0.0,3.0,0.0,8.0,1.3492709000001923,-34.0,23.0,0.42,orientation,color,size,0.38,-2.5,12,female,0,2704.3748031,1,27,0.0,0.0,2.0,0.0,0.0,-1.0,237.0,71.0,0.0
458,459,3.0,4.0,6.0,0.0,8.0,1.1824547999999595,42.5,19.0,0.1,orientation,color,size,0.38,-2.5,12,female,0,2704.3748031,1,27,0.0,0.0,1.0,0.0,0.0,0.0,238.0,72.0,0.0
459,460,3.0,4.0,4.0,1.0,8.0,1.4498114999996687,69.5,11.0,0.1,orientation,color,size,0.38,-2.5,12,female,0,2704.3748031,1,27,0.0,0.0,0.0,0.0,0.0,1.0,239.0,73.0,0.0
460,461,3.0,3.0,0.0,0.0,8.0,0.7668948000000455,-65.5,12.0,0.1,orientation,color,size,0.38,-2.5,12,female,0,2704.3748031,0,27,0.0,0.0,2.0,0.0,0.0,1.0,240.0,74.0,0.0
461,462,3.0,0.0,2.0,0.0,8.0,0.798651499999778,-11.5,19.0,0.14,orientation,color,size,0.38,-2.5,12,female,0,2704.3748031,1,27,0.0,0.0,1.0,0.0,0.0,-2.0,241.0,75.0,0.0
462,463,3.0,6.0,5.0,0.0,8.0,4.615966699999717,29.0,7.0,0.38,orientation,color,size,0.38,-2.5,12,female,0,2704.3748031,1,27,0.0,0.0,2.0,0.0,0.0,1.0,242.0,76.0,0.0
463,464,3.0,5.0,6.0,0.0,8.0,1.149997600000006,38.0,14.0,0.3,orientation,color,size,0.38,-2.5,12,female,0,2704.3748031,1,27,0.0,0.0,2.0,0.0,0.0,-1.0,243.0,77.0,0.0
464,465,3.0,1.0,1.0,1.0,8.0,1.0842846999998983,-38.5,4.0,0.38,orientation,color,size,0.38,-2.5,12,female,0,2704.3748031,1,27,0.0,0.0,0.0,0.0,0.0,0.0,244.0,78.0,0.0
465,466,3.0,6.0,5.0,0.0,8.0,1.2498568000000887,47.0,2.0,0.42,orientation,color,size,0.38,-2.5,12,female,0,2704.3748031,0,27,0.0,0.0,2.0,0.0,0.0,2.0,245.0,79.0,0.0
466,467,3.0,2.0,0.0,0.0,8.0,4.766147600000295,-56.5,4.0,0.22,orientation,color,size,0.38,-2.5,12,female,0,2704.3748031,1,27,0.0,0.0,1.0,0.0,0.0,-2.0,246.0,80.0,0.0
467,468,3.0,7.0,7.0,1.0,8.0,6.183247900000424,60.5,16.0,0.4600000000000001,orientation,color,size,0.38,-2.5,12,female,0,2704.3748031,1,27,0.0,0.0,0.0,0.0,0.0,1.0,247.0,81.0,0.0
468,469,3.0,0.0,0.0,1.0,8.0,2.383729399999993,-79.0,4.0,0.26,orientation,color,size,0.38,-2.5,12,female,0,2704.3748031,0,27,0.0,0.0,0.0,0.0,0.0,1.0,248.0,82.0,0.0
469,470,3.0,6.0,6.0,1.0,8.0,4.265754500000185,56.0,13.0,0.14,orientation,color,size,0.38,-2.5,12,female,0,2704.3748031,0,27,0.0,0.0,0.0,0.0,0.0,0.0,249.0,83.0,0.0
470,471,3.0,1.0,2.0,0.0,8.0,1.800084500000139,-56.5,19.0,0.14,orientation,color,size,0.38,-2.5,12,female,0,2704.3748031,0,27,0.0,0.0,2.0,0.0,0.0,0.0,250.0,84.0,0.0
471,472,3.0,0.0,2.0,0.0,8.0,1.6329815999997663,-11.5,20.0,0.3400000000000001,orientation,color,size,0.38,-2.5,12,female,0,2704.3748031,1,27,0.0,0.0,1.0,0.0,0.0,-2.0,251.0,85.0,0.0
472,473,3.0,1.0,1.0,1.0,8.0,2.3496439999998984,-70.0,2.0,0.4600000000000001,orientation,color,size,0.38,-2.5,12,female,0,2704.3748031,1,27,0.0,0.0,0.0,0.0,0.0,1.0,252.0,86.0,0.0
473,474,3.0,0.0,0.0,1.0,8.0,1.2828175999998166,-25.0,0.0,0.26,orientation,color,size,0.38,-2.5,12,female,0,2704.3748031,0,27,0.0,0.0,0.0,0.0,0.0,1.0,253.0,87.0,0.0
474,475,3.0,6.0,4.0,0.0,8.0,1.3170790999997737,42.5,12.0,0.3,orientation,color,size,0.38,-2.5,12,female,0,2704.3748031,0,27,0.0,0.0,1.0,0.0,0.0,0.0,254.0,88.0,0.0
475,476,3.0,4.0,4.0,1.0,8.0,1.8335594999998648,15.5,7.0,0.3400000000000001,orientation,color,size,0.38,-2.5,12,female,0,2704.3748031,1,27,0.0,0.0,0.0,0.0,0.0,-1.0,255.0,89.0,0.0
476,477,3.0,4.0,6.0,0.0,8.0,0.8676101000000926,56.0,24.0,0.1,orientation,color,size,0.38,-2.5,12,female,0,2704.3748031,0,27,0.0,0.0,1.0,0.0,0.0,1.0,256.0,90.0,0.0
477,478,3.0,1.0,4.0,0.0,8.0,0.9660985000000436,-2.5,10.0,0.3400000000000001,orientation,color,size,0.38,-2.5,12,female,0,2704.3748031,1,27,0.0,0.0,2.0,0.0,0.0,-1.0,257.0,91.0,0.0
478,479,3.0,4.0,4.0,1.0,8.0,1.399352400000225,87.5,5.0,0.22,orientation,color,size,0.38,-2.5,12,female,0,2704.3748031,1,27,0.0,0.0,0.0,0.0,0.0,-1.0,258.0,92.0,0.0
479,480,3.0,7.0,7.0,1.0,8.0,1.2504685999997491,2.0,23.0,0.42,orientation,color,size,0.38,-2.5,12,female,0,2704.3748031,0,27,0.0,0.0,0.0,0.0,0.0,2.0,259.0,93.0,0.0
480,481,3.0,0.0,0.0,1.0,8.0,1.2343713000000207,-16.0,6.0,0.1,orientation,color,size,0.38,-2.5,12,female,0,2704.3748031,0,27,0.0,0.0,0.0,0.0,0.0,0.0,260.0,94.0,0.0
481,482,3.0,6.0,4.0,0.0,8.0,1.1001984999998058,20.0,1.0,0.26,orientation,color,size,0.38,-2.5,12,female,0,2704.3748031,0,27,0.0,0.0,1.0,0.0,0.0,0.0,261.0,95.0,0.0
482,483,3.0,0.0,0.0,1.0,8.0,0.7833869000000959,-11.5,5.0,0.14,orientation,color,size,0.38,-2.5,12,female,0,2704.3748031,1,27,0.0,0.0,0.0,0.0,0.0,-1.0,262.0,96.0,0.0
483,484,3.0,4.0,4.0,1.0,8.0,1.716750999999931,33.5,2.0,0.18,orientation,color,size,0.38,-2.5,12,female,0,2704.3748031,0,27,0.0,0.0,0.0,0.0,0.0,1.0,263.0,97.0,0.0
484,485,3.0,3.0,2.0,0.0,8.0,1.250093900000138,-79.0,20.0,0.3400000000000001,orientation,color,size,0.38,-2.5,12,female,0,2704.3748031,0,27,0.0,0.0,1.0,0.0,0.0,0.0,264.0,98.0,0.0
485,486,3.0,0.0,1.0,0.0,8.0,1.016242300000158,-43.0,4.0,0.42,orientation,color,size,0.38,-2.5,12,female,0,2704.3748031,1,27,0.0,0.0,1.0,0.0,0.0,-1.0,265.0,99.0,0.0
486,487,3.0,0.0,6.0,0.0,8.0,1.7826092000000244,-2.5,20.0,0.26,orientation,color,size,0.38,-2.5,12,female,0,2704.3748031,1,27,0.0,0.0,2.0,0.0,0.0,0.0,266.0,100.0,0.0
487,488,3.0,4.0,6.0,0.0,8.0,0.8163120999997773,87.5,15.0,0.14,orientation,color,size,0.38,-2.5,12,female,0,2704.3748031,1,27,0.0,0.0,1.0,0.0,0.0,-1.0,267.0,101.0,0.0
488,489,3.0,3.0,2.0,0.0,8.0,1.6999033000001873,-16.0,20.0,0.14,orientation,color,size,0.38,-2.5,12,female,0,2704.3748031,1,27,0.0,0.0,1.0,0.0,0.0,1.0,268.0,102.0,0.0
489,490,3.0,6.0,4.0,0.0,8.0,1.933802999999898,42.5,12.0,0.3400000000000001,orientation,color,size,0.38,-2.5,12,female,0,2704.3748031,1,27,0.0,0.0,1.0,0.0,0.0,0.0,269.0,103.0,0.0
490,491,3.0,4.0,6.0,0.0,8.0,1.3996748000004118,33.5,15.0,0.22,orientation,color,size,0.38,-2.5,12,female,0,2704.3748031,1,27,0.0,0.0,1.0,0.0,0.0,0.0,270.0,104.0,0.0
491,492,3.0,0.0,2.0,0.0,8.0,1.1499139000002288,-11.5,17.0,0.1,orientation,color,size,0.38,-2.5,12,female,0,2704.3748031,1,27,0.0,0.0,1.0,0.0,0.0,0.0,271.0,105.0,0.0
492,493,3.0,3.0,0.0,0.0,8.0,1.1669056999999157,-56.5,3.0,0.22,orientation,color,size,0.38,-2.5,12,female,0,2704.3748031,1,27,0.0,0.0,2.0,0.0,0.0,0.0,272.0,106.0,0.0
493,494,3.0,6.0,6.0,1.0,8.0,1.5986996000001454,33.5,22.0,0.14,orientation,color,size,0.38,-2.5,12,female,0,2704.3748031,1,27,0.0,0.0,0.0,0.0,0.0,-1.0,273.0,107.0,0.0
494,495,3.0,1.0,2.0,0.0,8.0,1.101026599999841,-43.0,16.0,0.22,orientation,color,size,0.38,-2.5,12,female,0,2704.3748031,0,27,0.0,0.0,2.0,0.0,0.0,2.0,274.0,108.0,0.0
495,496,3.0,3.0,0.0,0.0,8.0,0.9162283000000572,-74.5,0.0,0.3400000000000001,orientation,color,size,0.38,-2.5,12,female,0,2704.3748031,1,27,0.0,0.0,2.0,0.0,0.0,-2.0,275.0,109.0,0.0
496,497,3.0,0.0,3.0,0.0,8.0,2.6997984999998152,-88.0,18.0,0.4600000000000001,orientation,color,size,0.38,-2.5,12,female,0,2704.3748031,1,27,0.0,0.0,2.0,0.0,0.0,0.0,276.0,110.0,0.0
497,498,3.0,2.0,2.0,1.0,8.0,1.482998999999836,-38.5,15.0,0.3,orientation,color,size,0.38,-2.5,12,female,0,2704.3748031,1,27,0.0,0.0,0.0,0.0,0.0,0.0,277.0,111.0,0.0
498,499,3.0,5.0,6.0,0.0,8.0,1.3502908000000389,20.0,14.0,0.26,orientation,color,size,0.38,-2.5,12,female,0,2704.3748031,0,27,0.0,0.0,2.0,0.0,0.0,2.0,278.0,112.0,0.0
499,500,3.0,6.0,4.0,0.0,8.0,0.8495043000002624,24.5,4.0,0.3400000000000001,orientation,color,size,0.38,-2.5,12,female,0,2704.3748031,1,27,0.0,0.0,1.0,0.0,0.0,-2.0,279.0,113.0,0.0
500,501,3.0,3.0,2.0,0.0,8.0,1.4826860000002853,-38.5,23.0,0.3,orientation,color,size,0.38,-2.5,12,female,0,2704.3748031,1,27,0.0,0.0,1.0,0.0,0.0,1.0,280.0,114.0,0.0
501,502,3.0,6.0,5.0,0.0,8.0,3.216706400000021,69.5,0.0,0.4600000000000001,orientation,color,size,0.38,-2.5,12,female,0,2704.3748031,1,27,0.0,0.0,2.0,0.0,0.0,0.0,281.0,115.0,0.0
502,503,3.0,6.0,7.0,0.0,8.0,1.183929299999818,51.5,22.0,0.42,orientation,color,size,0.38,-2.5,12,female,0,2704.3748031,1,27,0.0,0.0,1.0,0.0,0.0,-1.0,282.0,116.0,0.0
503,504,3.0,7.0,7.0,1.0,8.0,1.09950310000022,56.0,13.0,0.42,orientation,color,size,0.38,-2.5,12,female,0,2704.3748031,1,27,0.0,0.0,0.0,0.0,0.0,1.0,283.0,117.0,0.0
504,505,3.0,0.0,1.0,0.0,8.0,1.3836249000000862,-20.5,8.0,0.38,orientation,color,size,0.38,-2.5,12,female,0,2704.3748031,0,27,0.0,0.0,1.0,0.0,0.0,1.0,284.0,118.0,0.0
505,506,3.0,1.0,2.0,0.0,8.0,1.1328515999998672,-47.5,13.0,0.1,orientation,color,size,0.38,-2.5,12,female,0,2704.3748031,1,27,0.0,0.0,2.0,0.0,0.0,-1.0,285.0,119.0,0.0
506,507,3.0,1.0,2.0,0.0,8.0,1.3497363000001317,-38.5,16.0,0.26,orientation,color,size,0.38,-2.5,12,female,0,2704.3748031,1,27,0.0,0.0,2.0,0.0,0.0,-1.0,286.0,120.0,0.0
507,508,3.0,2.0,0.0,0.0,8.0,0.8323967999999695,-52.0,4.0,0.3,orientation,color,size,0.38,-2.5,12,female,0,2704.3748031,1,27,0.0,0.0,1.0,0.0,0.0,0.0,287.0,121.0,0.0
508,509,3.0,4.0,5.0,0.0,8.0,1.0503687000000357,87.5,4.0,0.4600000000000001,orientation,color,size,0.38,-2.5,12,female,0,2704.3748031,1,27,0.0,0.0,1.0,0.0,0.0,1.0,288.0,122.0,0.0
509,510,3.0,7.0,5.0,0.0,8.0,1.8001835000000028,33.5,2.0,0.42,orientation,color,size,0.38,-2.5,12,female,0,2704.3748031,1,27,0.0,0.0,1.0,0.0,0.0,0.0,289.0,123.0,0.0
510,511,3.0,2.0,2.0,1.0,8.0,1.6662900999999692,-47.5,21.0,0.22,orientation,color,size,0.38,-2.5,12,female,0,2704.3748031,1,27,0.0,0.0,0.0,0.0,0.0,0.0,290.0,124.0,0.0
511,512,3.0,1.0,2.0,0.0,8.0,1.0494142000002284,-20.5,18.0,0.26,orientation,color,size,0.38,-2.5,12,female,0,2704.3748031,0,27,0.0,0.0,2.0,0.0,0.0,1.0,291.0,125.0,0.0
512,513,3.0,2.0,2.0,1.0,8.0,0.7501192999998239,-38.5,19.0,0.3400000000000001,orientation,color,size,0.38,-2.5,12,female,0,2704.3748031,1,27,0.0,0.0,0.0,0.0,0.0,-2.0,292.0,126.0,0.0
513,514,3.0,1.0,5.0,0.0,8.0,3.033542599999691,-2.5,1.0,0.38,orientation,color,size,0.38,-2.5,12,female,0,2704.3748031,0,27,0.0,0.0,1.0,0.0,0.0,2.0,293.0,127.0,0.0
514,515,3.0,5.0,4.0,0.0,8.0,1.799699000000146,11.0,2.0,0.22,orientation,color,size,0.38,-2.5,12,female,0,2704.3748031,1,27,0.0,0.0,1.0,0.0,0.0,-1.0,294.0,128.0,0.0
515,516,3.0,2.0,0.0,0.0,8.0,1.4654119000001629,-38.5,10.0,0.3,orientation,color,size,0.38,-2.5,12,female,0,2704.3748031,1,27,0.0,0.0,1.0,0.0,0.0,0.0,295.0,129.0,0.0
516,517,3.0,4.0,7.0,0.0,8.0,1.700301099999706,87.5,16.0,0.4600000000000001,orientation,color,size,0.38,-2.5,12,female,0,2704.3748031,1,27,0.0,0.0,2.0,0.0,0.0,0.0,296.0,130.0,0.0
517,518,3.0,6.0,6.0,1.0,8.0,3.0164122999999563,29.0,19.0,0.22,orientation,color,size,0.38,-2.5,12,female,0,2704.3748031,1,27,0.0,0.0,0.0,0.0,0.0,-1.0,297.0,131.0,0.0
518,519,3.0,1.0,6.0,0.0,8.0,5.1008554,-2.5,20.0,0.1,orientation,color,size,0.38,-2.5,12,female,0,2704.3748031,0,27,0.0,0.0,3.0,0.0,0.0,2.0,298.0,132.0,0.0
