,Trial_number,Chosen_castle,Chosen_location,Correct_location,Accuracy,Number_of_doors,RT,Current_orientation,Current_color,Current_size,First_feature,Second_feature,Third_feature,Participant_size,Participant_orientation,Participant_number,Participant_gender,Early_exit,Training_time,Meta_trial,Participant_age,PE_1,PE_2,PE_3,LP_1,LP_2,LP_3,Nov_1,Nov_2,Nov_3
0,1,3.0,0.0,5.0,0.0,8.0,53.27600219999999,69.5,3.0,0.42,orientation,color,size,0.38,-7.0,13,male,1,2304.7063153,1,19,0.0,0.0,0.0,0.0,0.0,0.0,99.0,99.0,0.0
1,2,1.0,1.0,1.0,1.0,2.0,4.028018099999997,24.5,13.0,0.42,orientation,color,size,0.38,-7.0,13,male,1,2304.7063153,1,19,0.0,0.0,0.0,0.0,0.0,0.0,0.0,100.0,1.0
2,3,1.0,1.0,1.0,1.0,2.0,1.3499294000000075,65.0,23.0,0.4600000000000001,orientation,color,size,0.38,-7.0,13,male,1,2304.7063153,0,19,0.0,0.0,0.0,0.0,0.0,0.0,0.0,101.0,2.0
3,4,1.0,0.0,1.0,0.0,2.0,1.8837774000000425,-2.5,15.0,0.42,orientation,color,size,0.38,-7.0,13,male,1,2304.7063153,0,19,1.0,0.0,0.0,0.0,0.0,0.0,0.0,102.0,3.0
4,5,1.0,1.0,1.0,1.0,2.0,5.143684800000017,47.0,23.0,0.38,orientation,color,size,0.38,-7.0,13,male,1,2304.7063153,1,19,0.0,0.0,0.0,-1.0,0.0,0.0,0.0,103.0,4.0
5,6,1.0,1.0,1.0,1.0,2.0,9.634172299999989,38.0,9.0,0.42,orientation,color,size,0.38,-7.0,13,male,1,2304.7063153,0,19,0.0,0.0,0.0,1.0,0.0,0.0,0.0,104.0,5.0
6,7,1.0,0.0,0.0,1.0,2.0,17.3164357,-65.5,4.0,0.18,orientation,color,size,0.38,-7.0,13,male,1,2304.7063153,0,19,0.0,0.0,0.0,0.0,0.0,0.0,0.0,105.0,6.0
7,8,1.0,1.0,1.0,1.0,2.0,7.116985999999997,-7.0,0.0,0.42,orientation,color,size,0.38,-7.0,13,male,1,2304.7063153,0,19,0.0,0.0,0.0,0.0,0.0,0.0,0.0,106.0,7.0
8,9,1.0,0.0,1.0,0.0,2.0,3.0831924999999956,-2.5,10.0,0.14,orientation,color,size,0.38,-7.0,13,male,1,2304.7063153,0,19,1.0,0.0,0.0,0.0,0.0,0.0,0.0,107.0,8.0
9,10,1.0,1.0,1.0,1.0,2.0,0.5282523999999853,11.0,7.0,0.4600000000000001,orientation,color,size,0.38,-7.0,13,male,1,2304.7063153,1,19,0.0,0.0,0.0,-1.0,0.0,0.0,0.0,108.0,9.0
10,11,1.0,1.0,1.0,1.0,2.0,0.2673934999999687,47.0,24.0,0.22,orientation,color,size,0.38,-7.0,13,male,1,2304.7063153,0,19,0.0,0.0,0.0,1.0,0.0,0.0,0.0,109.0,10.0
11,12,1.0,0.0,0.0,1.0,2.0,0.2671468000000345,-43.0,15.0,0.4600000000000001,orientation,color,size,0.38,-7.0,13,male,1,2304.7063153,0,19,0.0,0.0,0.0,0.0,0.0,0.0,0.0,110.0,11.0
12,13,1.0,1.0,0.0,0.0,2.0,0.266866900000025,-61.0,11.0,0.22,orientation,color,size,0.38,-7.0,13,male,1,2304.7063153,0,19,1.0,0.0,0.0,0.0,0.0,0.0,0.0,111.0,12.0
13,14,1.0,1.0,0.0,0.0,2.0,1.0775006999999732,-11.5,18.0,0.1,orientation,color,size,0.38,-7.0,13,male,1,2304.7063153,1,19,1.0,0.0,0.0,-1.0,0.0,0.0,0.0,112.0,13.0
14,15,1.0,1.0,1.0,1.0,2.0,16.811059,74.0,18.0,0.22,orientation,color,size,0.38,-7.0,13,male,1,2304.7063153,1,19,0.0,0.0,0.0,0.0,0.0,0.0,0.0,113.0,14.0
15,16,1.0,0.0,0.0,1.0,2.0,1.732645899999966,-29.5,19.0,0.18,orientation,color,size,0.38,-7.0,13,male,1,2304.7063153,0,19,0.0,0.0,0.0,1.0,0.0,0.0,0.0,114.0,15.0
16,17,1.0,0.0,0.0,1.0,2.0,3.3333381999999574,-74.5,18.0,0.18,orientation,color,size,0.38,-7.0,13,male,1,2304.7063153,0,19,0.0,0.0,0.0,0.0,0.0,0.0,0.0,115.0,16.0
17,18,1.0,1.0,1.0,1.0,2.0,1.6163358000000017,69.5,10.0,0.1,orientation,color,size,0.38,-7.0,13,male,1,2304.7063153,0,19,0.0,0.0,0.0,0.0,0.0,0.0,0.0,116.0,17.0
18,19,1.0,0.0,0.0,1.0,2.0,2.016146400000025,-88.0,24.0,0.3,orientation,color,size,0.38,-7.0,13,male,1,2304.7063153,0,19,0.0,0.0,0.0,0.0,0.0,0.0,0.0,117.0,18.0
19,20,1.0,1.0,1.0,1.0,2.0,1.3005711000000133,2.0,6.0,0.4600000000000001,orientation,color,size,0.38,-7.0,13,male,1,2304.7063153,0,19,0.0,0.0,0.0,0.0,0.0,0.0,0.0,118.0,19.0
20,21,1.0,0.0,0.0,1.0,2.0,1.1667879999999968,-43.0,15.0,0.18,orientation,color,size,0.38,-7.0,13,male,1,2304.7063153,0,19,0.0,0.0,0.0,0.0,0.0,0.0,0.0,119.0,20.0
21,22,1.0,1.0,1.0,1.0,2.0,0.7658670000000143,33.5,19.0,0.26,orientation,color,size,0.38,-7.0,13,male,1,2304.7063153,0,19,0.0,0.0,0.0,0.0,0.0,0.0,0.0,120.0,21.0
22,23,1.0,1.0,1.0,1.0,2.0,0.6168084000000249,65.0,20.0,0.38,orientation,color,size,0.38,-7.0,13,male,1,2304.7063153,0,19,0.0,0.0,0.0,0.0,0.0,0.0,0.0,121.0,22.0
23,24,1.0,1.0,1.0,1.0,2.0,0.4003023999999868,47.0,12.0,0.26,orientation,color,size,0.38,-7.0,13,male,1,2304.7063153,0,19,0.0,0.0,0.0,0.0,0.0,0.0,0.0,122.0,23.0
24,25,3.0,5.0,4.0,0.0,8.0,2.19860970000002,33.5,7.0,0.3400000000000001,orientation,color,size,0.38,-7.0,13,male,1,2304.7063153,1,19,0.0,0.0,1.0,0.0,0.0,0.0,1.0,123.0,0.0
25,26,3.0,0.0,0.0,1.0,8.0,1.948540900000012,-11.5,0.0,0.22,orientation,color,size,0.38,-7.0,13,male,1,2304.7063153,1,19,0.0,0.0,0.0,0.0,0.0,-1.0,2.0,124.0,0.0
26,27,3.0,4.0,7.0,0.0,8.0,1.4491143000000193,38.0,24.0,0.42,orientation,color,size,0.38,-7.0,13,male,1,2304.7063153,0,19,0.0,0.0,2.0,0.0,0.0,1.0,3.0,125.0,0.0
27,28,3.0,5.0,7.0,0.0,8.0,2.831437099999903,33.5,23.0,0.38,orientation,color,size,0.38,-7.0,13,male,1,2304.7063153,1,19,0.0,0.0,1.0,0.0,0.0,-2.0,4.0,126.0,0.0
28,29,3.0,1.0,2.0,0.0,8.0,4.531906800000002,-25.0,22.0,0.26,orientation,color,size,0.38,-7.0,13,male,1,2304.7063153,1,19,0.0,0.0,2.0,0.0,0.0,1.0,5.0,127.0,0.0
29,30,2.0,2.0,2.0,1.0,4.0,0.9825129999999264,51.5,7.0,0.1,orientation,color,size,0.38,-7.0,13,male,1,2304.7063153,1,19,0.0,0.0,2.0,0.0,0.0,1.0,6.0,0.0,1.0
30,31,2.0,3.0,3.0,1.0,4.0,1.284464699999944,29.0,21.0,0.42,orientation,color,size,0.38,-7.0,13,male,1,2304.7063153,0,19,0.0,0.0,2.0,0.0,0.0,1.0,7.0,0.0,2.0
31,32,2.0,2.0,3.0,0.0,4.0,1.4834104000000252,87.5,15.0,0.26,orientation,color,size,0.38,-7.0,13,male,1,2304.7063153,0,19,0.0,1.0,2.0,0.0,0.0,1.0,8.0,0.0,3.0
32,33,2.0,2.0,3.0,0.0,4.0,0.7991901999999982,69.5,19.0,0.26,orientation,color,size,0.38,-7.0,13,male,1,2304.7063153,1,19,0.0,1.0,2.0,0.0,-1.0,1.0,9.0,0.0,4.0
33,34,2.0,3.0,2.0,0.0,4.0,1.5987138000000414,78.5,2.0,0.18,orientation,color,size,0.38,-7.0,13,male,1,2304.7063153,1,19,0.0,1.0,2.0,0.0,0.0,1.0,10.0,0.0,5.0
34,35,2.0,2.0,2.0,1.0,4.0,1.3652335000000448,60.5,0.0,0.18,orientation,color,size,0.38,-7.0,13,male,1,2304.7063153,1,19,0.0,0.0,2.0,0.0,0.0,1.0,11.0,0.0,6.0
35,36,2.0,1.0,0.0,0.0,4.0,0.9507494999999152,-52.0,7.0,0.42,orientation,color,size,0.38,-7.0,13,male,1,2304.7063153,0,19,0.0,1.0,2.0,0.0,1.0,1.0,12.0,0.0,7.0
36,37,2.0,0.0,1.0,0.0,4.0,1.2313004000000092,-61.0,22.0,0.4600000000000001,orientation,color,size,0.38,-7.0,13,male,1,2304.7063153,1,19,0.0,1.0,2.0,0.0,-1.0,1.0,13.0,0.0,8.0
37,38,2.0,2.0,3.0,0.0,4.0,2.0165135000000873,15.5,23.0,0.14,orientation,color,size,0.38,-7.0,13,male,1,2304.7063153,1,19,0.0,1.0,2.0,0.0,0.0,1.0,14.0,0.0,9.0
38,39,2.0,0.0,1.0,0.0,4.0,3.883971900000006,-88.0,14.0,0.22,orientation,color,size,0.38,-7.0,13,male,1,2304.7063153,1,19,0.0,1.0,2.0,0.0,0.0,1.0,15.0,0.0,10.0
39,40,2.0,0.0,1.0,0.0,4.0,1.3497717000000191,-61.0,13.0,0.38,orientation,color,size,0.38,-7.0,13,male,1,2304.7063153,1,19,0.0,1.0,2.0,0.0,0.0,1.0,16.0,0.0,11.0
40,41,2.0,2.0,3.0,0.0,4.0,2.249817099999973,51.5,15.0,0.14,orientation,color,size,0.38,-7.0,13,male,1,2304.7063153,1,19,0.0,1.0,2.0,0.0,0.0,1.0,17.0,0.0,12.0
41,42,2.0,1.0,0.0,0.0,4.0,2.665941500000031,-74.5,10.0,0.3400000000000001,orientation,color,size,0.38,-7.0,13,male,1,2304.7063153,1,19,0.0,1.0,2.0,0.0,0.0,1.0,18.0,0.0,13.0
42,43,2.0,1.0,0.0,0.0,4.0,0.3498691999999437,-88.0,10.0,0.26,orientation,color,size,0.38,-7.0,13,male,1,2304.7063153,1,19,0.0,1.0,2.0,0.0,0.0,1.0,19.0,0.0,14.0
43,44,2.0,3.0,3.0,1.0,4.0,2.149918400000047,11.0,17.0,0.26,orientation,color,size,0.38,-7.0,13,male,1,2304.7063153,1,19,0.0,0.0,2.0,0.0,0.0,1.0,20.0,0.0,15.0
44,45,2.0,1.0,0.0,0.0,4.0,1.4334733999999116,-38.5,5.0,0.38,orientation,color,size,0.38,-7.0,13,male,1,2304.7063153,0,19,0.0,1.0,2.0,0.0,1.0,1.0,21.0,0.0,16.0
45,46,2.0,0.0,0.0,1.0,4.0,1.6498905000000832,-61.0,3.0,0.42,orientation,color,size,0.38,-7.0,13,male,1,2304.7063153,1,19,0.0,0.0,2.0,0.0,-1.0,1.0,22.0,0.0,17.0
46,47,2.0,0.0,0.0,1.0,4.0,1.3006317000000536,-74.5,12.0,0.22,orientation,color,size,0.38,-7.0,13,male,1,2304.7063153,0,19,0.0,0.0,2.0,0.0,1.0,1.0,23.0,0.0,18.0
47,48,2.0,0.0,0.0,1.0,4.0,1.1005820000000313,-79.0,12.0,0.14,orientation,color,size,0.38,-7.0,13,male,1,2304.7063153,0,19,0.0,0.0,2.0,0.0,0.0,1.0,24.0,0.0,19.0
48,49,2.0,3.0,3.0,1.0,4.0,2.8668543,11.0,13.0,0.3400000000000001,orientation,color,size,0.38,-7.0,13,male,1,2304.7063153,0,19,0.0,0.0,2.0,0.0,0.0,1.0,25.0,0.0,20.0
49,50,2.0,0.0,2.0,0.0,4.0,1.7659916999999723,24.5,1.0,0.1,orientation,color,size,0.38,-7.0,13,male,1,2304.7063153,0,19,0.0,1.0,2.0,0.0,0.0,1.0,26.0,0.0,21.0
50,51,2.0,1.0,1.0,1.0,4.0,2.316472900000008,-61.0,24.0,0.1,orientation,color,size,0.38,-7.0,13,male,1,2304.7063153,1,19,0.0,0.0,2.0,0.0,-1.0,1.0,27.0,0.0,22.0
51,52,2.0,0.0,0.0,1.0,4.0,1.4504056999999193,-43.0,5.0,0.18,orientation,color,size,0.38,-7.0,13,male,1,2304.7063153,0,19,0.0,0.0,2.0,0.0,1.0,1.0,28.0,0.0,23.0
52,53,2.0,2.0,3.0,0.0,4.0,1.7823660999999902,11.0,19.0,0.3,orientation,color,size,0.38,-7.0,13,male,1,2304.7063153,0,19,0.0,1.0,2.0,0.0,0.0,1.0,29.0,0.0,24.0
53,54,2.0,1.0,1.0,1.0,4.0,2.7166730000000143,-43.0,22.0,0.22,orientation,color,size,0.38,-7.0,13,male,1,2304.7063153,1,19,0.0,0.0,2.0,0.0,-1.0,1.0,30.0,0.0,25.0
54,55,2.0,0.0,2.0,0.0,4.0,2.2997415999999475,-2.5,3.0,0.18,orientation,color,size,0.38,-7.0,13,male,1,2304.7063153,0,19,0.0,1.0,2.0,0.0,1.0,1.0,31.0,0.0,26.0
55,56,2.0,1.0,0.0,0.0,4.0,4.683682699999963,-43.0,0.0,0.4600000000000001,orientation,color,size,0.38,-7.0,13,male,1,2304.7063153,1,19,0.0,1.0,2.0,0.0,-1.0,1.0,32.0,0.0,27.0
56,57,3.0,4.0,6.0,0.0,8.0,1.9830476999999291,87.5,14.0,0.22,orientation,color,size,0.38,-7.0,13,male,1,2304.7063153,1,19,0.0,1.0,1.0,0.0,-1.0,0.0,33.0,1.0,0.0
57,58,3.0,6.0,6.0,1.0,8.0,1.2321927000000414,6.5,21.0,0.1,orientation,color,size,0.38,-7.0,13,male,1,2304.7063153,1,19,0.0,1.0,0.0,0.0,-1.0,1.0,34.0,2.0,0.0
58,59,3.0,0.0,0.0,1.0,8.0,2.7003131999999823,-52.0,12.0,0.26,orientation,color,size,0.38,-7.0,13,male,1,2304.7063153,0,19,0.0,1.0,0.0,0.0,-1.0,1.0,35.0,3.0,0.0
59,60,3.0,7.0,5.0,0.0,8.0,2.583353699999975,47.0,3.0,0.38,orientation,color,size,0.38,-7.0,13,male,1,2304.7063153,0,19,0.0,1.0,1.0,0.0,-1.0,0.0,36.0,4.0,0.0
60,61,3.0,5.0,4.0,0.0,8.0,2.250101900000004,42.5,4.0,0.26,orientation,color,size,0.38,-7.0,13,male,1,2304.7063153,1,19,0.0,1.0,1.0,0.0,-1.0,-1.0,37.0,5.0,0.0
61,62,3.0,4.0,5.0,0.0,8.0,11.28266880000001,33.5,3.0,0.38,orientation,color,size,0.38,-7.0,13,male,1,2304.7063153,1,19,0.0,1.0,1.0,0.0,-1.0,0.0,38.0,6.0,0.0
62,63,2.0,2.0,2.0,1.0,4.0,1.2657455999999456,65.0,11.0,0.3400000000000001,orientation,color,size,0.38,-7.0,13,male,1,2304.7063153,1,19,0.0,0.0,1.0,0.0,0.0,0.0,39.0,0.0,1.0
63,64,2.0,3.0,3.0,1.0,4.0,0.8503916999999319,47.0,16.0,0.38,orientation,color,size,0.38,-7.0,13,male,1,2304.7063153,0,19,0.0,0.0,1.0,0.0,1.0,0.0,40.0,0.0,2.0
64,65,2.0,1.0,1.0,1.0,4.0,1.1840162999999393,-70.0,22.0,0.18,orientation,color,size,0.38,-7.0,13,male,1,2304.7063153,0,19,0.0,0.0,1.0,0.0,0.0,0.0,41.0,0.0,3.0
65,66,2.0,1.0,1.0,1.0,4.0,1.4002222000000302,-56.5,17.0,0.3400000000000001,orientation,color,size,0.38,-7.0,13,male,1,2304.7063153,0,19,0.0,0.0,1.0,0.0,0.0,0.0,42.0,0.0,4.0
66,67,2.0,3.0,3.0,1.0,4.0,1.2004468999999744,2.0,16.0,0.4600000000000001,orientation,color,size,0.38,-7.0,13,male,1,2304.7063153,0,19,0.0,0.0,1.0,0.0,0.0,0.0,43.0,0.0,5.0
67,68,2.0,1.0,0.0,0.0,4.0,1.316783100000066,-43.0,3.0,0.3,orientation,color,size,0.38,-7.0,13,male,1,2304.7063153,0,19,0.0,1.0,1.0,0.0,0.0,0.0,44.0,0.0,6.0
68,69,2.0,0.0,0.0,1.0,4.0,1.3502546000000848,-29.5,5.0,0.42,orientation,color,size,0.38,-7.0,13,male,1,2304.7063153,1,19,0.0,0.0,1.0,0.0,-1.0,0.0,45.0,0.0,7.0
69,70,2.0,3.0,3.0,1.0,4.0,1.1329293000000007,24.5,13.0,0.14,orientation,color,size,0.38,-7.0,13,male,1,2304.7063153,0,19,0.0,0.0,1.0,0.0,1.0,0.0,46.0,0.0,8.0
70,71,2.0,3.0,2.0,0.0,4.0,1.2832837999999356,24.5,7.0,0.3,orientation,color,size,0.38,-7.0,13,male,1,2304.7063153,0,19,0.0,1.0,1.0,0.0,0.0,0.0,47.0,0.0,9.0
71,72,2.0,3.0,3.0,1.0,4.0,0.9830705000000536,6.5,17.0,0.18,orientation,color,size,0.38,-7.0,13,male,1,2304.7063153,1,19,0.0,0.0,1.0,0.0,-1.0,0.0,48.0,0.0,10.0
72,73,2.0,2.0,2.0,1.0,4.0,2.0168856000000233,6.5,5.0,0.26,orientation,color,size,0.38,-7.0,13,male,1,2304.7063153,0,19,0.0,0.0,1.0,0.0,1.0,0.0,49.0,0.0,11.0
73,74,2.0,1.0,2.0,0.0,4.0,1.2339114999999763,-7.0,6.0,0.4600000000000001,orientation,color,size,0.38,-7.0,13,male,1,2304.7063153,0,19,0.0,2.0,1.0,0.0,0.0,0.0,50.0,0.0,12.0
74,75,2.0,3.0,3.0,1.0,4.0,1.3492754000000104,15.5,17.0,0.1,orientation,color,size,0.38,-7.0,13,male,1,2304.7063153,1,19,0.0,0.0,1.0,0.0,-2.0,0.0,51.0,0.0,13.0
75,76,2.0,0.0,3.0,0.0,4.0,1.117069299999912,-2.5,22.0,0.14,orientation,color,size,0.38,-7.0,13,male,1,2304.7063153,0,19,0.0,2.0,1.0,0.0,2.0,0.0,52.0,0.0,14.0
76,77,2.0,1.0,1.0,1.0,4.0,1.016743500000075,-65.5,17.0,0.22,orientation,color,size,0.38,-7.0,13,male,1,2304.7063153,1,19,0.0,0.0,1.0,0.0,-2.0,0.0,53.0,0.0,15.0
77,78,2.0,2.0,3.0,0.0,4.0,1.1180484000000206,87.5,24.0,0.3400000000000001,orientation,color,size,0.38,-7.0,13,male,1,2304.7063153,0,19,0.0,1.0,1.0,0.0,2.0,0.0,54.0,0.0,16.0
78,79,2.0,2.0,3.0,0.0,4.0,19.082017699999938,83.0,21.0,0.38,orientation,color,size,0.38,-7.0,13,male,1,2304.7063153,1,19,0.0,1.0,1.0,0.0,-1.0,0.0,55.0,0.0,17.0
79,80,3.0,7.0,5.0,0.0,8.0,0.9665559999999688,11.0,11.0,0.42,orientation,color,size,0.38,-7.0,13,male,1,2304.7063153,1,19,0.0,1.0,1.0,0.0,-1.0,0.0,56.0,1.0,0.0
80,81,3.0,4.0,5.0,0.0,8.0,1.4839310999999498,56.0,1.0,0.38,orientation,color,size,0.38,-7.0,13,male,1,2304.7063153,1,19,0.0,1.0,1.0,0.0,-1.0,0.0,57.0,2.0,0.0
81,82,3.0,2.0,1.0,0.0,8.0,1.4666950999999244,-43.0,10.0,0.42,orientation,color,size,0.38,-7.0,13,male,1,2304.7063153,1,19,0.0,1.0,2.0,0.0,-1.0,0.0,58.0,3.0,0.0
82,83,3.0,6.0,6.0,1.0,8.0,4.149718200000052,29.0,22.0,0.18,orientation,color,size,0.38,-7.0,13,male,1,2304.7063153,1,19,0.0,1.0,0.0,0.0,-1.0,-1.0,59.0,4.0,0.0
83,84,3.0,4.0,4.0,1.0,8.0,4.099863400000004,2.0,8.0,0.3,orientation,color,size,0.38,-7.0,13,male,1,2304.7063153,0,19,0.0,1.0,0.0,0.0,-1.0,2.0,60.0,5.0,0.0
84,85,3.0,2.0,0.0,0.0,8.0,4.234194699999989,-52.0,0.0,0.1,orientation,color,size,0.38,-7.0,13,male,1,2304.7063153,0,19,0.0,1.0,1.0,0.0,-1.0,0.0,61.0,6.0,0.0
85,86,3.0,0.0,7.0,0.0,8.0,1.783513599999992,-7.0,19.0,0.42,orientation,color,size,0.38,-7.0,13,male,1,2304.7063153,1,19,0.0,1.0,3.0,0.0,-1.0,-1.0,62.0,7.0,0.0
86,87,3.0,2.0,0.0,0.0,8.0,3.300201100000095,-47.5,10.0,0.3,orientation,color,size,0.38,-7.0,13,male,1,2304.7063153,1,19,0.0,1.0,1.0,0.0,-1.0,-2.0,63.0,8.0,0.0
87,88,2.0,1.0,0.0,0.0,4.0,2.233365000000049,-43.0,7.0,0.4600000000000001,orientation,color,size,0.38,-7.0,13,male,1,2304.7063153,1,19,0.0,1.0,1.0,0.0,0.0,-2.0,64.0,0.0,1.0
88,89,2.0,2.0,2.0,1.0,4.0,4.0670748,78.5,5.0,0.22,orientation,color,size,0.38,-7.0,13,male,1,2304.7063153,1,19,0.0,0.0,1.0,0.0,0.0,-2.0,65.0,0.0,2.0
89,90,2.0,2.0,2.0,1.0,4.0,0.8673003000000108,74.0,9.0,0.14,orientation,color,size,0.38,-7.0,13,male,1,2304.7063153,0,19,0.0,0.0,1.0,0.0,1.0,-2.0,66.0,0.0,3.0
90,91,2.0,0.0,1.0,0.0,4.0,0.9996095999999852,-20.5,14.0,0.26,orientation,color,size,0.38,-7.0,13,male,1,2304.7063153,0,19,0.0,1.0,1.0,0.0,0.0,-2.0,67.0,0.0,4.0
91,92,2.0,2.0,3.0,0.0,4.0,1.016127200000028,42.5,20.0,0.14,orientation,color,size,0.38,-7.0,13,male,1,2304.7063153,1,19,0.0,1.0,1.0,0.0,-1.0,-2.0,68.0,0.0,5.0
92,93,2.0,3.0,3.0,1.0,4.0,1.2328739000000724,6.5,17.0,0.38,orientation,color,size,0.38,-7.0,13,male,1,2304.7063153,1,19,0.0,0.0,1.0,0.0,0.0,-2.0,69.0,0.0,6.0
93,94,2.0,1.0,1.0,1.0,4.0,0.8677178999998887,-70.0,15.0,0.3400000000000001,orientation,color,size,0.38,-7.0,13,male,1,2304.7063153,0,19,0.0,0.0,1.0,0.0,1.0,-2.0,70.0,0.0,7.0
94,95,2.0,2.0,3.0,0.0,4.0,0.7842536000000564,65.0,19.0,0.3,orientation,color,size,0.38,-7.0,13,male,1,2304.7063153,0,19,0.0,1.0,1.0,0.0,0.0,-2.0,71.0,0.0,8.0
95,96,1.0,1.0,1.0,1.0,2.0,1.2780778000000057,6.5,21.0,0.4600000000000001,orientation,color,size,0.38,-7.0,13,male,1,2304.7063153,1,19,0.0,1.0,1.0,0.0,0.0,-2.0,0.0,1.0,9.0
96,97,1.0,0.0,0.0,1.0,2.0,1.3170403000000306,-16.0,13.0,0.4600000000000001,orientation,color,size,0.38,-7.0,13,male,1,2304.7063153,0,19,0.0,1.0,1.0,0.0,0.0,-2.0,0.0,2.0,10.0
97,98,1.0,1.0,1.0,1.0,2.0,0.6012649000000465,51.5,18.0,0.22,orientation,color,size,0.38,-7.0,13,male,1,2304.7063153,0,19,0.0,1.0,1.0,0.0,0.0,-2.0,0.0,3.0,11.0
98,99,1.0,0.0,0.0,1.0,2.0,0.4672958999999537,-16.0,24.0,0.3,orientation,color,size,0.38,-7.0,13,male,1,2304.7063153,0,19,0.0,1.0,1.0,0.0,0.0,-2.0,0.0,4.0,12.0
99,100,1.0,0.0,0.0,1.0,2.0,0.9673142999999982,-56.5,8.0,0.38,orientation,color,size,0.38,-7.0,13,male,1,2304.7063153,0,19,0.0,1.0,1.0,0.0,0.0,-2.0,0.0,5.0,13.0
100,101,1.0,0.0,0.0,1.0,2.0,0.4671617999999853,-43.0,16.0,0.18,orientation,color,size,0.38,-7.0,13,male,1,2304.7063153,0,19,0.0,1.0,1.0,0.0,0.0,-2.0,0.0,6.0,14.0
101,102,1.0,1.0,1.0,1.0,2.0,0.9838088000000198,20.0,0.0,0.26,orientation,color,size,0.38,-7.0,13,male,1,2304.7063153,0,19,0.0,1.0,1.0,0.0,0.0,-2.0,0.0,7.0,15.0
102,103,1.0,0.0,0.0,1.0,2.0,0.9674926999999798,-56.5,5.0,0.4600000000000001,orientation,color,size,0.38,-7.0,13,male,1,2304.7063153,0,19,0.0,1.0,1.0,0.0,0.0,-2.0,0.0,8.0,16.0
103,104,1.0,1.0,1.0,1.0,2.0,0.8669959000000063,15.5,1.0,0.3400000000000001,orientation,color,size,0.38,-7.0,13,male,1,2304.7063153,0,19,0.0,1.0,1.0,0.0,0.0,-2.0,0.0,9.0,17.0
104,105,1.0,0.0,0.0,1.0,2.0,1.0498148000000356,-38.5,18.0,0.1,orientation,color,size,0.38,-7.0,13,male,1,2304.7063153,0,19,0.0,1.0,1.0,0.0,0.0,-2.0,0.0,10.0,18.0
105,106,3.0,3.0,2.0,0.0,8.0,1.017401599999971,-88.0,18.0,0.1,orientation,color,size,0.38,-7.0,13,male,1,2304.7063153,1,19,0.0,1.0,1.0,0.0,0.0,0.0,1.0,11.0,0.0
106,107,3.0,0.0,4.0,0.0,8.0,1.8835781000000225,-7.0,7.0,0.22,orientation,color,size,0.38,-7.0,13,male,1,2304.7063153,1,19,0.0,1.0,1.0,0.0,0.0,0.0,2.0,12.0,0.0
107,108,3.0,3.0,1.0,0.0,8.0,5.383286799999951,-79.0,10.0,0.42,orientation,color,size,0.38,-7.0,13,male,1,2304.7063153,1,19,0.0,1.0,1.0,0.0,0.0,0.0,3.0,13.0,0.0
108,109,2.0,2.0,2.0,1.0,4.0,0.9511642999999594,33.5,6.0,0.26,orientation,color,size,0.38,-7.0,13,male,1,2304.7063153,1,19,0.0,0.0,1.0,0.0,0.0,0.0,4.0,0.0,1.0
109,110,2.0,1.0,0.0,0.0,4.0,0.8165766000000758,-83.5,6.0,0.38,orientation,color,size,0.38,-7.0,13,male,1,2304.7063153,0,19,0.0,1.0,1.0,0.0,1.0,0.0,5.0,0.0,2.0
110,111,2.0,0.0,0.0,1.0,4.0,0.8500321000000213,-83.5,2.0,0.26,orientation,color,size,0.38,-7.0,13,male,1,2304.7063153,1,19,0.0,0.0,1.0,0.0,-1.0,0.0,6.0,0.0,3.0
111,112,2.0,0.0,0.0,1.0,4.0,0.6829976999999872,-61.0,4.0,0.22,orientation,color,size,0.38,-7.0,13,male,1,2304.7063153,0,19,0.0,0.0,1.0,0.0,1.0,0.0,7.0,0.0,4.0
112,113,2.0,0.0,0.0,1.0,4.0,0.6171583999999939,-38.5,0.0,0.14,orientation,color,size,0.38,-7.0,13,male,1,2304.7063153,0,19,0.0,0.0,1.0,0.0,0.0,0.0,8.0,0.0,5.0
113,114,2.0,0.0,0.0,1.0,4.0,0.867121300000008,-25.0,10.0,0.1,orientation,color,size,0.38,-7.0,13,male,1,2304.7063153,0,19,0.0,0.0,1.0,0.0,0.0,0.0,9.0,0.0,6.0
114,115,2.0,2.0,2.0,1.0,4.0,1.067149699999959,78.5,7.0,0.22,orientation,color,size,0.38,-7.0,13,male,1,2304.7063153,0,19,0.0,0.0,1.0,0.0,0.0,0.0,10.0,0.0,7.0
115,116,2.0,1.0,1.0,1.0,4.0,0.8503251000000773,-79.0,18.0,0.22,orientation,color,size,0.38,-7.0,13,male,1,2304.7063153,0,19,0.0,0.0,1.0,0.0,0.0,0.0,11.0,0.0,8.0
116,117,2.0,2.0,3.0,0.0,4.0,0.7676916000000347,87.5,24.0,0.26,orientation,color,size,0.38,-7.0,13,male,1,2304.7063153,0,19,0.0,1.0,1.0,0.0,0.0,0.0,12.0,0.0,9.0
117,118,2.0,0.0,0.0,1.0,4.0,0.9000184999999874,-34.0,12.0,0.38,orientation,color,size,0.38,-7.0,13,male,1,2304.7063153,1,19,0.0,0.0,1.0,0.0,-1.0,0.0,13.0,0.0,10.0
118,119,2.0,3.0,3.0,1.0,4.0,1.133238399999982,24.5,23.0,0.26,orientation,color,size,0.38,-7.0,13,male,1,2304.7063153,0,19,0.0,0.0,1.0,0.0,1.0,0.0,14.0,0.0,11.0
119,120,2.0,1.0,0.0,0.0,4.0,2.0491339000000153,-79.0,1.0,0.38,orientation,color,size,0.38,-7.0,13,male,1,2304.7063153,0,19,0.0,1.0,1.0,0.0,0.0,0.0,15.0,0.0,12.0
120,121,2.0,3.0,2.0,0.0,4.0,1.849623299999962,47.0,4.0,0.38,orientation,color,size,0.38,-7.0,13,male,1,2304.7063153,1,19,0.0,1.0,1.0,0.0,-1.0,0.0,16.0,0.0,13.0
121,122,2.0,3.0,2.0,0.0,4.0,1.3159534999999778,15.5,3.0,0.38,orientation,color,size,0.38,-7.0,13,male,1,2304.7063153,1,19,0.0,1.0,1.0,0.0,0.0,0.0,17.0,0.0,14.0
122,123,2.0,0.0,0.0,1.0,4.0,1.0655742000000146,-11.5,0.0,0.18,orientation,color,size,0.38,-7.0,13,male,1,2304.7063153,1,19,0.0,0.0,1.0,0.0,0.0,0.0,18.0,0.0,15.0
123,124,2.0,3.0,2.0,0.0,4.0,1.050035600000001,38.0,7.0,0.4600000000000001,orientation,color,size,0.38,-7.0,13,male,1,2304.7063153,0,19,0.0,1.0,1.0,0.0,1.0,0.0,19.0,0.0,16.0
124,125,2.0,0.0,1.0,0.0,4.0,0.9330490999999485,-20.5,24.0,0.38,orientation,color,size,0.38,-7.0,13,male,1,2304.7063153,1,19,0.0,1.0,1.0,0.0,-1.0,0.0,20.0,0.0,17.0
125,126,2.0,0.0,2.0,0.0,4.0,0.916101900000058,-2.5,4.0,0.1,orientation,color,size,0.38,-7.0,13,male,1,2304.7063153,1,19,0.0,1.0,1.0,0.0,0.0,0.0,21.0,0.0,18.0
126,127,2.0,0.0,3.0,0.0,4.0,1.0826583000000485,-7.0,24.0,0.18,orientation,color,size,0.38,-7.0,13,male,1,2304.7063153,1,19,0.0,2.0,1.0,0.0,0.0,0.0,22.0,0.0,19.0
127,128,2.0,1.0,1.0,1.0,4.0,1.5158318000000008,-34.0,18.0,0.18,orientation,color,size,0.38,-7.0,13,male,1,2304.7063153,1,19,0.0,0.0,1.0,0.0,-1.0,0.0,23.0,0.0,20.0
128,129,2.0,2.0,3.0,0.0,4.0,0.7831398000000718,74.0,16.0,0.26,orientation,color,size,0.38,-7.0,13,male,1,2304.7063153,0,19,0.0,1.0,1.0,0.0,2.0,0.0,24.0,0.0,21.0
129,130,2.0,3.0,2.0,0.0,4.0,1.0154324999999744,6.5,12.0,0.1,orientation,color,size,0.38,-7.0,13,male,1,2304.7063153,1,19,0.0,1.0,1.0,0.0,-1.0,0.0,25.0,0.0,22.0
130,131,2.0,1.0,0.0,0.0,4.0,1.2494894999999815,-16.0,2.0,0.42,orientation,color,size,0.38,-7.0,13,male,1,2304.7063153,1,19,0.0,1.0,1.0,0.0,0.0,0.0,26.0,0.0,23.0
131,132,2.0,3.0,2.0,0.0,4.0,1.14931480000007,33.5,5.0,0.18,orientation,color,size,0.38,-7.0,13,male,1,2304.7063153,1,19,0.0,1.0,1.0,0.0,0.0,0.0,27.0,0.0,24.0
132,133,2.0,0.0,0.0,1.0,4.0,1.5330022000000554,-11.5,7.0,0.38,orientation,color,size,0.38,-7.0,13,male,1,2304.7063153,1,19,0.0,0.0,1.0,0.0,0.0,0.0,28.0,0.0,25.0
133,134,2.0,1.0,1.0,1.0,4.0,0.8991230999999971,-79.0,17.0,0.42,orientation,color,size,0.38,-7.0,13,male,1,2304.7063153,0,19,0.0,0.0,1.0,0.0,1.0,0.0,29.0,0.0,26.0
134,135,2.0,1.0,0.0,0.0,4.0,0.7329683000000387,-83.5,9.0,0.3,orientation,color,size,0.38,-7.0,13,male,1,2304.7063153,0,19,0.0,1.0,1.0,0.0,0.0,0.0,30.0,0.0,27.0
135,136,2.0,0.0,0.0,1.0,4.0,0.7316264000000956,-70.0,8.0,0.42,orientation,color,size,0.38,-7.0,13,male,1,2304.7063153,1,19,0.0,0.0,1.0,0.0,-1.0,0.0,31.0,0.0,28.0
136,137,2.0,2.0,3.0,0.0,4.0,1.8004969000000983,6.5,20.0,0.26,orientation,color,size,0.38,-7.0,13,male,1,2304.7063153,0,19,0.0,1.0,1.0,0.0,1.0,0.0,32.0,0.0,29.0
137,138,2.0,3.0,2.0,0.0,4.0,0.865466600000218,2.0,8.0,0.3400000000000001,orientation,color,size,0.38,-7.0,13,male,1,2304.7063153,1,19,0.0,1.0,1.0,0.0,-1.0,0.0,33.0,0.0,30.0
138,139,2.0,2.0,3.0,0.0,4.0,0.7157454999999118,29.0,21.0,0.4600000000000001,orientation,color,size,0.38,-7.0,13,male,1,2304.7063153,1,19,0.0,1.0,1.0,0.0,0.0,0.0,34.0,0.0,31.0
139,140,2.0,3.0,3.0,1.0,4.0,0.6481269000000793,15.5,19.0,0.18,orientation,color,size,0.38,-7.0,13,male,1,2304.7063153,1,19,0.0,0.0,1.0,0.0,0.0,0.0,35.0,0.0,32.0
140,141,2.0,0.0,0.0,1.0,4.0,1.5173990999999205,-79.0,1.0,0.18,orientation,color,size,0.38,-7.0,13,male,1,2304.7063153,0,19,0.0,0.0,1.0,0.0,1.0,0.0,36.0,0.0,33.0
141,142,2.0,0.0,0.0,1.0,4.0,0.5338638000000628,-79.0,6.0,0.18,orientation,color,size,0.38,-7.0,13,male,1,2304.7063153,0,19,0.0,0.0,1.0,0.0,0.0,0.0,37.0,0.0,34.0
142,143,2.0,1.0,1.0,1.0,4.0,2.4170478000000912,-70.0,22.0,0.42,orientation,color,size,0.38,-7.0,13,male,1,2304.7063153,0,19,0.0,0.0,1.0,0.0,0.0,0.0,38.0,0.0,35.0
143,144,2.0,0.0,0.0,1.0,4.0,2.650950200000125,-70.0,4.0,0.4600000000000001,orientation,color,size,0.38,-7.0,13,male,1,2304.7063153,0,19,0.0,0.0,1.0,0.0,0.0,0.0,39.0,0.0,36.0
144,145,2.0,1.0,1.0,1.0,4.0,1.5162006000000474,-56.5,13.0,0.3,orientation,color,size,0.38,-7.0,13,male,1,2304.7063153,0,19,0.0,0.0,1.0,0.0,0.0,0.0,40.0,0.0,37.0
145,146,2.0,2.0,3.0,0.0,4.0,1.1501372000000174,83.0,20.0,0.26,orientation,color,size,0.38,-7.0,13,male,1,2304.7063153,0,19,0.0,1.0,1.0,0.0,0.0,0.0,41.0,0.0,38.0
146,147,2.0,0.0,0.0,1.0,4.0,1.4502156000000923,-52.0,11.0,0.3,orientation,color,size,0.38,-7.0,13,male,1,2304.7063153,1,19,0.0,0.0,1.0,0.0,-1.0,0.0,42.0,0.0,39.0
147,148,2.0,2.0,3.0,0.0,4.0,2.8509040999999797,47.0,21.0,0.1,orientation,color,size,0.38,-7.0,13,male,1,2304.7063153,0,19,0.0,1.0,1.0,0.0,1.0,0.0,43.0,0.0,40.0
148,149,2.0,0.0,0.0,1.0,4.0,1.2644725999998627,-34.0,9.0,0.3,orientation,color,size,0.38,-7.0,13,male,1,2304.7063153,1,19,0.0,0.0,1.0,0.0,-1.0,0.0,44.0,0.0,41.0
149,150,2.0,2.0,2.0,1.0,4.0,1.449906499999997,29.0,10.0,0.14,orientation,color,size,0.38,-7.0,13,male,1,2304.7063153,0,19,0.0,0.0,1.0,0.0,1.0,0.0,45.0,0.0,42.0
150,151,2.0,0.0,0.0,1.0,4.0,1.5003227999998217,-29.5,7.0,0.18,orientation,color,size,0.38,-7.0,13,male,1,2304.7063153,0,19,0.0,0.0,1.0,0.0,0.0,0.0,46.0,0.0,43.0
151,152,2.0,3.0,3.0,1.0,4.0,1.866792499999974,47.0,13.0,0.4600000000000001,orientation,color,size,0.38,-7.0,13,male,1,2304.7063153,0,19,0.0,0.0,1.0,0.0,0.0,0.0,47.0,0.0,44.0
152,153,2.0,3.0,3.0,1.0,4.0,0.7170862000000398,29.0,14.0,0.38,orientation,color,size,0.38,-7.0,13,male,1,2304.7063153,0,19,0.0,0.0,1.0,0.0,0.0,0.0,48.0,0.0,45.0
153,154,2.0,0.0,0.0,1.0,4.0,2.6000687000000653,-34.0,0.0,0.1,orientation,color,size,0.38,-7.0,13,male,1,2304.7063153,0,19,0.0,0.0,1.0,0.0,0.0,0.0,49.0,0.0,46.0
154,155,2.0,0.0,2.0,0.0,4.0,1.0340610999999171,-7.0,4.0,0.4600000000000001,orientation,color,size,0.38,-7.0,13,male,1,2304.7063153,0,19,0.0,1.0,1.0,0.0,0.0,0.0,50.0,0.0,47.0
155,156,2.0,2.0,2.0,1.0,4.0,7.44863579999992,87.5,6.0,0.1,orientation,color,size,0.38,-7.0,13,male,1,2304.7063153,1,19,0.0,0.0,1.0,0.0,-1.0,0.0,51.0,0.0,48.0
156,157,2.0,2.0,2.0,1.0,4.0,1.3165307000001576,38.0,9.0,0.1,orientation,color,size,0.38,-7.0,13,male,1,2304.7063153,0,19,0.0,0.0,1.0,0.0,1.0,0.0,52.0,0.0,49.0
157,158,2.0,0.0,0.0,1.0,4.0,1.566147900000033,-83.5,5.0,0.4600000000000001,orientation,color,size,0.38,-7.0,13,male,1,2304.7063153,0,19,0.0,0.0,1.0,0.0,0.0,0.0,53.0,0.0,50.0
158,159,2.0,0.0,2.0,0.0,4.0,1.8836665999999695,78.5,3.0,0.42,orientation,color,size,0.38,-7.0,13,male,1,2304.7063153,0,19,0.0,1.0,1.0,0.0,0.0,0.0,54.0,0.0,51.0
159,160,2.0,1.0,1.0,1.0,4.0,1.1999949999999444,-25.0,20.0,0.4600000000000001,orientation,color,size,0.38,-7.0,13,male,1,2304.7063153,1,19,0.0,0.0,1.0,0.0,-1.0,0.0,55.0,0.0,52.0
160,161,2.0,3.0,3.0,1.0,4.0,4.549427299999934,47.0,17.0,0.26,orientation,color,size,0.38,-7.0,13,male,1,2304.7063153,0,19,0.0,0.0,1.0,0.0,1.0,0.0,56.0,0.0,53.0
161,162,2.0,2.0,0.0,0.0,4.0,2.2166873999999552,-61.0,7.0,0.18,orientation,color,size,0.38,-7.0,13,male,1,2304.7063153,0,19,0.0,1.0,1.0,0.0,0.0,0.0,57.0,0.0,54.0
162,163,2.0,2.0,0.0,0.0,4.0,1.4494864999999209,-56.5,8.0,0.1,orientation,color,size,0.38,-7.0,13,male,1,2304.7063153,1,19,0.0,1.0,1.0,0.0,-1.0,0.0,58.0,0.0,55.0
163,164,2.0,3.0,3.0,1.0,4.0,1.6495446999999783,56.0,21.0,0.38,orientation,color,size,0.38,-7.0,13,male,1,2304.7063153,1,19,0.0,0.0,1.0,0.0,0.0,0.0,59.0,0.0,56.0
164,165,2.0,2.0,2.0,1.0,4.0,2.4504876999999397,74.0,11.0,0.3,orientation,color,size,0.38,-7.0,13,male,1,2304.7063153,0,19,0.0,0.0,1.0,0.0,1.0,0.0,60.0,0.0,57.0
165,166,2.0,1.0,3.0,0.0,4.0,2.6668256999998903,20.0,22.0,0.14,orientation,color,size,0.38,-7.0,13,male,1,2304.7063153,0,19,0.0,1.0,1.0,0.0,0.0,0.0,61.0,0.0,58.0
166,167,2.0,1.0,3.0,0.0,4.0,1.7653694000000542,-7.0,22.0,0.42,orientation,color,size,0.38,-7.0,13,male,1,2304.7063153,1,19,0.0,1.0,1.0,0.0,-1.0,0.0,62.0,0.0,59.0
167,168,2.0,2.0,2.0,1.0,4.0,23.29901860000018,29.0,3.0,0.1,orientation,color,size,0.38,-7.0,13,male,1,2304.7063153,1,19,0.0,0.0,1.0,0.0,0.0,0.0,63.0,0.0,60.0
168,169,2.0,3.0,3.0,1.0,4.0,2.882905400000027,65.0,19.0,0.42,orientation,color,size,0.38,-7.0,13,male,1,2304.7063153,0,19,0.0,0.0,1.0,0.0,1.0,0.0,64.0,0.0,61.0
169,170,2.0,0.0,0.0,1.0,4.0,1.883225100000118,-34.0,0.0,0.4600000000000001,orientation,color,size,0.38,-7.0,13,male,1,2304.7063153,0,19,0.0,0.0,1.0,0.0,0.0,0.0,65.0,0.0,62.0
170,171,2.0,1.0,1.0,1.0,4.0,1.383097399999997,-29.5,15.0,0.3400000000000001,orientation,color,size,0.38,-7.0,13,male,1,2304.7063153,0,19,0.0,0.0,1.0,0.0,0.0,0.0,66.0,0.0,63.0
171,172,2.0,0.0,0.0,1.0,4.0,2.7663457999999537,-79.0,7.0,0.18,orientation,color,size,0.38,-7.0,13,male,1,2304.7063153,0,19,0.0,0.0,1.0,0.0,0.0,0.0,67.0,0.0,64.0
172,173,2.0,2.0,3.0,0.0,4.0,2.099930699999959,83.0,17.0,0.3400000000000001,orientation,color,size,0.38,-7.0,13,male,1,2304.7063153,0,19,0.0,1.0,1.0,0.0,0.0,0.0,68.0,0.0,65.0
173,174,2.0,3.0,3.0,1.0,4.0,2.2325521999998728,60.5,23.0,0.1,orientation,color,size,0.38,-7.0,13,male,1,2304.7063153,1,19,0.0,0.0,1.0,0.0,-1.0,0.0,69.0,0.0,66.0
174,175,2.0,2.0,2.0,1.0,4.0,2.1661251000000448,56.0,4.0,0.3400000000000001,orientation,color,size,0.38,-7.0,13,male,1,2304.7063153,0,19,0.0,0.0,1.0,0.0,1.0,0.0,70.0,0.0,67.0
175,176,2.0,1.0,0.0,0.0,4.0,1.7000359000001026,-79.0,11.0,0.42,orientation,color,size,0.38,-7.0,13,male,1,2304.7063153,0,19,0.0,1.0,1.0,0.0,0.0,0.0,71.0,0.0,68.0
176,177,2.0,3.0,3.0,1.0,4.0,1.31501070000013,38.0,24.0,0.22,orientation,color,size,0.38,-7.0,13,male,1,2304.7063153,1,19,0.0,0.0,1.0,0.0,-1.0,0.0,72.0,0.0,69.0
177,178,2.0,1.0,1.0,1.0,4.0,1.149798900000178,-56.5,18.0,0.38,orientation,color,size,0.38,-7.0,13,male,1,2304.7063153,0,19,0.0,0.0,1.0,0.0,1.0,0.0,73.0,0.0,70.0
178,179,2.0,3.0,3.0,1.0,4.0,0.9014578999999684,33.5,17.0,0.26,orientation,color,size,0.38,-7.0,13,male,1,2304.7063153,0,19,0.0,0.0,1.0,0.0,0.0,0.0,74.0,0.0,71.0
179,180,2.0,3.0,1.0,0.0,4.0,2.6832510999997794,-11.5,23.0,0.1,orientation,color,size,0.38,-7.0,13,male,1,2304.7063153,0,19,0.0,1.0,1.0,0.0,0.0,0.0,75.0,0.0,72.0
180,181,2.0,2.0,1.0,0.0,4.0,1.599446299999954,-88.0,13.0,0.3400000000000001,orientation,color,size,0.38,-7.0,13,male,1,2304.7063153,1,19,0.0,2.0,1.0,0.0,-1.0,0.0,76.0,0.0,73.0
181,182,2.0,0.0,0.0,1.0,4.0,2.382605300000023,-29.5,11.0,0.18,orientation,color,size,0.38,-7.0,13,male,1,2304.7063153,1,19,0.0,0.0,1.0,0.0,-1.0,0.0,77.0,0.0,74.0
182,183,2.0,0.0,0.0,1.0,4.0,1.0348195999999916,-34.0,10.0,0.1,orientation,color,size,0.38,-7.0,13,male,1,2304.7063153,0,19,0.0,0.0,1.0,0.0,2.0,0.0,78.0,0.0,75.0
183,184,2.0,1.0,1.0,1.0,4.0,1.1341070000000857,-47.5,20.0,0.42,orientation,color,size,0.38,-7.0,13,male,1,2304.7063153,0,19,0.0,0.0,1.0,0.0,0.0,0.0,79.0,0.0,76.0
184,185,2.0,1.0,1.0,1.0,4.0,1.600707199999988,-83.5,14.0,0.42,orientation,color,size,0.38,-7.0,13,male,1,2304.7063153,0,19,0.0,0.0,1.0,0.0,0.0,0.0,80.0,0.0,77.0
185,186,2.0,1.0,1.0,1.0,4.0,0.7994215999999597,-29.5,24.0,0.14,orientation,color,size,0.38,-7.0,13,male,1,2304.7063153,0,19,0.0,0.0,1.0,0.0,0.0,0.0,81.0,0.0,78.0
186,187,2.0,1.0,1.0,1.0,4.0,0.866021400000136,-70.0,17.0,0.18,orientation,color,size,0.38,-7.0,13,male,1,2304.7063153,0,19,0.0,0.0,1.0,0.0,0.0,0.0,82.0,0.0,79.0
187,188,2.0,1.0,1.0,1.0,4.0,0.9669185999998716,-38.5,15.0,0.3400000000000001,orientation,color,size,0.38,-7.0,13,male,1,2304.7063153,0,19,0.0,0.0,1.0,0.0,0.0,0.0,83.0,0.0,80.0
188,189,2.0,2.0,2.0,1.0,4.0,2.3499950000000354,24.5,11.0,0.14,orientation,color,size,0.38,-7.0,13,male,1,2304.7063153,0,19,0.0,0.0,1.0,0.0,0.0,0.0,84.0,0.0,81.0
189,190,2.0,2.0,2.0,1.0,4.0,0.933731600000101,24.5,8.0,0.4600000000000001,orientation,color,size,0.38,-7.0,13,male,1,2304.7063153,0,19,0.0,0.0,1.0,0.0,0.0,0.0,85.0,0.0,82.0
190,191,2.0,1.0,1.0,1.0,4.0,1.515511399999923,-56.5,19.0,0.1,orientation,color,size,0.38,-7.0,13,male,1,2304.7063153,0,19,0.0,0.0,1.0,0.0,0.0,0.0,86.0,0.0,83.0
191,192,3.0,3.0,0.0,0.0,8.0,3.400275400000055,-70.0,7.0,0.14,orientation,color,size,0.38,-7.0,13,male,1,2304.7063153,1,19,0.0,0.0,2.0,0.0,0.0,0.0,87.0,1.0,0.0
192,193,3.0,7.0,6.0,0.0,8.0,1.1154218000001492,38.0,19.0,0.1,orientation,color,size,0.38,-7.0,13,male,1,2304.7063153,1,19,0.0,0.0,1.0,0.0,0.0,-1.0,88.0,2.0,0.0
193,194,3.0,1.0,2.0,0.0,8.0,4.566091400000005,-20.5,22.0,0.22,orientation,color,size,0.38,-7.0,13,male,1,2304.7063153,1,19,0.0,0.0,2.0,0.0,0.0,1.0,89.0,3.0,0.0
194,195,3.0,6.0,4.0,0.0,8.0,1.6829254000001583,33.5,3.0,0.1,orientation,color,size,0.38,-7.0,13,male,1,2304.7063153,1,19,0.0,0.0,1.0,0.0,0.0,-1.0,90.0,4.0,0.0
195,196,3.0,3.0,0.0,0.0,8.0,1.3495940000000246,-74.5,0.0,0.26,orientation,color,size,0.38,-7.0,13,male,1,2304.7063153,1,19,0.0,0.0,2.0,0.0,0.0,1.0,91.0,5.0,0.0
196,197,3.0,6.0,6.0,1.0,8.0,2.283561899999995,38.0,23.0,0.3400000000000001,orientation,color,size,0.38,-7.0,13,male,1,2304.7063153,1,19,0.0,0.0,0.0,0.0,0.0,-1.0,92.0,6.0,0.0
197,198,3.0,7.0,1.0,0.0,8.0,2.0328431000000364,-88.0,4.0,0.38,orientation,color,size,0.38,-7.0,13,male,1,2304.7063153,0,19,0.0,0.0,2.0,0.0,0.0,2.0,93.0,7.0,0.0
198,199,3.0,0.0,0.0,1.0,8.0,1.4822094999999536,-11.5,12.0,0.26,orientation,color,size,0.38,-7.0,13,male,1,2304.7063153,1,19,0.0,0.0,0.0,0.0,0.0,-2.0,94.0,8.0,0.0
199,200,3.0,0.0,0.0,1.0,8.0,0.6823761000000559,-16.0,6.0,0.22,orientation,color,size,0.38,-7.0,13,male,1,2304.7063153,0,19,0.0,0.0,0.0,0.0,0.0,2.0,95.0,9.0,0.0
200,201,3.0,3.0,0.0,0.0,8.0,1.683443499999839,-88.0,3.0,0.1,orientation,color,size,0.38,-7.0,13,male,1,2304.7063153,0,19,0.0,0.0,2.0,0.0,0.0,0.0,96.0,10.0,0.0
201,202,3.0,7.0,4.0,0.0,8.0,1.532817400000113,74.0,6.0,0.14,orientation,color,size,0.38,-7.0,13,male,1,2304.7063153,1,19,0.0,0.0,2.0,0.0,0.0,-2.0,97.0,11.0,0.0
202,203,3.0,3.0,2.0,0.0,8.0,1.582185399999844,-79.0,21.0,0.14,orientation,color,size,0.38,-7.0,13,male,1,2304.7063153,1,19,0.0,0.0,1.0,0.0,0.0,0.0,98.0,12.0,0.0
203,204,3.0,0.0,0.0,1.0,8.0,1.2997166999998626,-70.0,6.0,0.18,orientation,color,size,0.38,-7.0,13,male,1,2304.7063153,1,19,0.0,0.0,0.0,0.0,0.0,1.0,99.0,13.0,0.0
204,205,3.0,2.0,2.0,1.0,8.0,1.3999189000001024,-11.5,19.0,0.1,orientation,color,size,0.38,-7.0,13,male,1,2304.7063153,0,19,0.0,0.0,0.0,0.0,0.0,1.0,100.0,14.0,0.0
205,206,3.0,5.0,7.0,0.0,8.0,1.0331992000001264,24.5,24.0,0.42,orientation,color,size,0.38,-7.0,13,male,1,2304.7063153,0,19,0.0,0.0,1.0,0.0,0.0,0.0,101.0,15.0,0.0
206,207,3.0,0.0,4.0,0.0,8.0,1.2163342999999711,-2.5,7.0,0.3400000000000001,orientation,color,size,0.38,-7.0,13,male,1,2304.7063153,1,19,0.0,0.0,1.0,0.0,0.0,-1.0,102.0,16.0,0.0
207,208,3.0,7.0,7.0,1.0,8.0,1.566372900000033,15.5,21.0,0.38,orientation,color,size,0.38,-7.0,13,male,1,2304.7063153,1,19,0.0,0.0,0.0,0.0,0.0,0.0,103.0,17.0,0.0
208,209,3.0,7.0,3.0,0.0,8.0,0.9666090000000622,-16.0,14.0,0.4600000000000001,orientation,color,size,0.38,-7.0,13,male,1,2304.7063153,0,19,0.0,0.0,1.0,0.0,0.0,1.0,104.0,18.0,0.0
209,210,3.0,0.0,0.0,1.0,8.0,1.3663275999999769,-20.5,1.0,0.26,orientation,color,size,0.38,-7.0,13,male,1,2304.7063153,1,19,0.0,0.0,0.0,0.0,0.0,-1.0,105.0,19.0,0.0
210,211,3.0,3.0,3.0,1.0,8.0,1.4495535999999447,-79.0,19.0,0.4600000000000001,orientation,color,size,0.38,-7.0,13,male,1,2304.7063153,0,19,0.0,0.0,0.0,0.0,0.0,1.0,106.0,20.0,0.0
211,212,3.0,0.0,5.0,0.0,8.0,1.4830145999999331,-2.5,5.0,0.38,orientation,color,size,0.38,-7.0,13,male,1,2304.7063153,0,19,0.0,0.0,2.0,0.0,0.0,0.0,107.0,21.0,0.0
212,213,3.0,4.0,7.0,0.0,8.0,2.500473800000009,33.5,21.0,0.42,orientation,color,size,0.38,-7.0,13,male,1,2304.7063153,1,19,0.0,0.0,2.0,0.0,0.0,-2.0,108.0,22.0,0.0
213,214,3.0,0.0,0.0,1.0,8.0,1.2824001000001315,-25.0,2.0,0.1,orientation,color,size,0.38,-7.0,13,male,1,2304.7063153,1,19,0.0,0.0,0.0,0.0,0.0,0.0,109.0,23.0,0.0
214,215,3.0,4.0,4.0,1.0,8.0,1.984096000000136,38.0,1.0,0.18,orientation,color,size,0.38,-7.0,13,male,1,2304.7063153,0,19,0.0,0.0,0.0,0.0,0.0,2.0,110.0,24.0,0.0
215,216,3.0,4.0,4.0,1.0,8.0,0.8826834999999846,87.5,2.0,0.3400000000000001,orientation,color,size,0.38,-7.0,13,male,1,2304.7063153,0,19,0.0,0.0,0.0,0.0,0.0,0.0,111.0,25.0,0.0
216,217,3.0,0.0,1.0,0.0,8.0,1.6988741999998638,-47.5,4.0,0.4600000000000001,orientation,color,size,0.38,-7.0,13,male,1,2304.7063153,0,19,0.0,0.0,1.0,0.0,0.0,0.0,112.0,26.0,0.0
217,218,3.0,3.0,3.0,1.0,8.0,2.20030789999987,-25.0,17.0,0.38,orientation,color,size,0.38,-7.0,13,male,1,2304.7063153,1,19,0.0,0.0,0.0,0.0,0.0,-1.0,113.0,27.0,0.0
218,219,3.0,4.0,5.0,0.0,8.0,1.4497948999999153,60.5,9.0,0.38,orientation,color,size,0.38,-7.0,13,male,1,2304.7063153,0,19,0.0,0.0,1.0,0.0,0.0,1.0,114.0,28.0,0.0
219,220,3.0,0.0,1.0,0.0,8.0,2.13246990000016,-56.5,0.0,0.42,orientation,color,size,0.38,-7.0,13,male,1,2304.7063153,1,19,0.0,0.0,1.0,0.0,0.0,-1.0,115.0,29.0,0.0
220,221,3.0,3.0,3.0,1.0,8.0,1.5322634999999991,-11.5,17.0,0.42,orientation,color,size,0.38,-7.0,13,male,1,2304.7063153,1,19,0.0,0.0,0.0,0.0,0.0,0.0,116.0,30.0,0.0
221,222,3.0,4.0,4.0,1.0,8.0,6.80010110000012,42.5,1.0,0.22,orientation,color,size,0.38,-7.0,13,male,1,2304.7063153,0,19,0.0,0.0,0.0,0.0,0.0,1.0,117.0,31.0,0.0
222,223,3.0,4.0,5.0,0.0,8.0,0.7332744999998795,65.0,11.0,0.38,orientation,color,size,0.38,-7.0,13,male,1,2304.7063153,0,19,0.0,0.0,1.0,0.0,0.0,0.0,118.0,32.0,0.0
223,224,3.0,0.0,0.0,1.0,8.0,1.4489580999997995,-70.0,1.0,0.1,orientation,color,size,0.38,-7.0,13,male,1,2304.7063153,1,19,0.0,0.0,0.0,0.0,0.0,-1.0,119.0,33.0,0.0
224,225,3.0,4.0,7.0,0.0,8.0,1.816436500000009,6.5,16.0,0.42,orientation,color,size,0.38,-7.0,13,male,1,2304.7063153,0,19,0.0,0.0,2.0,0.0,0.0,1.0,120.0,34.0,0.0
225,226,3.0,0.0,0.0,1.0,8.0,3.0489753000001656,-43.0,11.0,0.26,orientation,color,size,0.38,-7.0,13,male,1,2304.7063153,1,19,0.0,0.0,0.0,0.0,0.0,-2.0,121.0,35.0,0.0
226,227,3.0,0.0,5.0,0.0,8.0,0.9337750999998208,-7.0,9.0,0.38,orientation,color,size,0.38,-7.0,13,male,1,2304.7063153,0,19,0.0,0.0,2.0,0.0,0.0,2.0,122.0,36.0,0.0
227,228,3.0,3.0,2.0,0.0,8.0,1.2155993999999737,-83.5,19.0,0.1,orientation,color,size,0.38,-7.0,13,male,1,2304.7063153,1,19,0.0,0.0,1.0,0.0,0.0,-2.0,123.0,37.0,0.0
228,229,3.0,3.0,2.0,0.0,8.0,1.2989805999998223,-79.0,19.0,0.26,orientation,color,size,0.38,-7.0,13,male,1,2304.7063153,1,19,0.0,0.0,1.0,0.0,0.0,1.0,124.0,38.0,0.0
229,230,3.0,0.0,4.0,0.0,8.0,1.2819179000000531,2.0,2.0,0.18,orientation,color,size,0.38,-7.0,13,male,1,2304.7063153,1,19,0.0,0.0,1.0,0.0,0.0,0.0,125.0,39.0,0.0
230,231,3.0,0.0,0.0,1.0,8.0,1.0160448000001452,-70.0,5.0,0.1,orientation,color,size,0.38,-7.0,13,male,1,2304.7063153,1,19,0.0,0.0,0.0,0.0,0.0,0.0,126.0,40.0,0.0
231,232,3.0,0.0,0.0,1.0,8.0,2.900206700000126,-38.5,4.0,0.18,orientation,color,size,0.38,-7.0,13,male,1,2304.7063153,0,19,0.0,0.0,0.0,0.0,0.0,1.0,127.0,41.0,0.0
232,233,3.0,3.0,2.0,0.0,8.0,2.517129999999952,-34.0,19.0,0.26,orientation,color,size,0.38,-7.0,13,male,1,2304.7063153,0,19,0.0,0.0,1.0,0.0,0.0,0.0,128.0,42.0,0.0
233,234,3.0,7.0,6.0,0.0,8.0,3.3002910999998676,29.0,21.0,0.1,orientation,color,size,0.38,-7.0,13,male,1,2304.7063153,1,19,0.0,0.0,1.0,0.0,0.0,-1.0,129.0,43.0,0.0
234,235,3.0,6.0,4.0,0.0,8.0,17.83352990000003,60.5,0.0,0.18,orientation,color,size,0.38,-7.0,13,male,1,2304.7063153,1,19,0.0,0.0,1.0,0.0,0.0,0.0,130.0,44.0,0.0
235,236,3.0,7.0,7.0,1.0,8.0,7.349168199999895,65.0,17.0,0.4600000000000001,orientation,color,size,0.38,-7.0,13,male,1,2304.7063153,1,19,0.0,0.0,0.0,0.0,0.0,0.0,131.0,45.0,0.0
236,237,3.0,3.0,3.0,1.0,8.0,2.1001865000000635,-74.5,22.0,0.38,orientation,color,size,0.38,-7.0,13,male,1,2304.7063153,0,19,0.0,0.0,0.0,0.0,0.0,1.0,132.0,46.0,0.0
237,238,3.0,7.0,7.0,1.0,8.0,2.6167351999999937,47.0,19.0,0.4600000000000001,orientation,color,size,0.38,-7.0,13,male,1,2304.7063153,0,19,0.0,0.0,0.0,0.0,0.0,0.0,133.0,47.0,0.0
238,239,3.0,0.0,4.0,0.0,8.0,2.9669708000001265,-7.0,4.0,0.18,orientation,color,size,0.38,-7.0,13,male,1,2304.7063153,0,19,0.0,0.0,1.0,0.0,0.0,0.0,134.0,48.0,0.0
239,240,3.0,0.0,4.0,0.0,8.0,3.4836193999999523,15.5,1.0,0.22,orientation,color,size,0.38,-7.0,13,male,1,2304.7063153,1,19,0.0,0.0,1.0,0.0,0.0,-1.0,135.0,49.0,0.0
240,241,3.0,0.0,0.0,1.0,8.0,1.8150768000000423,-52.0,0.0,0.3400000000000001,orientation,color,size,0.38,-7.0,13,male,1,2304.7063153,1,19,0.0,0.0,0.0,0.0,0.0,0.0,136.0,50.0,0.0
241,242,3.0,0.0,0.0,1.0,8.0,0.91585699999996,-56.5,12.0,0.3,orientation,color,size,0.38,-7.0,13,male,1,2304.7063153,0,19,0.0,0.0,0.0,0.0,0.0,1.0,137.0,51.0,0.0
242,243,3.0,3.0,2.0,0.0,8.0,2.0334967999999662,-16.0,23.0,0.26,orientation,color,size,0.38,-7.0,13,male,1,2304.7063153,0,19,0.0,0.0,1.0,0.0,0.0,0.0,138.0,52.0,0.0
243,244,3.0,7.0,7.0,1.0,8.0,3.1830433000000085,51.5,22.0,0.38,orientation,color,size,0.38,-7.0,13,male,1,2304.7063153,1,19,0.0,0.0,0.0,0.0,0.0,-1.0,139.0,53.0,0.0
244,245,3.0,7.0,7.0,1.0,8.0,0.5996520999999575,69.5,23.0,0.42,orientation,color,size,0.38,-7.0,13,male,1,2304.7063153,0,19,0.0,0.0,0.0,0.0,0.0,1.0,140.0,54.0,0.0
245,246,3.0,3.0,2.0,0.0,8.0,1.533534599999939,-47.5,24.0,0.3,orientation,color,size,0.38,-7.0,13,male,1,2304.7063153,0,19,0.0,0.0,1.0,0.0,0.0,0.0,141.0,55.0,0.0
246,247,3.0,3.0,2.0,0.0,8.0,1.032670599999847,-79.0,22.0,0.14,orientation,color,size,0.38,-7.0,13,male,1,2304.7063153,1,19,0.0,0.0,1.0,0.0,0.0,-1.0,142.0,56.0,0.0
247,248,3.0,2.0,3.0,0.0,8.0,1.5165121,-29.5,17.0,0.4600000000000001,orientation,color,size,0.38,-7.0,13,male,1,2304.7063153,1,19,0.0,0.0,1.0,0.0,0.0,0.0,143.0,57.0,0.0
248,249,3.0,7.0,6.0,0.0,8.0,1.2149981000000023,2.0,17.0,0.22,orientation,color,size,0.38,-7.0,13,male,1,2304.7063153,1,19,0.0,0.0,1.0,0.0,0.0,0.0,144.0,58.0,0.0
249,250,3.0,0.0,0.0,1.0,8.0,1.3653090000000248,-52.0,12.0,0.18,orientation,color,size,0.38,-7.0,13,male,1,2304.7063153,1,19,0.0,0.0,0.0,0.0,0.0,0.0,145.0,59.0,0.0
250,251,3.0,6.0,4.0,0.0,8.0,4.350480699999935,56.0,0.0,0.22,orientation,color,size,0.38,-7.0,13,male,1,2304.7063153,0,19,0.0,0.0,1.0,0.0,0.0,1.0,146.0,60.0,0.0
251,252,3.0,0.0,0.0,1.0,8.0,1.5158616999999597,-65.5,4.0,0.26,orientation,color,size,0.38,-7.0,13,male,1,2304.7063153,1,19,0.0,0.0,0.0,0.0,0.0,-1.0,147.0,61.0,0.0
252,253,3.0,3.0,2.0,0.0,8.0,1.4998333000000912,-56.5,23.0,0.14,orientation,color,size,0.38,-7.0,13,male,1,2304.7063153,0,19,0.0,0.0,1.0,0.0,0.0,1.0,148.0,62.0,0.0
253,254,3.0,7.0,6.0,0.0,8.0,3.3169580999999653,60.5,21.0,0.1,orientation,color,size,0.38,-7.0,13,male,1,2304.7063153,1,19,0.0,0.0,1.0,0.0,0.0,-1.0,149.0,63.0,0.0
254,255,3.0,4.0,4.0,1.0,8.0,2.7650321000000986,87.5,0.0,0.18,orientation,color,size,0.38,-7.0,13,male,1,2304.7063153,1,19,0.0,0.0,0.0,0.0,0.0,0.0,150.0,64.0,0.0
255,256,3.0,0.0,1.0,0.0,8.0,1.5659502999999404,-79.0,12.0,0.38,orientation,color,size,0.38,-7.0,13,male,1,2304.7063153,0,19,0.0,0.0,1.0,0.0,0.0,1.0,151.0,65.0,0.0
256,257,3.0,0.0,0.0,1.0,8.0,1.382058600000164,-43.0,1.0,0.3,orientation,color,size,0.38,-7.0,13,male,1,2304.7063153,1,19,0.0,0.0,0.0,0.0,0.0,-1.0,152.0,66.0,0.0
257,258,3.0,7.0,7.0,1.0,8.0,1.2329824999999346,65.0,19.0,0.4600000000000001,orientation,color,size,0.38,-7.0,13,male,1,2304.7063153,0,19,0.0,0.0,0.0,0.0,0.0,1.0,153.0,67.0,0.0
258,259,3.0,7.0,6.0,0.0,8.0,0.9500623999999788,6.5,20.0,0.1,orientation,color,size,0.38,-7.0,13,male,1,2304.7063153,0,19,0.0,0.0,1.0,0.0,0.0,0.0,154.0,68.0,0.0
259,260,3.0,1.0,0.0,0.0,8.0,5.832349100000101,-74.5,4.0,0.22,orientation,color,size,0.38,-7.0,13,male,1,2304.7063153,1,19,0.0,0.0,1.0,0.0,0.0,-1.0,155.0,69.0,0.0
260,261,3.0,0.0,0.0,1.0,8.0,1.7001107999999476,-43.0,9.0,0.18,orientation,color,size,0.38,-7.0,13,male,1,2304.7063153,1,19,0.0,0.0,0.0,0.0,0.0,0.0,156.0,70.0,0.0
261,262,3.0,6.0,4.0,0.0,8.0,4.0658158000001094,29.0,7.0,0.1,orientation,color,size,0.38,-7.0,13,male,1,2304.7063153,0,19,0.0,0.0,1.0,0.0,0.0,1.0,157.0,71.0,0.0
262,263,3.0,3.0,6.0,0.0,8.0,2.8655655000000024,-7.0,19.0,0.26,orientation,color,size,0.38,-7.0,13,male,1,2304.7063153,1,19,0.0,0.0,2.0,0.0,0.0,-1.0,158.0,72.0,0.0
263,264,3.0,0.0,4.0,0.0,8.0,1.3323477999999795,-7.0,7.0,0.22,orientation,color,size,0.38,-7.0,13,male,1,2304.7063153,1,19,0.0,0.0,1.0,0.0,0.0,-1.0,159.0,73.0,0.0
264,265,3.0,3.0,2.0,0.0,8.0,1.8662092999998097,-79.0,19.0,0.26,orientation,color,size,0.38,-7.0,13,male,1,2304.7063153,1,19,0.0,0.0,1.0,0.0,0.0,1.0,160.0,74.0,0.0
265,266,3.0,5.0,7.0,0.0,8.0,8.165964599999825,6.5,17.0,0.4600000000000001,orientation,color,size,0.38,-7.0,13,male,1,2304.7063153,1,19,0.0,0.0,1.0,0.0,0.0,0.0,161.0,75.0,0.0
266,267,3.0,0.0,4.0,0.0,8.0,2.5160248000001957,-7.0,12.0,0.3,orientation,color,size,0.38,-7.0,13,male,1,2304.7063153,1,19,0.0,0.0,1.0,0.0,0.0,0.0,162.0,76.0,0.0
267,268,3.0,3.0,0.0,0.0,8.0,10.182564899999988,-25.0,3.0,0.3400000000000001,orientation,color,size,0.38,-7.0,13,male,1,2304.7063153,1,19,0.0,0.0,2.0,0.0,0.0,0.0,163.0,77.0,0.0
268,269,3.0,3.0,2.0,0.0,8.0,1.1321070000001328,-43.0,19.0,0.3400000000000001,orientation,color,size,0.38,-7.0,13,male,1,2304.7063153,1,19,0.0,0.0,1.0,0.0,0.0,-1.0,164.0,78.0,0.0
269,270,3.0,2.0,2.0,1.0,8.0,4.96651810000003,-70.0,15.0,0.1,orientation,color,size,0.38,-7.0,13,male,1,2304.7063153,1,19,0.0,0.0,0.0,0.0,0.0,1.0,165.0,79.0,0.0
270,271,3.0,2.0,2.0,1.0,8.0,0.5164887999999337,-70.0,24.0,0.14,orientation,color,size,0.38,-7.0,13,male,1,2304.7063153,0,19,0.0,0.0,0.0,0.0,0.0,1.0,166.0,80.0,0.0
271,272,3.0,5.0,4.0,0.0,8.0,1.449916999999914,56.0,1.0,0.18,orientation,color,size,0.38,-7.0,13,male,1,2304.7063153,0,19,0.0,0.0,1.0,0.0,0.0,0.0,167.0,81.0,0.0
272,273,3.0,2.0,2.0,1.0,8.0,0.983627399999932,-61.0,19.0,0.26,orientation,color,size,0.38,-7.0,13,male,1,2304.7063153,1,19,0.0,0.0,0.0,0.0,0.0,-1.0,168.0,82.0,0.0
273,274,3.0,0.0,0.0,1.0,8.0,1.0492203000001157,-34.0,1.0,0.26,orientation,color,size,0.38,-7.0,13,male,1,2304.7063153,0,19,0.0,0.0,0.0,0.0,0.0,1.0,169.0,83.0,0.0
274,275,3.0,0.0,1.0,0.0,8.0,1.9842848000000688,-65.5,9.0,0.42,orientation,color,size,0.38,-7.0,13,male,1,2304.7063153,0,19,0.0,0.0,1.0,0.0,0.0,0.0,170.0,84.0,0.0
275,276,3.0,5.0,4.0,0.0,8.0,1.3823784999999589,74.0,1.0,0.3400000000000001,orientation,color,size,0.38,-7.0,13,male,1,2304.7063153,1,19,0.0,0.0,1.0,0.0,0.0,-1.0,171.0,85.0,0.0
276,277,3.0,0.0,0.0,1.0,8.0,1.3654841000000033,-61.0,6.0,0.18,orientation,color,size,0.38,-7.0,13,male,1,2304.7063153,1,19,0.0,0.0,0.0,0.0,0.0,0.0,172.0,86.0,0.0
277,278,3.0,4.0,4.0,1.0,8.0,2.3005530000000363,56.0,9.0,0.18,orientation,color,size,0.38,-7.0,13,male,1,2304.7063153,0,19,0.0,0.0,0.0,0.0,0.0,1.0,173.0,87.0,0.0
278,279,3.0,4.0,4.0,1.0,8.0,0.5332246000000396,51.5,4.0,0.14,orientation,color,size,0.38,-7.0,13,male,1,2304.7063153,0,19,0.0,0.0,0.0,0.0,0.0,0.0,174.0,88.0,0.0
279,280,3.0,3.0,2.0,0.0,8.0,1.5836508999998389,-65.5,14.0,0.3,orientation,color,size,0.38,-7.0,13,male,1,2304.7063153,0,19,0.0,0.0,1.0,0.0,0.0,0.0,175.0,89.0,0.0
280,281,3.0,2.0,2.0,1.0,8.0,0.9169862999999624,-88.0,19.0,0.14,orientation,color,size,0.38,-7.0,13,male,1,2304.7063153,1,19,0.0,0.0,0.0,0.0,0.0,-1.0,176.0,90.0,0.0
281,282,3.0,0.0,0.0,1.0,8.0,1.2002439999998842,-74.5,12.0,0.22,orientation,color,size,0.38,-7.0,13,male,1,2304.7063153,0,19,0.0,0.0,0.0,0.0,0.0,1.0,177.0,91.0,0.0
282,283,3.0,7.0,7.0,1.0,8.0,2.2320812000000387,78.5,19.0,0.4600000000000001,orientation,color,size,0.38,-7.0,13,male,1,2304.7063153,0,19,0.0,0.0,0.0,0.0,0.0,0.0,178.0,92.0,0.0
283,284,3.0,4.0,5.0,0.0,8.0,1.550510999999915,47.0,8.0,0.42,orientation,color,size,0.38,-7.0,13,male,1,2304.7063153,0,19,0.0,0.0,1.0,0.0,0.0,0.0,179.0,93.0,0.0
284,285,3.0,0.0,0.0,1.0,8.0,1.3160803999999189,-70.0,10.0,0.18,orientation,color,size,0.38,-7.0,13,male,1,2304.7063153,1,19,0.0,0.0,0.0,0.0,0.0,-1.0,180.0,94.0,0.0
285,286,3.0,0.0,0.0,1.0,8.0,0.833947599999874,-43.0,8.0,0.14,orientation,color,size,0.38,-7.0,13,male,1,2304.7063153,0,19,0.0,0.0,0.0,0.0,0.0,1.0,181.0,95.0,0.0
286,287,3.0,0.0,1.0,0.0,8.0,0.9667594999998528,-38.5,9.0,0.4600000000000001,orientation,color,size,0.38,-7.0,13,male,1,2304.7063153,0,19,0.0,0.0,1.0,0.0,0.0,0.0,182.0,96.0,0.0
287,288,3.0,2.0,2.0,1.0,8.0,2.0834591000000273,-83.5,13.0,0.18,orientation,color,size,0.38,-7.0,13,male,1,2304.7063153,1,19,0.0,0.0,0.0,0.0,0.0,-1.0,183.0,97.0,0.0
288,289,3.0,7.0,7.0,1.0,8.0,1.316795299999967,60.5,22.0,0.4600000000000001,orientation,color,size,0.38,-7.0,13,male,1,2304.7063153,0,19,0.0,0.0,0.0,0.0,0.0,1.0,184.0,98.0,0.0
289,290,3.0,2.0,3.0,0.0,8.0,1.867013199999974,-79.0,19.0,0.38,orientation,color,size,0.38,-7.0,13,male,1,2304.7063153,0,19,0.0,0.0,1.0,0.0,0.0,0.0,185.0,99.0,0.0
290,291,3.0,7.0,6.0,0.0,8.0,1.0486587000000327,15.5,15.0,0.22,orientation,color,size,0.38,-7.0,13,male,1,2304.7063153,1,19,0.0,0.0,1.0,0.0,0.0,-1.0,186.0,100.0,0.0
291,292,3.0,6.0,6.0,1.0,8.0,1.034161300000051,87.5,22.0,0.1,orientation,color,size,0.38,-7.0,13,male,1,2304.7063153,1,19,0.0,0.0,0.0,0.0,0.0,0.0,187.0,101.0,0.0
292,293,3.0,2.0,3.0,0.0,8.0,1.1493517999999767,-16.0,16.0,0.38,orientation,color,size,0.38,-7.0,13,male,1,2304.7063153,0,19,0.0,0.0,1.0,0.0,0.0,1.0,188.0,102.0,0.0
293,294,3.0,4.0,4.0,1.0,8.0,1.4833985999998731,69.5,11.0,0.26,orientation,color,size,0.38,-7.0,13,male,1,2304.7063153,1,19,0.0,0.0,0.0,0.0,0.0,-1.0,189.0,103.0,0.0
294,295,3.0,0.0,4.0,0.0,8.0,1.0331200999999055,-2.5,10.0,0.3,orientation,color,size,0.38,-7.0,13,male,1,2304.7063153,0,19,0.0,0.0,1.0,0.0,0.0,1.0,190.0,104.0,0.0
295,296,1.0,1.0,1.0,1.0,2.0,1.1286541999998008,78.5,21.0,0.3400000000000001,orientation,color,size,0.38,-7.0,13,male,1,2304.7063153,1,19,0.0,0.0,1.0,0.0,0.0,1.0,0.0,105.0,1.0
296,297,1.0,0.0,0.0,1.0,2.0,0.816884600000094,-11.5,8.0,0.3400000000000001,orientation,color,size,0.38,-7.0,13,male,1,2304.7063153,0,19,0.0,0.0,1.0,0.0,0.0,1.0,0.0,106.0,2.0
297,298,1.0,0.0,0.0,1.0,2.0,0.5998677000000043,-70.0,7.0,0.3,orientation,color,size,0.38,-7.0,13,male,1,2304.7063153,0,19,0.0,0.0,1.0,0.0,0.0,1.0,0.0,107.0,3.0
298,299,1.0,0.0,1.0,0.0,2.0,2.1168577000000823,24.5,7.0,0.3400000000000001,orientation,color,size,0.38,-7.0,13,male,1,2304.7063153,0,19,1.0,0.0,1.0,0.0,0.0,1.0,0.0,108.0,4.0
299,300,1.0,1.0,1.0,1.0,2.0,1.028211699999929,20.0,12.0,0.18,orientation,color,size,0.38,-7.0,13,male,1,2304.7063153,1,19,0.0,0.0,1.0,-1.0,0.0,1.0,0.0,109.0,5.0
300,301,1.0,0.0,0.0,1.0,2.0,0.7665497000000414,-56.5,2.0,0.14,orientation,color,size,0.38,-7.0,13,male,1,2304.7063153,0,19,0.0,0.0,1.0,1.0,0.0,1.0,0.0,110.0,6.0
301,302,1.0,0.0,0.0,1.0,2.0,0.666150000000016,-16.0,16.0,0.22,orientation,color,size,0.38,-7.0,13,male,1,2304.7063153,0,19,0.0,0.0,1.0,0.0,0.0,1.0,0.0,111.0,7.0
302,303,1.0,1.0,1.0,1.0,2.0,0.9664263999998184,29.0,14.0,0.3,orientation,color,size,0.38,-7.0,13,male,1,2304.7063153,0,19,0.0,0.0,1.0,0.0,0.0,1.0,0.0,112.0,8.0
303,304,1.0,0.0,0.0,1.0,2.0,1.3838751000000684,-74.5,16.0,0.38,orientation,color,size,0.38,-7.0,13,male,1,2304.7063153,0,19,0.0,0.0,1.0,0.0,0.0,1.0,0.0,113.0,9.0
304,305,1.0,1.0,1.0,1.0,2.0,0.4499442999999701,24.5,23.0,0.22,orientation,color,size,0.38,-7.0,13,male,1,2304.7063153,0,19,0.0,0.0,1.0,0.0,0.0,1.0,0.0,114.0,10.0
305,306,1.0,1.0,1.0,1.0,2.0,0.517716000000064,51.5,7.0,0.3400000000000001,orientation,color,size,0.38,-7.0,13,male,1,2304.7063153,0,19,0.0,0.0,1.0,0.0,0.0,1.0,0.0,115.0,11.0
306,307,1.0,1.0,0.0,0.0,2.0,0.3665750000000116,-61.0,5.0,0.3400000000000001,orientation,color,size,0.38,-7.0,13,male,1,2304.7063153,0,19,1.0,0.0,1.0,0.0,0.0,1.0,0.0,116.0,12.0
307,308,3.0,0.0,0.0,1.0,8.0,0.9318307000000914,-43.0,1.0,0.18,orientation,color,size,0.38,-7.0,13,male,1,2304.7063153,1,19,1.0,0.0,0.0,0.0,0.0,0.0,1.0,117.0,0.0
308,309,3.0,1.0,3.0,0.0,8.0,1.883754799999906,-74.5,15.0,0.42,orientation,color,size,0.38,-7.0,13,male,1,2304.7063153,0,19,1.0,0.0,1.0,0.0,0.0,1.0,2.0,118.0,0.0
309,310,3.0,5.0,5.0,1.0,8.0,2.882968099999971,24.5,6.0,0.38,orientation,color,size,0.38,-7.0,13,male,1,2304.7063153,1,19,1.0,0.0,0.0,0.0,0.0,-1.0,3.0,119.0,0.0
310,311,3.0,5.0,4.0,0.0,8.0,0.9839993000000504,6.5,7.0,0.14,orientation,color,size,0.38,-7.0,13,male,1,2304.7063153,0,19,1.0,0.0,1.0,0.0,0.0,1.0,4.0,120.0,0.0
311,312,3.0,2.0,2.0,1.0,8.0,2.4326891999999134,-79.0,16.0,0.26,orientation,color,size,0.38,-7.0,13,male,1,2304.7063153,1,19,1.0,0.0,0.0,0.0,0.0,-1.0,5.0,121.0,0.0
312,313,3.0,5.0,4.0,0.0,8.0,1.7830059999998866,33.5,8.0,0.18,orientation,color,size,0.38,-7.0,13,male,1,2304.7063153,0,19,1.0,0.0,1.0,0.0,0.0,1.0,6.0,122.0,0.0
313,314,3.0,4.0,6.0,0.0,8.0,3.2670550999998795,78.5,21.0,0.14,orientation,color,size,0.38,-7.0,13,male,1,2304.7063153,1,19,1.0,0.0,1.0,0.0,0.0,-1.0,7.0,123.0,0.0
314,315,3.0,5.0,4.0,0.0,8.0,4.032447900000079,38.0,7.0,0.3400000000000001,orientation,color,size,0.38,-7.0,13,male,1,2304.7063153,1,19,1.0,0.0,1.0,0.0,0.0,0.0,8.0,124.0,0.0
315,316,3.0,4.0,5.0,0.0,8.0,1.0488780999999108,78.5,2.0,0.4600000000000001,orientation,color,size,0.38,-7.0,13,male,1,2304.7063153,1,19,1.0,0.0,1.0,0.0,0.0,0.0,9.0,125.0,0.0
316,317,3.0,1.0,3.0,0.0,8.0,3.1488939000000755,-25.0,18.0,0.4600000000000001,orientation,color,size,0.38,-7.0,13,male,1,2304.7063153,1,19,1.0,0.0,1.0,0.0,0.0,0.0,10.0,126.0,0.0
317,318,3.0,4.0,4.0,1.0,8.0,0.99899460000006,65.0,6.0,0.26,orientation,color,size,0.38,-7.0,13,male,1,2304.7063153,1,19,1.0,0.0,0.0,0.0,0.0,0.0,11.0,127.0,0.0
318,319,3.0,2.0,2.0,1.0,8.0,1.9665092000000184,-43.0,22.0,0.26,orientation,color,size,0.38,-7.0,13,male,1,2304.7063153,0,19,1.0,0.0,0.0,0.0,0.0,1.0,12.0,128.0,0.0
319,320,3.0,2.0,3.0,0.0,8.0,0.6671534000001884,-34.0,18.0,0.38,orientation,color,size,0.38,-7.0,13,male,1,2304.7063153,0,19,1.0,0.0,1.0,0.0,0.0,0.0,13.0,129.0,0.0
320,321,3.0,7.0,6.0,0.0,8.0,21.348324500000217,2.0,24.0,0.26,orientation,color,size,0.38,-7.0,13,male,1,2304.7063153,1,19,1.0,0.0,1.0,0.0,0.0,-1.0,14.0,130.0,0.0
321,322,3.0,1.0,2.0,0.0,8.0,2.949746700000105,-43.0,23.0,0.22,orientation,color,size,0.38,-7.0,13,male,1,2304.7063153,1,19,1.0,0.0,2.0,0.0,0.0,0.0,15.0,131.0,0.0
322,323,3.0,0.0,0.0,1.0,8.0,1.333409500000016,-38.5,7.0,0.26,orientation,color,size,0.38,-7.0,13,male,1,2304.7063153,1,19,1.0,0.0,0.0,0.0,0.0,-1.0,16.0,132.0,0.0
323,324,3.0,2.0,2.0,1.0,8.0,1.9832801000000015,-43.0,17.0,0.14,orientation,color,size,0.38,-7.0,13,male,1,2304.7063153,0,19,1.0,0.0,0.0,0.0,0.0,2.0,17.0,133.0,0.0
324,325,3.0,1.0,0.0,0.0,8.0,2.766330700000026,-65.5,4.0,0.18,orientation,color,size,0.38,-7.0,13,male,1,2304.7063153,0,19,1.0,0.0,1.0,0.0,0.0,0.0,18.0,134.0,0.0
325,326,3.0,4.0,4.0,1.0,8.0,1.44899190000001,83.0,8.0,0.1,orientation,color,size,0.38,-7.0,13,male,1,2304.7063153,1,19,1.0,0.0,0.0,0.0,0.0,-1.0,19.0,135.0,0.0
326,327,3.0,4.0,4.0,1.0,8.0,1.049501599999985,65.0,5.0,0.22,orientation,color,size,0.38,-7.0,13,male,1,2304.7063153,0,19,1.0,0.0,0.0,0.0,0.0,1.0,20.0,136.0,0.0
327,328,3.0,4.0,4.0,1.0,8.0,0.5160680000001321,56.0,2.0,0.1,orientation,color,size,0.38,-7.0,13,male,1,2304.7063153,0,19,1.0,0.0,0.0,0.0,0.0,0.0,21.0,137.0,0.0
328,329,3.0,0.0,0.0,1.0,8.0,1.800425000000132,-38.5,10.0,0.18,orientation,color,size,0.38,-7.0,13,male,1,2304.7063153,0,19,1.0,0.0,0.0,0.0,0.0,0.0,22.0,138.0,0.0
329,330,3.0,2.0,3.0,0.0,8.0,2.083150799999885,-70.0,24.0,0.42,orientation,color,size,0.38,-7.0,13,male,1,2304.7063153,0,19,1.0,0.0,1.0,0.0,0.0,0.0,23.0,139.0,0.0
330,331,3.0,3.0,2.0,0.0,8.0,0.9491139000001568,-43.0,20.0,0.26,orientation,color,size,0.38,-7.0,13,male,1,2304.7063153,1,19,1.0,0.0,1.0,0.0,0.0,-1.0,24.0,140.0,0.0
331,332,3.0,7.0,6.0,0.0,8.0,3.1325151000000915,51.5,17.0,0.22,orientation,color,size,0.38,-7.0,13,male,1,2304.7063153,1,19,1.0,0.0,1.0,0.0,0.0,0.0,25.0,141.0,0.0
332,333,3.0,2.0,6.0,0.0,8.0,1.61493930000006,-2.5,13.0,0.22,orientation,color,size,0.38,-7.0,13,male,1,2304.7063153,1,19,1.0,0.0,1.0,0.0,0.0,0.0,26.0,142.0,0.0
333,334,3.0,3.0,3.0,1.0,8.0,1.815775700000131,-83.5,20.0,0.42,orientation,color,size,0.38,-7.0,13,male,1,2304.7063153,1,19,1.0,0.0,0.0,0.0,0.0,0.0,27.0,143.0,0.0
334,335,3.0,3.0,3.0,1.0,8.0,1.5504382999999962,-16.0,19.0,0.42,orientation,color,size,0.38,-7.0,13,male,1,2304.7063153,0,19,1.0,0.0,0.0,0.0,0.0,1.0,28.0,144.0,0.0
335,336,3.0,7.0,7.0,1.0,8.0,3.633223700000144,20.0,17.0,0.38,orientation,color,size,0.38,-7.0,13,male,1,2304.7063153,0,19,1.0,0.0,0.0,0.0,0.0,0.0,29.0,145.0,0.0
336,337,3.0,5.0,5.0,1.0,8.0,2.5499909999998636,29.0,1.0,0.42,orientation,color,size,0.38,-7.0,13,male,1,2304.7063153,0,19,1.0,0.0,0.0,0.0,0.0,0.0,30.0,146.0,0.0
337,338,3.0,7.0,7.0,1.0,8.0,1.1662052000001497,20.0,16.0,0.42,orientation,color,size,0.38,-7.0,13,male,1,2304.7063153,0,19,1.0,0.0,0.0,0.0,0.0,0.0,31.0,147.0,0.0
338,339,3.0,3.0,2.0,0.0,8.0,3.9330979999999727,-83.5,13.0,0.3,orientation,color,size,0.38,-7.0,13,male,1,2304.7063153,0,19,1.0,0.0,1.0,0.0,0.0,0.0,32.0,148.0,0.0
339,340,3.0,2.0,2.0,1.0,8.0,1.016197899999952,-38.5,21.0,0.14,orientation,color,size,0.38,-7.0,13,male,1,2304.7063153,1,19,1.0,0.0,0.0,0.0,0.0,-1.0,33.0,149.0,0.0
340,341,3.0,4.0,4.0,1.0,8.0,1.8345751000001655,83.0,6.0,0.14,orientation,color,size,0.38,-7.0,13,male,1,2304.7063153,0,19,1.0,0.0,0.0,0.0,0.0,1.0,34.0,150.0,0.0
341,342,3.0,0.0,0.0,1.0,8.0,1.61539740000012,-61.0,3.0,0.14,orientation,color,size,0.38,-7.0,13,male,1,2304.7063153,0,19,1.0,0.0,0.0,0.0,0.0,0.0,35.0,151.0,0.0
342,343,3.0,7.0,7.0,1.0,8.0,1.0999521000001096,20.0,17.0,0.42,orientation,color,size,0.38,-7.0,13,male,1,2304.7063153,0,19,1.0,0.0,0.0,0.0,0.0,0.0,36.0,152.0,0.0
343,344,3.0,2.0,3.0,0.0,8.0,2.116257300000143,-20.5,20.0,0.42,orientation,color,size,0.38,-7.0,13,male,1,2304.7063153,0,19,1.0,0.0,1.0,0.0,0.0,0.0,37.0,153.0,0.0
344,345,3.0,7.0,6.0,0.0,8.0,1.0822492000002055,33.5,20.0,0.3400000000000001,orientation,color,size,0.38,-7.0,13,male,1,2304.7063153,1,19,1.0,0.0,1.0,0.0,0.0,-1.0,38.0,154.0,0.0
345,346,3.0,2.0,2.0,1.0,8.0,2.8650527999998303,-16.0,23.0,0.14,orientation,color,size,0.38,-7.0,13,male,1,2304.7063153,1,19,1.0,0.0,0.0,0.0,0.0,0.0,39.0,155.0,0.0
346,347,3.0,7.0,6.0,0.0,8.0,1.716131799999857,69.5,18.0,0.26,orientation,color,size,0.38,-7.0,13,male,1,2304.7063153,0,19,1.0,0.0,1.0,0.0,0.0,1.0,40.0,156.0,0.0
347,348,3.0,7.0,7.0,1.0,8.0,0.7988322999999582,2.0,24.0,0.38,orientation,color,size,0.38,-7.0,13,male,1,2304.7063153,1,19,1.0,0.0,0.0,0.0,0.0,-1.0,41.0,157.0,0.0
348,349,3.0,7.0,6.0,0.0,8.0,0.9328111999998328,6.5,16.0,0.18,orientation,color,size,0.38,-7.0,13,male,1,2304.7063153,0,19,1.0,0.0,1.0,0.0,0.0,1.0,42.0,158.0,0.0
349,350,3.0,3.0,2.0,0.0,8.0,1.9320980000002237,-65.5,16.0,0.3400000000000001,orientation,color,size,0.38,-7.0,13,male,1,2304.7063153,1,19,1.0,0.0,1.0,0.0,0.0,-1.0,43.0,159.0,0.0
350,351,3.0,0.0,0.0,1.0,8.0,2.0328175999998166,-65.5,2.0,0.1,orientation,color,size,0.38,-7.0,13,male,1,2304.7063153,1,19,1.0,0.0,0.0,0.0,0.0,0.0,44.0,160.0,0.0
351,352,3.0,4.0,4.0,1.0,8.0,1.4493118999998842,78.5,8.0,0.3400000000000001,orientation,color,size,0.38,-7.0,13,male,1,2304.7063153,0,19,1.0,0.0,0.0,0.0,0.0,1.0,45.0,161.0,0.0
352,353,3.0,0.0,0.0,1.0,8.0,2.8503584000000046,-11.5,2.0,0.1,orientation,color,size,0.38,-7.0,13,male,1,2304.7063153,0,19,1.0,0.0,0.0,0.0,0.0,0.0,46.0,162.0,0.0
353,354,3.0,4.0,4.0,1.0,8.0,1.1508733000000575,15.5,3.0,0.1,orientation,color,size,0.38,-7.0,13,male,1,2304.7063153,0,19,1.0,0.0,0.0,0.0,0.0,0.0,47.0,163.0,0.0
354,355,3.0,0.0,0.0,1.0,8.0,1.3996194000001196,-29.5,12.0,0.3,orientation,color,size,0.38,-7.0,13,male,1,2304.7063153,0,19,1.0,0.0,0.0,0.0,0.0,0.0,48.0,164.0,0.0
355,356,3.0,3.0,2.0,0.0,8.0,2.3496517999997195,-61.0,23.0,0.14,orientation,color,size,0.38,-7.0,13,male,1,2304.7063153,0,19,1.0,0.0,1.0,0.0,0.0,0.0,49.0,165.0,0.0
356,357,3.0,0.0,0.0,1.0,8.0,1.983064199999717,-38.5,1.0,0.1,orientation,color,size,0.38,-7.0,13,male,1,2304.7063153,1,19,1.0,0.0,0.0,0.0,0.0,-1.0,50.0,166.0,0.0
357,358,3.0,4.0,5.0,0.0,8.0,12.717566499999975,20.0,0.0,0.38,orientation,color,size,0.38,-7.0,13,male,1,2304.7063153,0,19,1.0,0.0,1.0,0.0,0.0,1.0,51.0,167.0,0.0
358,359,3.0,5.0,4.0,0.0,8.0,0.8508810000002995,6.5,3.0,0.18,orientation,color,size,0.38,-7.0,13,male,1,2304.7063153,1,19,1.0,0.0,1.0,0.0,0.0,-1.0,52.0,168.0,0.0
359,360,3.0,2.0,3.0,0.0,8.0,2.5819343999996818,-56.5,23.0,0.38,orientation,color,size,0.38,-7.0,13,male,1,2304.7063153,1,19,1.0,0.0,1.0,0.0,0.0,0.0,53.0,169.0,0.0
360,361,3.0,4.0,4.0,1.0,8.0,5.348793300000125,42.5,7.0,0.22,orientation,color,size,0.38,-7.0,13,male,1,2304.7063153,1,19,1.0,0.0,0.0,0.0,0.0,0.0,54.0,170.0,0.0
361,362,3.0,3.0,3.0,1.0,8.0,13.150130199999694,-29.5,19.0,0.38,orientation,color,size,0.38,-7.0,13,male,1,2304.7063153,0,19,1.0,0.0,0.0,0.0,0.0,1.0,55.0,171.0,0.0
362,363,3.0,0.0,0.0,1.0,8.0,1.3501274999998714,-56.5,3.0,0.22,orientation,color,size,0.38,-7.0,13,male,1,2304.7063153,0,19,1.0,0.0,0.0,0.0,0.0,0.0,56.0,172.0,0.0
363,364,3.0,5.0,4.0,0.0,8.0,1.4002798999999868,65.0,8.0,0.22,orientation,color,size,0.38,-7.0,13,male,1,2304.7063153,0,19,1.0,0.0,1.0,0.0,0.0,0.0,57.0,173.0,0.0
364,365,3.0,2.0,3.0,0.0,8.0,1.0330166999997346,-29.5,16.0,0.4600000000000001,orientation,color,size,0.38,-7.0,13,male,1,2304.7063153,1,19,1.0,0.0,1.0,0.0,0.0,-1.0,58.0,174.0,0.0
365,366,3.0,3.0,0.0,0.0,8.0,0.8495606000001317,-88.0,0.0,0.26,orientation,color,size,0.38,-7.0,13,male,1,2304.7063153,1,19,1.0,0.0,2.0,0.0,0.0,0.0,59.0,175.0,0.0
366,367,3.0,7.0,6.0,0.0,8.0,5.71567640000012,56.0,17.0,0.22,orientation,color,size,0.38,-7.0,13,male,1,2304.7063153,1,19,1.0,0.0,1.0,0.0,0.0,-1.0,60.0,176.0,0.0
367,368,3.0,0.0,1.0,0.0,8.0,1.6490282999998271,-38.5,10.0,0.4600000000000001,orientation,color,size,0.38,-7.0,13,male,1,2304.7063153,1,19,1.0,0.0,1.0,0.0,0.0,1.0,61.0,177.0,0.0
368,369,3.0,0.0,0.0,1.0,8.0,1.6989426999998614,-70.0,1.0,0.14,orientation,color,size,0.38,-7.0,13,male,1,2304.7063153,1,19,1.0,0.0,0.0,0.0,0.0,0.0,62.0,178.0,0.0
369,370,3.0,0.0,0.0,1.0,8.0,1.1340460999999775,-56.5,12.0,0.1,orientation,color,size,0.38,-7.0,13,male,1,2304.7063153,0,19,1.0,0.0,0.0,0.0,0.0,1.0,63.0,179.0,0.0
370,371,3.0,0.0,0.0,1.0,8.0,0.7827339999998912,-56.5,5.0,0.18,orientation,color,size,0.38,-7.0,13,male,1,2304.7063153,0,19,1.0,0.0,0.0,0.0,0.0,0.0,64.0,180.0,0.0
371,372,3.0,1.0,1.0,1.0,8.0,1.2679746999997406,-79.0,6.0,0.42,orientation,color,size,0.38,-7.0,13,male,1,2304.7063153,0,19,1.0,0.0,0.0,0.0,0.0,0.0,65.0,181.0,0.0
372,373,3.0,2.0,2.0,1.0,8.0,5.749555800000053,-61.0,22.0,0.26,orientation,color,size,0.38,-7.0,13,male,1,2304.7063153,0,19,1.0,0.0,0.0,0.0,0.0,0.0,66.0,182.0,0.0
373,374,3.0,7.0,6.0,0.0,8.0,2.515562300000056,42.5,17.0,0.26,orientation,color,size,0.38,-7.0,13,male,1,2304.7063153,0,19,1.0,0.0,1.0,0.0,0.0,0.0,67.0,183.0,0.0
374,375,3.0,3.0,2.0,0.0,8.0,1.466604499999903,-38.5,20.0,0.26,orientation,color,size,0.38,-7.0,13,male,1,2304.7063153,1,19,1.0,0.0,1.0,0.0,0.0,-1.0,68.0,184.0,0.0
375,376,3.0,3.0,3.0,1.0,8.0,2.1990992999999435,-79.0,21.0,0.4600000000000001,orientation,color,size,0.38,-7.0,13,male,1,2304.7063153,1,19,1.0,0.0,0.0,0.0,0.0,0.0,69.0,185.0,0.0
376,377,3.0,0.0,0.0,1.0,8.0,1.133500500000082,-79.0,4.0,0.26,orientation,color,size,0.38,-7.0,13,male,1,2304.7063153,0,19,1.0,0.0,0.0,0.0,0.0,1.0,70.0,186.0,0.0
377,378,3.0,0.0,1.0,0.0,8.0,0.7169729000002008,-29.5,1.0,0.38,orientation,color,size,0.38,-7.0,13,male,1,2304.7063153,0,19,1.0,0.0,1.0,0.0,0.0,0.0,71.0,187.0,0.0
378,379,3.0,7.0,6.0,0.0,8.0,4.549465099999907,78.5,14.0,0.3400000000000001,orientation,color,size,0.38,-7.0,13,male,1,2304.7063153,1,19,1.0,0.0,1.0,0.0,0.0,-1.0,72.0,188.0,0.0
379,380,3.0,6.0,6.0,1.0,8.0,0.9490627999998652,42.5,16.0,0.18,orientation,color,size,0.38,-7.0,13,male,1,2304.7063153,1,19,1.0,0.0,0.0,0.0,0.0,0.0,73.0,189.0,0.0
380,381,3.0,0.0,4.0,0.0,8.0,1.1001216999998178,-7.0,10.0,0.3400000000000001,orientation,color,size,0.38,-7.0,13,male,1,2304.7063153,0,19,1.0,0.0,1.0,0.0,0.0,1.0,74.0,190.0,0.0
381,382,3.0,7.0,7.0,1.0,8.0,1.032241900000372,15.5,14.0,0.38,orientation,color,size,0.38,-7.0,13,male,1,2304.7063153,1,19,1.0,0.0,0.0,0.0,0.0,-1.0,75.0,191.0,0.0
382,383,3.0,2.0,2.0,1.0,8.0,1.6838081999999304,-43.0,19.0,0.3400000000000001,orientation,color,size,0.38,-7.0,13,male,1,2304.7063153,0,19,1.0,0.0,0.0,0.0,0.0,1.0,76.0,192.0,0.0
383,384,3.0,0.0,1.0,0.0,8.0,0.8003454999998212,-16.0,11.0,0.4600000000000001,orientation,color,size,0.38,-7.0,13,male,1,2304.7063153,0,19,1.0,0.0,1.0,0.0,0.0,0.0,77.0,193.0,0.0
384,385,3.0,3.0,7.0,0.0,8.0,4.030839199999718,-2.5,17.0,0.38,orientation,color,size,0.38,-7.0,13,male,1,2304.7063153,1,19,1.0,0.0,1.0,0.0,0.0,-1.0,78.0,194.0,0.0
385,386,3.0,1.0,0.0,0.0,8.0,1.915862400000151,-70.0,12.0,0.14,orientation,color,size,0.38,-7.0,13,male,1,2304.7063153,1,19,1.0,0.0,1.0,0.0,0.0,0.0,79.0,195.0,0.0
386,387,3.0,3.0,3.0,1.0,8.0,1.6986830999999256,-61.0,19.0,0.42,orientation,color,size,0.38,-7.0,13,male,1,2304.7063153,1,19,1.0,0.0,0.0,0.0,0.0,0.0,80.0,196.0,0.0
387,388,3.0,4.0,4.0,1.0,8.0,4.08370530000002,83.0,12.0,0.18,orientation,color,size,0.38,-7.0,13,male,1,2304.7063153,0,19,1.0,0.0,0.0,0.0,0.0,1.0,81.0,197.0,0.0
388,389,3.0,7.0,6.0,0.0,8.0,1.4166801000001217,51.5,13.0,0.22,orientation,color,size,0.38,-7.0,13,male,1,2304.7063153,0,19,1.0,0.0,1.0,0.0,0.0,0.0,82.0,198.0,0.0
389,390,3.0,0.0,4.0,0.0,8.0,1.1333943999998155,-7.0,12.0,0.14,orientation,color,size,0.38,-7.0,13,male,1,2304.7063153,1,19,1.0,0.0,1.0,0.0,0.0,-1.0,83.0,199.0,0.0
390,391,3.0,4.0,4.0,1.0,8.0,1.6995479000001978,87.5,4.0,0.22,orientation,color,size,0.38,-7.0,13,male,1,2304.7063153,1,19,1.0,0.0,0.0,0.0,0.0,0.0,84.0,200.0,0.0
391,392,3.0,4.0,0.0,0.0,8.0,1.2168579999997746,-38.5,2.0,0.14,orientation,color,size,0.38,-7.0,13,male,1,2304.7063153,0,19,1.0,0.0,1.0,0.0,0.0,1.0,85.0,201.0,0.0
392,393,3.0,2.0,2.0,1.0,8.0,1.7820458000001054,-43.0,15.0,0.14,orientation,color,size,0.38,-7.0,13,male,1,2304.7063153,1,19,1.0,0.0,0.0,0.0,0.0,-1.0,86.0,202.0,0.0
393,394,3.0,2.0,2.0,1.0,8.0,1.9170138999998017,-88.0,20.0,0.18,orientation,color,size,0.38,-7.0,13,male,1,2304.7063153,0,19,1.0,0.0,0.0,0.0,0.0,1.0,87.0,203.0,0.0
394,395,3.0,0.0,0.0,1.0,8.0,1.43338360000007,-43.0,2.0,0.3400000000000001,orientation,color,size,0.38,-7.0,13,male,1,2304.7063153,0,19,1.0,0.0,0.0,0.0,0.0,0.0,88.0,204.0,0.0
395,396,3.0,0.0,0.0,1.0,8.0,1.8838371000001644,-88.0,4.0,0.26,orientation,color,size,0.38,-7.0,13,male,1,2304.7063153,0,19,1.0,0.0,0.0,0.0,0.0,0.0,89.0,205.0,0.0
396,397,3.0,4.0,5.0,0.0,8.0,3.7325926999997137,51.5,10.0,0.4600000000000001,orientation,color,size,0.38,-7.0,13,male,1,2304.7063153,0,19,1.0,0.0,1.0,0.0,0.0,0.0,90.0,206.0,0.0
397,398,3.0,4.0,4.0,1.0,8.0,1.5325132000002668,20.0,4.0,0.3400000000000001,orientation,color,size,0.38,-7.0,13,male,1,2304.7063153,1,19,1.0,0.0,0.0,0.0,0.0,-1.0,91.0,207.0,0.0
398,399,3.0,2.0,7.0,0.0,8.0,3.0492832999998427,-2.5,18.0,0.38,orientation,color,size,0.38,-7.0,13,male,1,2304.7063153,0,19,1.0,0.0,2.0,0.0,0.0,1.0,92.0,208.0,0.0
399,400,3.0,1.0,0.0,0.0,8.0,2.299929899999825,-29.5,11.0,0.1,orientation,color,size,0.38,-7.0,13,male,1,2304.7063153,1,19,1.0,0.0,1.0,0.0,0.0,-2.0,93.0,209.0,0.0
400,401,3.0,4.0,4.0,1.0,8.0,3.0150995999997576,24.5,4.0,0.3,orientation,color,size,0.38,-7.0,13,male,1,2304.7063153,1,19,1.0,0.0,0.0,0.0,0.0,1.0,94.0,210.0,0.0
401,402,3.0,2.0,2.0,1.0,8.0,1.9492966000002525,-70.0,21.0,0.3,orientation,color,size,0.38,-7.0,13,male,1,2304.7063153,0,19,1.0,0.0,0.0,0.0,0.0,1.0,95.0,211.0,0.0
402,403,3.0,7.0,7.0,1.0,8.0,1.1166966999999204,11.0,16.0,0.42,orientation,color,size,0.38,-7.0,13,male,1,2304.7063153,0,19,1.0,0.0,0.0,0.0,0.0,0.0,96.0,212.0,0.0
403,404,3.0,0.0,0.0,1.0,8.0,1.482828199999858,-11.5,7.0,0.1,orientation,color,size,0.38,-7.0,13,male,1,2304.7063153,0,19,1.0,0.0,0.0,0.0,0.0,0.0,97.0,213.0,0.0
404,405,3.0,0.0,0.0,1.0,8.0,2.2500703000000613,-83.5,6.0,0.1,orientation,color,size,0.38,-7.0,13,male,1,2304.7063153,0,19,1.0,0.0,0.0,0.0,0.0,0.0,98.0,214.0,0.0
405,406,3.0,0.0,1.0,0.0,8.0,2.299871699999585,-88.0,8.0,0.4600000000000001,orientation,color,size,0.38,-7.0,13,male,1,2304.7063153,0,19,1.0,0.0,1.0,0.0,0.0,0.0,99.0,215.0,0.0
406,407,3.0,0.0,0.0,1.0,8.0,1.398267499999747,-11.5,4.0,0.3400000000000001,orientation,color,size,0.38,-7.0,13,male,1,2304.7063153,1,19,1.0,0.0,0.0,0.0,0.0,-1.0,100.0,216.0,0.0
407,408,3.0,3.0,2.0,0.0,8.0,2.7340695000002597,-25.0,18.0,0.1,orientation,color,size,0.38,-7.0,13,male,1,2304.7063153,0,19,1.0,0.0,1.0,0.0,0.0,1.0,101.0,217.0,0.0
408,409,3.0,7.0,6.0,0.0,8.0,1.4150800000002164,42.5,22.0,0.26,orientation,color,size,0.38,-7.0,13,male,1,2304.7063153,1,19,1.0,0.0,1.0,0.0,0.0,-1.0,102.0,218.0,0.0
409,410,3.0,5.0,5.0,1.0,8.0,5.465416699999878,15.5,8.0,0.38,orientation,color,size,0.38,-7.0,13,male,1,2304.7063153,1,19,1.0,0.0,0.0,0.0,0.0,0.0,103.0,219.0,0.0
410,411,3.0,3.0,7.0,0.0,8.0,1.9832852999998067,-2.5,24.0,0.42,orientation,color,size,0.38,-7.0,13,male,1,2304.7063153,0,19,1.0,0.0,1.0,0.0,0.0,1.0,104.0,220.0,0.0
411,412,3.0,0.0,1.0,0.0,8.0,1.282639200000176,-20.5,8.0,0.42,orientation,color,size,0.38,-7.0,13,male,1,2304.7063153,1,19,1.0,0.0,1.0,0.0,0.0,-1.0,105.0,221.0,0.0
412,413,3.0,4.0,4.0,1.0,8.0,1.648830900000121,6.5,10.0,0.18,orientation,color,size,0.38,-7.0,13,male,1,2304.7063153,1,19,1.0,0.0,0.0,0.0,0.0,0.0,106.0,222.0,0.0
413,414,3.0,7.0,6.0,0.0,8.0,1.6999762000000374,47.0,14.0,0.1,orientation,color,size,0.38,-7.0,13,male,1,2304.7063153,0,19,1.0,0.0,1.0,0.0,0.0,1.0,107.0,223.0,0.0
414,415,3.0,7.0,7.0,1.0,8.0,1.215715000000273,47.0,16.0,0.4600000000000001,orientation,color,size,0.38,-7.0,13,male,1,2304.7063153,1,19,1.0,0.0,0.0,0.0,0.0,-1.0,108.0,224.0,0.0
415,416,3.0,7.0,7.0,1.0,8.0,0.7342576000000918,56.0,16.0,0.42,orientation,color,size,0.38,-7.0,13,male,1,2304.7063153,0,19,1.0,0.0,0.0,0.0,0.0,1.0,109.0,225.0,0.0
416,417,3.0,5.0,4.0,0.0,8.0,3.1495672000000923,65.0,6.0,0.18,orientation,color,size,0.38,-7.0,13,male,1,2304.7063153,0,19,1.0,0.0,1.0,0.0,0.0,0.0,110.0,226.0,0.0
417,418,3.0,1.0,1.0,1.0,8.0,2.399698900000203,-83.5,4.0,0.4600000000000001,orientation,color,size,0.38,-7.0,13,male,1,2304.7063153,1,19,1.0,0.0,0.0,0.0,0.0,-1.0,111.0,227.0,0.0
418,419,3.0,0.0,4.0,0.0,8.0,1.1164777999997568,87.5,10.0,0.3400000000000001,orientation,color,size,0.38,-7.0,13,male,1,2304.7063153,0,19,1.0,0.0,1.0,0.0,0.0,1.0,112.0,228.0,0.0
419,420,3.0,0.0,1.0,0.0,8.0,1.7327980999998545,-34.0,3.0,0.42,orientation,color,size,0.38,-7.0,13,male,1,2304.7063153,1,19,1.0,0.0,1.0,0.0,0.0,-1.0,113.0,229.0,0.0
420,421,3.0,2.0,2.0,1.0,8.0,1.5495315000002847,-74.5,22.0,0.3,orientation,color,size,0.38,-7.0,13,male,1,2304.7063153,1,19,1.0,0.0,0.0,0.0,0.0,0.0,114.0,230.0,0.0
421,422,3.0,1.0,1.0,1.0,8.0,1.5337123000003885,-83.5,3.0,0.4600000000000001,orientation,color,size,0.38,-7.0,13,male,1,2304.7063153,0,19,1.0,0.0,0.0,0.0,0.0,1.0,115.0,231.0,0.0
422,423,3.0,6.0,6.0,1.0,8.0,8.199786600000152,87.5,24.0,0.18,orientation,color,size,0.38,-7.0,13,male,1,2304.7063153,0,19,1.0,0.0,0.0,0.0,0.0,0.0,116.0,232.0,0.0
423,424,3.0,0.0,0.0,1.0,8.0,1.43294509999987,-16.0,2.0,0.22,orientation,color,size,0.38,-7.0,13,male,1,2304.7063153,0,19,1.0,0.0,0.0,0.0,0.0,0.0,117.0,233.0,0.0
424,425,3.0,6.0,6.0,1.0,8.0,3.0498445999996875,83.0,15.0,0.3400000000000001,orientation,color,size,0.38,-7.0,13,male,1,2304.7063153,0,19,1.0,0.0,0.0,0.0,0.0,0.0,118.0,234.0,0.0
425,426,3.0,5.0,5.0,1.0,8.0,3.5501313999998274,51.5,7.0,0.4600000000000001,orientation,color,size,0.38,-7.0,13,male,1,2304.7063153,0,19,1.0,0.0,0.0,0.0,0.0,0.0,119.0,235.0,0.0
426,427,3.0,7.0,6.0,0.0,8.0,1.866047299999991,15.5,14.0,0.22,orientation,color,size,0.38,-7.0,13,male,1,2304.7063153,0,19,1.0,0.0,1.0,0.0,0.0,0.0,120.0,236.0,0.0
427,428,3.0,3.0,2.0,0.0,8.0,1.549040800000057,-56.5,20.0,0.22,orientation,color,size,0.38,-7.0,13,male,1,2304.7063153,1,19,1.0,0.0,1.0,0.0,0.0,-1.0,121.0,237.0,0.0
428,429,3.0,5.0,4.0,0.0,8.0,1.5144678999999996,47.0,5.0,0.3,orientation,color,size,0.38,-7.0,13,male,1,2304.7063153,1,19,1.0,0.0,1.0,0.0,0.0,0.0,122.0,238.0,0.0
429,430,3.0,7.0,7.0,1.0,8.0,1.0664224000001925,47.0,16.0,0.4600000000000001,orientation,color,size,0.38,-7.0,13,male,1,2304.7063153,1,19,1.0,0.0,0.0,0.0,0.0,0.0,123.0,239.0,0.0
430,431,3.0,6.0,6.0,1.0,8.0,2.566085899999962,47.0,14.0,0.14,orientation,color,size,0.38,-7.0,13,male,1,2304.7063153,0,19,1.0,0.0,0.0,0.0,0.0,1.0,124.0,240.0,0.0
431,432,3.0,4.0,4.0,1.0,8.0,11.716928699999698,65.0,1.0,0.26,orientation,color,size,0.38,-7.0,13,male,1,2304.7063153,0,19,1.0,0.0,0.0,0.0,0.0,0.0,125.0,241.0,0.0
432,433,3.0,0.0,0.0,1.0,8.0,1.9498430999997256,-11.5,6.0,0.22,orientation,color,size,0.38,-7.0,13,male,1,2304.7063153,0,19,1.0,0.0,0.0,0.0,0.0,0.0,126.0,242.0,0.0
433,434,3.0,4.0,4.0,1.0,8.0,1.799737599999844,69.5,3.0,0.3400000000000001,orientation,color,size,0.38,-7.0,13,male,1,2304.7063153,0,19,1.0,0.0,0.0,0.0,0.0,0.0,127.0,243.0,0.0
434,435,3.0,6.0,6.0,1.0,8.0,5.334024399999635,15.5,21.0,0.1,orientation,color,size,0.38,-7.0,13,male,1,2304.7063153,0,19,1.0,0.0,0.0,0.0,0.0,0.0,128.0,244.0,0.0
435,436,3.0,0.0,0.0,1.0,8.0,3.267211099999713,-38.5,11.0,0.18,orientation,color,size,0.38,-7.0,13,male,1,2304.7063153,0,19,1.0,0.0,0.0,0.0,0.0,0.0,129.0,245.0,0.0
436,437,3.0,7.0,6.0,0.0,8.0,9.483212999999978,-7.0,16.0,0.1,orientation,color,size,0.38,-7.0,13,male,1,2304.7063153,0,19,1.0,0.0,1.0,0.0,0.0,0.0,130.0,246.0,0.0
437,438,3.0,1.0,4.0,0.0,8.0,5.531349599999885,11.0,7.0,0.1,orientation,color,size,0.38,-7.0,13,male,1,2304.7063153,1,19,1.0,0.0,2.0,0.0,0.0,-1.0,131.0,247.0,0.0
438,439,3.0,6.0,6.0,1.0,8.0,18.3329933,69.5,19.0,0.18,orientation,color,size,0.38,-7.0,13,male,1,2304.7063153,1,19,1.0,0.0,0.0,0.0,0.0,-1.0,132.0,248.0,0.0
439,440,3.0,3.0,3.0,1.0,8.0,3.5664051999997355,-43.0,15.0,0.42,orientation,color,size,0.38,-7.0,13,male,1,2304.7063153,0,19,1.0,0.0,0.0,0.0,0.0,2.0,133.0,249.0,0.0
440,441,3.0,4.0,4.0,1.0,8.0,6.3333448000003045,87.5,1.0,0.1,orientation,color,size,0.38,-7.0,13,male,1,2304.7063153,0,19,1.0,0.0,0.0,0.0,0.0,0.0,134.0,250.0,0.0
441,442,3.0,5.0,5.0,1.0,8.0,2.3998068999999305,78.5,12.0,0.38,orientation,color,size,0.38,-7.0,13,male,1,2304.7063153,0,19,1.0,0.0,0.0,0.0,0.0,0.0,135.0,251.0,0.0
442,443,3.0,6.0,6.0,1.0,8.0,2.834286000000247,42.5,17.0,0.18,orientation,color,size,0.38,-7.0,13,male,1,2304.7063153,0,19,1.0,0.0,0.0,0.0,0.0,0.0,136.0,252.0,0.0
443,444,3.0,5.0,5.0,1.0,8.0,3.365818499999932,83.0,6.0,0.4600000000000001,orientation,color,size,0.38,-7.0,13,male,1,2304.7063153,0,19,1.0,0.0,0.0,0.0,0.0,0.0,137.0,253.0,0.0
444,445,3.0,0.0,0.0,1.0,8.0,3.233479399999851,-34.0,1.0,0.14,orientation,color,size,0.38,-7.0,13,male,1,2304.7063153,0,19,1.0,0.0,0.0,0.0,0.0,0.0,138.0,254.0,0.0
445,446,3.0,1.0,1.0,1.0,8.0,1.0335064000000784,-65.5,3.0,0.4600000000000001,orientation,color,size,0.38,-7.0,13,male,1,2304.7063153,0,19,1.0,0.0,0.0,0.0,0.0,0.0,139.0,255.0,0.0
446,447,3.0,2.0,2.0,1.0,8.0,4.749179499999627,-29.5,18.0,0.26,orientation,color,size,0.38,-7.0,13,male,1,2304.7063153,0,19,1.0,0.0,0.0,0.0,0.0,0.0,140.0,256.0,0.0
447,448,3.0,0.0,0.0,1.0,8.0,1.8822151999997911,-34.0,11.0,0.14,orientation,color,size,0.38,-7.0,13,male,1,2304.7063153,0,19,1.0,0.0,0.0,0.0,0.0,0.0,141.0,257.0,0.0
