,Trial_number,Chosen_castle,Chosen_location,Correct_location,Accuracy,Number_of_doors,RT,Current_orientation,Current_color,Current_size,First_feature,Second_feature,Third_feature,Participant_size,Participant_orientation,Participant_number,Participant_gender,Early_exit,Training_time,Meta_trial,Participant_age,PE_1,PE_2,PE_3,LP_1,LP_2,LP_3,Nov_1,Nov_2,Nov_3
0,1,1.0,1.0,1.0,1.0,2.0,3.473378999999113,2.0,19.0,0.3400000000000001,color,orientation,size,0.22,15.5,20,male,0,2732.2163186670005,1,26,0.0,0.0,0.0,0.0,0.0,0.0,0.0,99.0,99.0
1,2,1.0,0.0,0.0,1.0,2.0,2.7545757080006297,-74.5,1.0,0.42,color,orientation,size,0.22,15.5,20,male,0,2732.2163186670005,0,26,0.0,0.0,0.0,0.0,0.0,0.0,0.0,100.0,100.0
2,3,1.0,1.0,0.0,0.0,2.0,3.971250124999642,33.5,9.0,0.4600000000000001,color,orientation,size,0.22,15.5,20,male,0,2732.2163186670005,0,26,1.0,0.0,0.0,0.0,0.0,0.0,0.0,101.0,101.0
3,4,1.0,0.0,1.0,0.0,2.0,5.744616625001072,33.5,16.0,0.26,color,orientation,size,0.22,15.5,20,male,0,2732.2163186670005,1,26,1.0,0.0,0.0,-1.0,0.0,0.0,0.0,102.0,102.0
4,5,1.0,1.0,1.0,1.0,2.0,2.159798917000444,56.0,20.0,0.3400000000000001,color,orientation,size,0.22,15.5,20,male,0,2732.2163186670005,1,26,0.0,0.0,0.0,0.0,0.0,0.0,0.0,103.0,103.0
5,6,1.0,1.0,0.0,0.0,2.0,2.288321458003338,87.5,12.0,0.14,color,orientation,size,0.22,15.5,20,male,0,2732.2163186670005,0,26,1.0,0.0,0.0,1.0,0.0,0.0,0.0,104.0,104.0
6,7,1.0,1.0,0.0,0.0,2.0,1.342856541999936,38.0,9.0,0.26,color,orientation,size,0.22,15.5,20,male,0,2732.2163186670005,1,26,1.0,0.0,0.0,-1.0,0.0,0.0,0.0,105.0,105.0
7,8,1.0,0.0,1.0,0.0,2.0,2.461858458002098,-20.5,19.0,0.42,color,orientation,size,0.22,15.5,20,male,0,2732.2163186670005,1,26,1.0,0.0,0.0,0.0,0.0,0.0,0.0,106.0,106.0
8,9,1.0,1.0,1.0,1.0,2.0,1.3123986249993322,-25.0,22.0,0.3,color,orientation,size,0.22,15.5,20,male,0,2732.2163186670005,1,26,0.0,0.0,0.0,0.0,0.0,0.0,0.0,107.0,107.0
9,10,1.0,0.0,1.0,0.0,2.0,1.4718302080000285,78.5,21.0,0.38,color,orientation,size,0.22,15.5,20,male,0,2732.2163186670005,0,26,1.0,0.0,0.0,1.0,0.0,0.0,0.0,108.0,108.0
10,11,1.0,0.0,0.0,1.0,2.0,25.79683091599873,-61.0,10.0,0.18,color,orientation,size,0.22,15.5,20,male,0,2732.2163186670005,1,26,0.0,0.0,0.0,-1.0,0.0,0.0,0.0,109.0,109.0
11,12,1.0,0.0,0.0,1.0,2.0,2.0714316660014447,-61.0,6.0,0.18,color,orientation,size,0.22,15.5,20,male,0,2732.2163186670005,0,26,0.0,0.0,0.0,1.0,0.0,0.0,0.0,110.0,110.0
12,13,1.0,0.0,0.0,1.0,2.0,14.121740624999802,-47.5,5.0,0.22,color,orientation,size,0.22,15.5,20,male,0,2732.2163186670005,0,26,0.0,0.0,0.0,0.0,0.0,0.0,0.0,111.0,111.0
13,14,1.0,1.0,0.0,0.0,2.0,2.8546980840001197,24.5,2.0,0.26,color,orientation,size,0.22,15.5,20,male,0,2732.2163186670005,0,26,1.0,0.0,0.0,0.0,0.0,0.0,0.0,112.0,112.0
14,15,1.0,0.0,1.0,0.0,2.0,1.8947224999974424,87.5,17.0,0.42,color,orientation,size,0.22,15.5,20,male,0,2732.2163186670005,1,26,1.0,0.0,0.0,-1.0,0.0,0.0,0.0,113.0,113.0
15,16,1.0,1.0,1.0,1.0,2.0,13.696813667000242,38.0,22.0,0.3,color,orientation,size,0.22,15.5,20,male,0,2732.2163186670005,1,26,0.0,0.0,0.0,0.0,0.0,0.0,0.0,114.0,114.0
16,17,1.0,0.0,1.0,0.0,2.0,2.356850542000757,-52.0,22.0,0.42,color,orientation,size,0.22,15.5,20,male,0,2732.2163186670005,0,26,1.0,0.0,0.0,1.0,0.0,0.0,0.0,115.0,115.0
17,18,1.0,1.0,1.0,1.0,2.0,2.298675624999305,11.0,16.0,0.26,color,orientation,size,0.22,15.5,20,male,0,2732.2163186670005,1,26,0.0,0.0,0.0,-1.0,0.0,0.0,0.0,116.0,116.0
18,19,1.0,1.0,1.0,1.0,2.0,4.00485629099785,-83.5,15.0,0.3400000000000001,color,orientation,size,0.22,15.5,20,male,0,2732.2163186670005,0,26,0.0,0.0,0.0,1.0,0.0,0.0,0.0,117.0,117.0
19,20,1.0,1.0,0.0,0.0,2.0,1.2386195830004,-88.0,1.0,0.3400000000000001,color,orientation,size,0.22,15.5,20,male,0,2732.2163186670005,0,26,1.0,0.0,0.0,0.0,0.0,0.0,0.0,118.0,118.0
20,21,1.0,1.0,0.0,0.0,2.0,1.4953545839998696,15.5,9.0,0.38,color,orientation,size,0.22,15.5,20,male,0,2732.2163186670005,1,26,1.0,0.0,0.0,-1.0,0.0,0.0,0.0,119.0,119.0
21,22,1.0,1.0,0.0,0.0,2.0,7.531078832998901,42.5,5.0,0.42,color,orientation,size,0.22,15.5,20,male,0,2732.2163186670005,1,26,1.0,0.0,0.0,0.0,0.0,0.0,0.0,120.0,120.0
22,23,1.0,0.0,0.0,1.0,2.0,2.9981436249981925,-79.0,10.0,0.3400000000000001,color,orientation,size,0.22,15.5,20,male,0,2732.2163186670005,1,26,0.0,0.0,0.0,0.0,0.0,0.0,0.0,121.0,121.0
23,24,1.0,1.0,0.0,0.0,2.0,4.504631915999198,-25.0,4.0,0.42,color,orientation,size,0.22,15.5,20,male,0,2732.2163186670005,0,26,1.0,0.0,0.0,1.0,0.0,0.0,0.0,122.0,122.0
24,25,1.0,0.0,1.0,0.0,2.0,2.9312530839997635,-43.0,24.0,0.14,color,orientation,size,0.22,15.5,20,male,0,2732.2163186670005,1,26,1.0,0.0,0.0,-1.0,0.0,0.0,0.0,123.0,123.0
25,26,1.0,1.0,1.0,1.0,2.0,3.713446541998565,-2.5,14.0,0.4600000000000001,color,orientation,size,0.22,15.5,20,male,0,2732.2163186670005,1,26,0.0,0.0,0.0,0.0,0.0,0.0,0.0,124.0,124.0
26,27,1.0,0.0,0.0,1.0,2.0,3.0885655419988325,65.0,8.0,0.42,color,orientation,size,0.22,15.5,20,male,0,2732.2163186670005,0,26,0.0,0.0,0.0,1.0,0.0,0.0,0.0,125.0,125.0
27,28,1.0,0.0,1.0,0.0,2.0,2.4046064169997408,-56.5,17.0,0.22,color,orientation,size,0.22,15.5,20,male,0,2732.2163186670005,0,26,1.0,0.0,0.0,0.0,0.0,0.0,0.0,126.0,126.0
28,29,1.0,0.0,0.0,1.0,2.0,6.564009416997578,65.0,7.0,0.38,color,orientation,size,0.22,15.5,20,male,0,2732.2163186670005,1,26,0.0,0.0,0.0,-1.0,0.0,0.0,0.0,127.0,127.0
29,30,1.0,1.0,0.0,0.0,2.0,2.354556041998876,24.5,10.0,0.14,color,orientation,size,0.22,15.5,20,male,0,2732.2163186670005,0,26,1.0,0.0,0.0,1.0,0.0,0.0,0.0,128.0,128.0
30,31,1.0,0.0,0.0,1.0,2.0,0.9286578750034096,29.0,6.0,0.1,color,orientation,size,0.22,15.5,20,male,0,2732.2163186670005,1,26,0.0,0.0,0.0,-1.0,0.0,0.0,0.0,129.0,129.0
31,32,1.0,0.0,1.0,0.0,2.0,0.7725925829981861,11.0,23.0,0.38,color,orientation,size,0.22,15.5,20,male,0,2732.2163186670005,0,26,1.0,0.0,0.0,1.0,0.0,0.0,0.0,130.0,130.0
32,33,1.0,0.0,1.0,0.0,2.0,2.621639207998669,11.0,17.0,0.3400000000000001,color,orientation,size,0.22,15.5,20,male,0,2732.2163186670005,1,26,1.0,0.0,0.0,-1.0,0.0,0.0,0.0,131.0,131.0
33,34,1.0,1.0,0.0,0.0,2.0,4.429063166997366,15.5,4.0,0.26,color,orientation,size,0.22,15.5,20,male,0,2732.2163186670005,1,26,1.0,0.0,0.0,0.0,0.0,0.0,0.0,132.0,132.0
34,35,1.0,1.0,0.0,0.0,2.0,6.681215917000372,2.0,11.0,0.22,color,orientation,size,0.22,15.5,20,male,0,2732.2163186670005,1,26,1.0,0.0,0.0,0.0,0.0,0.0,0.0,133.0,133.0
35,36,1.0,0.0,0.0,1.0,2.0,1.1628654160012957,20.0,3.0,0.18,color,orientation,size,0.22,15.5,20,male,0,2732.2163186670005,1,26,0.0,0.0,0.0,0.0,0.0,0.0,0.0,134.0,134.0
36,37,1.0,0.0,0.0,1.0,2.0,7.071789917001297,69.5,12.0,0.1,color,orientation,size,0.22,15.5,20,male,0,2732.2163186670005,0,26,0.0,0.0,0.0,1.0,0.0,0.0,0.0,135.0,135.0
37,38,1.0,0.0,0.0,1.0,2.0,4.570936415999313,-20.5,2.0,0.22,color,orientation,size,0.22,15.5,20,male,0,2732.2163186670005,0,26,0.0,0.0,0.0,0.0,0.0,0.0,0.0,136.0,136.0
38,39,1.0,0.0,1.0,0.0,2.0,6.570539833999646,69.5,23.0,0.38,color,orientation,size,0.22,15.5,20,male,0,2732.2163186670005,0,26,1.0,0.0,0.0,0.0,0.0,0.0,0.0,137.0,137.0
39,40,1.0,0.0,0.0,1.0,2.0,4.527709166999557,-34.0,12.0,0.4600000000000001,color,orientation,size,0.22,15.5,20,male,0,2732.2163186670005,1,26,0.0,0.0,0.0,-1.0,0.0,0.0,0.0,138.0,138.0
40,41,1.0,1.0,0.0,0.0,2.0,1.2049671250024403,38.0,8.0,0.38,color,orientation,size,0.22,15.5,20,male,0,2732.2163186670005,0,26,1.0,0.0,0.0,1.0,0.0,0.0,0.0,139.0,139.0
41,42,1.0,0.0,0.0,1.0,2.0,3.9616414590018394,-61.0,3.0,0.38,color,orientation,size,0.22,15.5,20,male,0,2732.2163186670005,1,26,0.0,0.0,0.0,-1.0,0.0,0.0,0.0,140.0,140.0
42,43,1.0,1.0,0.0,0.0,2.0,1.7046201250013835,-25.0,4.0,0.26,color,orientation,size,0.22,15.5,20,male,0,2732.2163186670005,0,26,1.0,0.0,0.0,1.0,0.0,0.0,0.0,141.0,141.0
43,44,1.0,0.0,0.0,1.0,2.0,2.797176292002405,-83.5,0.0,0.14,color,orientation,size,0.22,15.5,20,male,0,2732.2163186670005,1,26,0.0,0.0,0.0,-1.0,0.0,0.0,0.0,142.0,142.0
44,45,1.0,0.0,1.0,0.0,2.0,11.23845429100038,-34.0,14.0,0.3400000000000001,color,orientation,size,0.22,15.5,20,male,0,2732.2163186670005,0,26,1.0,0.0,0.0,1.0,0.0,0.0,0.0,143.0,143.0
45,46,1.0,0.0,0.0,1.0,2.0,3.646134999999049,-38.5,6.0,0.3,color,orientation,size,0.22,15.5,20,male,0,2732.2163186670005,1,26,0.0,0.0,0.0,-1.0,0.0,0.0,0.0,144.0,144.0
46,47,1.0,1.0,0.0,0.0,2.0,1.6877663339982971,24.5,4.0,0.26,color,orientation,size,0.22,15.5,20,male,0,2732.2163186670005,0,26,1.0,0.0,0.0,1.0,0.0,0.0,0.0,145.0,145.0
47,48,1.0,1.0,0.0,0.0,2.0,1.9610850409990237,24.5,10.0,0.42,color,orientation,size,0.22,15.5,20,male,0,2732.2163186670005,1,26,1.0,0.0,0.0,-1.0,0.0,0.0,0.0,146.0,146.0
48,49,1.0,1.0,1.0,1.0,2.0,1.5439322909987825,2.0,22.0,0.3400000000000001,color,orientation,size,0.22,15.5,20,male,0,2732.2163186670005,1,26,0.0,0.0,0.0,0.0,0.0,0.0,0.0,147.0,147.0
49,50,1.0,1.0,0.0,0.0,2.0,10.021577999999865,-11.5,3.0,0.1,color,orientation,size,0.22,15.5,20,male,0,2732.2163186670005,0,26,1.0,0.0,0.0,1.0,0.0,0.0,0.0,148.0,148.0
50,51,1.0,0.0,0.0,1.0,2.0,1.8781689159986856,-79.0,3.0,0.42,color,orientation,size,0.22,15.5,20,male,0,2732.2163186670005,1,26,0.0,0.0,0.0,-1.0,0.0,0.0,0.0,149.0,149.0
51,52,1.0,0.0,0.0,1.0,2.0,1.1051295409997692,-16.0,10.0,0.38,color,orientation,size,0.22,15.5,20,male,0,2732.2163186670005,0,26,0.0,0.0,0.0,1.0,0.0,0.0,0.0,150.0,150.0
52,53,1.0,0.0,1.0,0.0,2.0,4.65489016599895,60.5,15.0,0.1,color,orientation,size,0.22,15.5,20,male,0,2732.2163186670005,0,26,1.0,0.0,0.0,0.0,0.0,0.0,0.0,151.0,151.0
53,54,1.0,0.0,1.0,0.0,2.0,0.9126245000006749,-56.5,21.0,0.38,color,orientation,size,0.22,15.5,20,male,0,2732.2163186670005,1,26,1.0,0.0,0.0,-1.0,0.0,0.0,0.0,152.0,152.0
54,55,1.0,0.0,1.0,0.0,2.0,3.3982112079975195,42.5,22.0,0.18,color,orientation,size,0.22,15.5,20,male,0,2732.2163186670005,1,26,1.0,0.0,0.0,0.0,0.0,0.0,0.0,153.0,153.0
55,56,1.0,0.0,0.0,1.0,2.0,2.661885624998831,-11.5,9.0,0.38,color,orientation,size,0.22,15.5,20,male,0,2732.2163186670005,1,26,0.0,0.0,0.0,0.0,0.0,0.0,0.0,154.0,154.0
56,57,1.0,0.0,1.0,0.0,2.0,1.5717287920015224,-70.0,20.0,0.3400000000000001,color,orientation,size,0.22,15.5,20,male,0,2732.2163186670005,0,26,1.0,0.0,0.0,1.0,0.0,0.0,0.0,155.0,155.0
57,58,1.0,1.0,1.0,1.0,2.0,2.7648142910002207,2.0,14.0,0.26,color,orientation,size,0.22,15.5,20,male,0,2732.2163186670005,1,26,0.0,0.0,0.0,-1.0,0.0,0.0,0.0,156.0,156.0
58,59,1.0,0.0,1.0,0.0,2.0,6.304821083002025,-70.0,19.0,0.22,color,orientation,size,0.22,15.5,20,male,0,2732.2163186670005,0,26,1.0,0.0,0.0,1.0,0.0,0.0,0.0,157.0,157.0
59,60,1.0,1.0,1.0,1.0,2.0,2.528991999999562,42.5,23.0,0.14,color,orientation,size,0.22,15.5,20,male,0,2732.2163186670005,1,26,0.0,0.0,0.0,-1.0,0.0,0.0,0.0,158.0,158.0
60,61,1.0,0.0,0.0,1.0,2.0,2.6381766670019715,-74.5,8.0,0.3400000000000001,color,orientation,size,0.22,15.5,20,male,0,2732.2163186670005,0,26,0.0,0.0,0.0,1.0,0.0,0.0,0.0,159.0,159.0
61,62,1.0,1.0,0.0,0.0,2.0,3.0884122499992372,65.0,1.0,0.14,color,orientation,size,0.22,15.5,20,male,0,2732.2163186670005,0,26,1.0,0.0,0.0,0.0,0.0,0.0,0.0,160.0,160.0
62,63,2.0,2.0,3.0,0.0,4.0,7.580654875000619,87.5,13.0,0.3400000000000001,color,orientation,size,0.22,15.5,20,male,0,2732.2163186670005,1,26,1.0,1.0,0.0,0.0,0.0,0.0,1.0,0.0,161.0
63,64,2.0,1.0,1.0,1.0,4.0,11.901589707998935,42.5,4.0,0.1,color,orientation,size,0.22,15.5,20,male,0,2732.2163186670005,1,26,1.0,0.0,0.0,0.0,-1.0,0.0,2.0,0.0,162.0
64,65,2.0,2.0,3.0,0.0,4.0,3.6882668329999433,20.0,18.0,0.26,color,orientation,size,0.22,15.5,20,male,0,2732.2163186670005,0,26,1.0,1.0,0.0,0.0,1.0,0.0,3.0,0.0,163.0
65,66,2.0,1.0,3.0,0.0,4.0,2.069604333002644,47.0,19.0,0.14,color,orientation,size,0.22,15.5,20,male,0,2732.2163186670005,1,26,1.0,1.0,0.0,0.0,-1.0,0.0,4.0,0.0,164.0
66,67,2.0,0.0,0.0,1.0,4.0,2.1160769589987467,-7.0,12.0,0.4600000000000001,color,orientation,size,0.22,15.5,20,male,0,2732.2163186670005,1,26,1.0,0.0,0.0,0.0,0.0,0.0,5.0,0.0,165.0
67,68,2.0,2.0,3.0,0.0,4.0,2.206189375003305,78.5,14.0,0.14,color,orientation,size,0.22,15.5,20,male,0,2732.2163186670005,0,26,1.0,1.0,0.0,0.0,1.0,0.0,6.0,0.0,166.0
68,69,2.0,0.0,0.0,1.0,4.0,4.534666416999244,-7.0,4.0,0.1,color,orientation,size,0.22,15.5,20,male,0,2732.2163186670005,1,26,1.0,0.0,0.0,0.0,-1.0,0.0,7.0,0.0,167.0
69,70,2.0,1.0,0.0,0.0,4.0,3.122133208999003,-74.5,7.0,0.4600000000000001,color,orientation,size,0.22,15.5,20,male,0,2732.2163186670005,0,26,1.0,1.0,0.0,0.0,1.0,0.0,8.0,0.0,168.0
70,71,2.0,2.0,1.0,0.0,4.0,2.951291042001685,47.0,10.0,0.26,color,orientation,size,0.22,15.5,20,male,0,2732.2163186670005,1,26,1.0,2.0,0.0,0.0,-1.0,0.0,9.0,0.0,169.0
71,72,1.0,1.0,1.0,1.0,2.0,6.961995042001945,24.5,16.0,0.14,color,orientation,size,0.22,15.5,20,male,0,2732.2163186670005,1,26,0.0,2.0,0.0,0.0,-1.0,0.0,0.0,1.0,170.0
72,73,1.0,1.0,1.0,1.0,2.0,3.321676416999253,87.5,20.0,0.3,color,orientation,size,0.22,15.5,20,male,0,2732.2163186670005,0,26,0.0,2.0,0.0,1.0,-1.0,0.0,0.0,2.0,171.0
73,74,1.0,1.0,0.0,0.0,2.0,8.138153290998162,29.0,10.0,0.1,color,orientation,size,0.22,15.5,20,male,0,2732.2163186670005,0,26,1.0,2.0,0.0,0.0,-1.0,0.0,0.0,3.0,172.0
74,75,2.0,1.0,2.0,0.0,4.0,1.7328612080018502,-88.0,18.0,0.26,color,orientation,size,0.22,15.5,20,male,0,2732.2163186670005,1,26,1.0,2.0,0.0,0.0,0.0,0.0,1.0,0.0,173.0
75,76,2.0,1.0,0.0,0.0,4.0,5.56686875000014,-52.0,7.0,0.26,color,orientation,size,0.22,15.5,20,male,0,2732.2163186670005,1,26,1.0,1.0,0.0,0.0,0.0,0.0,2.0,0.0,174.0
76,77,1.0,1.0,1.0,1.0,2.0,5.529789707998134,29.0,14.0,0.38,color,orientation,size,0.22,15.5,20,male,0,2732.2163186670005,1,26,0.0,1.0,0.0,0.0,0.0,0.0,0.0,1.0,175.0
77,78,1.0,1.0,1.0,1.0,2.0,6.171413916999882,-83.5,22.0,0.3,color,orientation,size,0.22,15.5,20,male,0,2732.2163186670005,0,26,0.0,1.0,0.0,1.0,0.0,0.0,0.0,2.0,176.0
78,79,1.0,0.0,0.0,1.0,2.0,2.6381265409982007,-70.0,7.0,0.4600000000000001,color,orientation,size,0.22,15.5,20,male,0,2732.2163186670005,0,26,0.0,1.0,0.0,0.0,0.0,0.0,0.0,3.0,177.0
79,80,1.0,0.0,1.0,0.0,2.0,4.704699375000928,78.5,13.0,0.22,color,orientation,size,0.22,15.5,20,male,0,2732.2163186670005,0,26,1.0,1.0,0.0,0.0,0.0,0.0,0.0,4.0,178.0
80,81,1.0,1.0,0.0,0.0,2.0,4.861708707998332,-25.0,4.0,0.1,color,orientation,size,0.22,15.5,20,male,0,2732.2163186670005,1,26,1.0,1.0,0.0,-1.0,0.0,0.0,0.0,5.0,179.0
81,82,1.0,1.0,0.0,0.0,2.0,2.820408541996585,51.5,2.0,0.22,color,orientation,size,0.22,15.5,20,male,0,2732.2163186670005,1,26,1.0,1.0,0.0,0.0,0.0,0.0,0.0,6.0,180.0
82,83,1.0,0.0,1.0,0.0,2.0,3.944182541999908,-2.5,24.0,0.26,color,orientation,size,0.22,15.5,20,male,0,2732.2163186670005,1,26,1.0,1.0,0.0,0.0,0.0,0.0,0.0,7.0,181.0
83,84,3.0,3.0,5.0,0.0,8.0,3.5792137079988606,-83.5,18.0,0.3,color,orientation,size,0.22,15.5,20,male,0,2732.2163186670005,1,26,1.0,1.0,2.0,0.0,0.0,0.0,1.0,8.0,0.0
84,85,3.0,5.0,3.0,0.0,8.0,6.829706709002494,74.0,2.0,0.4600000000000001,color,orientation,size,0.22,15.5,20,male,0,2732.2163186670005,1,26,1.0,1.0,2.0,0.0,0.0,-2.0,2.0,9.0,0.0
85,86,1.0,0.0,0.0,1.0,2.0,64.09718087500005,-2.5,7.0,0.42,color,orientation,size,0.22,15.5,20,male,0,2732.2163186670005,1,26,0.0,1.0,2.0,0.0,0.0,-2.0,0.0,10.0,1.0
86,87,1.0,1.0,0.0,0.0,2.0,12.638843917000486,42.5,10.0,0.3,color,orientation,size,0.22,15.5,20,male,0,2732.2163186670005,0,26,1.0,1.0,2.0,1.0,0.0,-2.0,0.0,11.0,2.0
87,88,1.0,0.0,1.0,0.0,2.0,3.849284167001315,47.0,23.0,0.22,color,orientation,size,0.22,15.5,20,male,0,2732.2163186670005,1,26,1.0,1.0,2.0,-1.0,0.0,-2.0,0.0,12.0,3.0
88,89,1.0,0.0,0.0,1.0,2.0,13.961725500001194,-70.0,5.0,0.14,color,orientation,size,0.22,15.5,20,male,0,2732.2163186670005,1,26,0.0,1.0,2.0,0.0,0.0,-2.0,0.0,13.0,4.0
89,90,1.0,1.0,0.0,0.0,2.0,4.455211083000904,15.5,9.0,0.18,color,orientation,size,0.22,15.5,20,male,0,2732.2163186670005,0,26,1.0,1.0,2.0,1.0,0.0,-2.0,0.0,14.0,5.0
90,91,1.0,0.0,0.0,1.0,2.0,5.260751458001323,-25.0,11.0,0.3,color,orientation,size,0.22,15.5,20,male,0,2732.2163186670005,1,26,0.0,1.0,2.0,-1.0,0.0,-2.0,0.0,15.0,6.0
91,92,1.0,0.0,1.0,0.0,2.0,2.9882975420005096,69.5,14.0,0.26,color,orientation,size,0.22,15.5,20,male,0,2732.2163186670005,0,26,1.0,1.0,2.0,1.0,0.0,-2.0,0.0,16.0,7.0
92,93,1.0,1.0,1.0,1.0,2.0,1.2102801250002813,65.0,20.0,0.14,color,orientation,size,0.22,15.5,20,male,0,2732.2163186670005,1,26,0.0,1.0,2.0,-1.0,0.0,-2.0,0.0,17.0,8.0
93,94,1.0,0.0,1.0,0.0,2.0,2.2047715000007884,47.0,16.0,0.3,color,orientation,size,0.22,15.5,20,male,0,2732.2163186670005,0,26,1.0,1.0,2.0,1.0,0.0,-2.0,0.0,18.0,9.0
94,95,1.0,0.0,1.0,0.0,2.0,2.3934300000000803,-34.0,24.0,0.14,color,orientation,size,0.22,15.5,20,male,0,2732.2163186670005,1,26,1.0,1.0,2.0,-1.0,0.0,-2.0,0.0,19.0,10.0
95,96,1.0,1.0,0.0,0.0,2.0,4.7289849590015365,51.5,0.0,0.26,color,orientation,size,0.22,15.5,20,male,0,2732.2163186670005,1,26,1.0,1.0,2.0,0.0,0.0,-2.0,0.0,20.0,11.0
96,97,1.0,0.0,0.0,1.0,2.0,1.5132796249999956,60.5,4.0,0.14,color,orientation,size,0.22,15.5,20,male,0,2732.2163186670005,1,26,0.0,1.0,2.0,0.0,0.0,-2.0,0.0,21.0,12.0
97,98,1.0,1.0,1.0,1.0,2.0,5.871588000001793,-29.5,16.0,0.42,color,orientation,size,0.22,15.5,20,male,0,2732.2163186670005,0,26,0.0,1.0,2.0,1.0,0.0,-2.0,0.0,22.0,13.0
98,99,1.0,0.0,0.0,1.0,2.0,3.1383312079997268,-29.5,0.0,0.1,color,orientation,size,0.22,15.5,20,male,0,2732.2163186670005,0,26,0.0,1.0,2.0,0.0,0.0,-2.0,0.0,23.0,14.0
99,100,1.0,1.0,0.0,0.0,2.0,4.971660291997978,20.0,11.0,0.22,color,orientation,size,0.22,15.5,20,male,0,2732.2163186670005,0,26,1.0,1.0,2.0,0.0,0.0,-2.0,0.0,24.0,15.0
100,101,1.0,1.0,1.0,1.0,2.0,1.3967463750013849,-20.5,17.0,0.14,color,orientation,size,0.22,15.5,20,male,0,2732.2163186670005,1,26,0.0,1.0,2.0,-1.0,0.0,-2.0,0.0,25.0,16.0
101,102,1.0,1.0,1.0,1.0,2.0,1.1717336250003427,-11.5,20.0,0.18,color,orientation,size,0.22,15.5,20,male,0,2732.2163186670005,0,26,0.0,1.0,2.0,1.0,0.0,-2.0,0.0,26.0,17.0
102,103,1.0,0.0,0.0,1.0,2.0,0.9899155829989468,-25.0,11.0,0.3400000000000001,color,orientation,size,0.22,15.5,20,male,0,2732.2163186670005,0,26,0.0,1.0,2.0,0.0,0.0,-2.0,0.0,27.0,18.0
103,104,1.0,1.0,1.0,1.0,2.0,1.3888669170009962,-70.0,13.0,0.26,color,orientation,size,0.22,15.5,20,male,0,2732.2163186670005,0,26,0.0,1.0,2.0,0.0,0.0,-2.0,0.0,28.0,19.0
104,105,1.0,0.0,0.0,1.0,2.0,1.3714889160000894,47.0,1.0,0.3400000000000001,color,orientation,size,0.22,15.5,20,male,0,2732.2163186670005,0,26,0.0,1.0,2.0,0.0,0.0,-2.0,0.0,29.0,20.0
105,106,1.0,0.0,0.0,1.0,2.0,1.3384243339969544,56.0,12.0,0.3400000000000001,color,orientation,size,0.22,15.5,20,male,0,2732.2163186670005,0,26,0.0,1.0,2.0,0.0,0.0,-2.0,0.0,30.0,21.0
106,107,1.0,0.0,1.0,0.0,2.0,1.589426499998808,-38.5,23.0,0.18,color,orientation,size,0.22,15.5,20,male,0,2732.2163186670005,0,26,1.0,1.0,2.0,0.0,0.0,-2.0,0.0,31.0,22.0
107,108,1.0,0.0,0.0,1.0,2.0,3.044966041998123,-43.0,0.0,0.4600000000000001,color,orientation,size,0.22,15.5,20,male,0,2732.2163186670005,1,26,0.0,1.0,2.0,-1.0,0.0,-2.0,0.0,32.0,23.0
108,109,1.0,0.0,1.0,0.0,2.0,2.9215922089970263,87.5,15.0,0.3400000000000001,color,orientation,size,0.22,15.5,20,male,0,2732.2163186670005,0,26,1.0,1.0,2.0,1.0,0.0,-2.0,0.0,33.0,24.0
109,110,1.0,0.0,0.0,1.0,2.0,1.2961768749992189,-29.5,1.0,0.3,color,orientation,size,0.22,15.5,20,male,0,2732.2163186670005,1,26,0.0,1.0,2.0,-1.0,0.0,-2.0,0.0,34.0,25.0
110,111,1.0,0.0,1.0,0.0,2.0,1.7716490829989198,60.5,15.0,0.42,color,orientation,size,0.22,15.5,20,male,0,2732.2163186670005,0,26,1.0,1.0,2.0,1.0,0.0,-2.0,0.0,35.0,26.0
111,112,1.0,1.0,1.0,1.0,2.0,1.977317333999963,-74.5,23.0,0.42,color,orientation,size,0.22,15.5,20,male,0,2732.2163186670005,1,26,0.0,1.0,2.0,-1.0,0.0,-2.0,0.0,36.0,27.0
112,113,1.0,0.0,1.0,0.0,2.0,1.6882640000003448,51.5,22.0,0.42,color,orientation,size,0.22,15.5,20,male,0,2732.2163186670005,0,26,1.0,1.0,2.0,1.0,0.0,-2.0,0.0,37.0,28.0
113,114,1.0,1.0,1.0,1.0,2.0,3.863100125003257,-65.5,23.0,0.26,color,orientation,size,0.22,15.5,20,male,0,2732.2163186670005,1,26,0.0,1.0,2.0,-1.0,0.0,-2.0,0.0,38.0,29.0
114,115,1.0,0.0,0.0,1.0,2.0,2.1550697079983365,-43.0,8.0,0.1,color,orientation,size,0.22,15.5,20,male,0,2732.2163186670005,0,26,0.0,1.0,2.0,1.0,0.0,-2.0,0.0,39.0,30.0
115,116,1.0,0.0,1.0,0.0,2.0,1.188572415998351,56.0,15.0,0.26,color,orientation,size,0.22,15.5,20,male,0,2732.2163186670005,0,26,1.0,1.0,2.0,0.0,0.0,-2.0,0.0,40.0,31.0
116,117,1.0,0.0,1.0,0.0,2.0,1.928756124998472,38.0,13.0,0.22,color,orientation,size,0.22,15.5,20,male,0,2732.2163186670005,1,26,1.0,1.0,2.0,-1.0,0.0,-2.0,0.0,41.0,32.0
117,118,1.0,1.0,1.0,1.0,2.0,2.978088500000013,87.5,14.0,0.3,color,orientation,size,0.22,15.5,20,male,0,2732.2163186670005,1,26,0.0,1.0,2.0,0.0,0.0,-2.0,0.0,42.0,33.0
118,119,1.0,0.0,1.0,0.0,2.0,2.3552011669999047,87.5,19.0,0.1,color,orientation,size,0.22,15.5,20,male,0,2732.2163186670005,0,26,1.0,1.0,2.0,1.0,0.0,-2.0,0.0,43.0,34.0
119,120,1.0,1.0,1.0,1.0,2.0,2.811228709000716,-29.5,14.0,0.38,color,orientation,size,0.22,15.5,20,male,0,2732.2163186670005,1,26,0.0,1.0,2.0,-1.0,0.0,-2.0,0.0,44.0,35.0
120,121,1.0,0.0,0.0,1.0,2.0,6.488300375000108,-29.5,5.0,0.18,color,orientation,size,0.22,15.5,20,male,0,2732.2163186670005,0,26,0.0,1.0,2.0,1.0,0.0,-2.0,0.0,45.0,36.0
121,122,1.0,1.0,1.0,1.0,2.0,1.288486625002406,-34.0,21.0,0.38,color,orientation,size,0.22,15.5,20,male,0,2732.2163186670005,0,26,0.0,1.0,2.0,0.0,0.0,-2.0,0.0,46.0,37.0
122,123,1.0,1.0,0.0,0.0,2.0,4.121576667002955,-83.5,11.0,0.14,color,orientation,size,0.22,15.5,20,male,0,2732.2163186670005,0,26,1.0,1.0,2.0,0.0,0.0,-2.0,0.0,47.0,38.0
123,124,1.0,1.0,0.0,0.0,2.0,1.7798312090017134,60.5,7.0,0.1,color,orientation,size,0.22,15.5,20,male,0,2732.2163186670005,1,26,1.0,1.0,2.0,-1.0,0.0,-2.0,0.0,48.0,39.0
124,125,1.0,1.0,1.0,1.0,2.0,5.5621407910002745,15.5,19.0,0.14,color,orientation,size,0.22,15.5,20,male,0,2732.2163186670005,1,26,0.0,1.0,2.0,0.0,0.0,-2.0,0.0,49.0,40.0
125,126,1.0,0.0,1.0,0.0,2.0,2.988696500000515,-88.0,23.0,0.18,color,orientation,size,0.22,15.5,20,male,0,2732.2163186670005,0,26,1.0,1.0,2.0,1.0,0.0,-2.0,0.0,50.0,41.0
126,127,2.0,2.0,1.0,0.0,4.0,7.7361314999980095,74.0,12.0,0.42,color,orientation,size,0.22,15.5,20,male,0,2732.2163186670005,1,26,1.0,2.0,2.0,1.0,0.0,-2.0,1.0,0.0,42.0
127,128,2.0,2.0,2.0,1.0,4.0,2.500471208997624,-7.0,20.0,0.4600000000000001,color,orientation,size,0.22,15.5,20,male,0,2732.2163186670005,1,26,1.0,0.0,2.0,1.0,-1.0,-2.0,2.0,0.0,43.0
128,129,2.0,1.0,1.0,1.0,4.0,1.738776999998663,47.0,10.0,0.3400000000000001,color,orientation,size,0.22,15.5,20,male,0,2732.2163186670005,0,26,1.0,0.0,2.0,1.0,2.0,-2.0,3.0,0.0,44.0
129,130,2.0,3.0,3.0,1.0,4.0,4.640117082999495,15.5,23.0,0.38,color,orientation,size,0.22,15.5,20,male,0,2732.2163186670005,0,26,1.0,0.0,2.0,1.0,0.0,-2.0,4.0,0.0,45.0
130,131,2.0,2.0,2.0,1.0,4.0,1.8717357500026992,-52.0,20.0,0.4600000000000001,color,orientation,size,0.22,15.5,20,male,0,2732.2163186670005,0,26,1.0,0.0,2.0,1.0,0.0,-2.0,5.0,0.0,46.0
131,132,2.0,2.0,2.0,1.0,4.0,1.4055827080010204,-79.0,18.0,0.42,color,orientation,size,0.22,15.5,20,male,0,2732.2163186670005,0,26,1.0,0.0,2.0,1.0,0.0,-2.0,6.0,0.0,47.0
132,133,2.0,1.0,1.0,1.0,4.0,1.189143666997552,60.5,12.0,0.22,color,orientation,size,0.22,15.5,20,male,0,2732.2163186670005,0,26,1.0,0.0,2.0,1.0,0.0,-2.0,7.0,0.0,48.0
133,134,2.0,1.0,1.0,1.0,4.0,1.222290582998539,33.5,9.0,0.4600000000000001,color,orientation,size,0.22,15.5,20,male,0,2732.2163186670005,0,26,1.0,0.0,2.0,1.0,0.0,-2.0,8.0,0.0,49.0
134,135,2.0,2.0,2.0,1.0,4.0,1.3896948330002488,-61.0,19.0,0.38,color,orientation,size,0.22,15.5,20,male,0,2732.2163186670005,0,26,1.0,0.0,2.0,1.0,0.0,-2.0,9.0,0.0,50.0
135,136,2.0,2.0,2.0,1.0,4.0,1.2055860410000605,-25.0,15.0,0.22,color,orientation,size,0.22,15.5,20,male,0,2732.2163186670005,0,26,1.0,0.0,2.0,1.0,0.0,-2.0,10.0,0.0,51.0
136,137,2.0,3.0,3.0,1.0,4.0,1.3223351249980624,83.0,16.0,0.18,color,orientation,size,0.22,15.5,20,male,0,2732.2163186670005,0,26,1.0,0.0,2.0,1.0,0.0,-2.0,11.0,0.0,52.0
137,138,2.0,2.0,2.0,1.0,4.0,1.5189449170029548,-79.0,23.0,0.42,color,orientation,size,0.22,15.5,20,male,0,2732.2163186670005,1,26,1.0,0.0,2.0,1.0,0.0,-2.0,12.0,0.0,53.0
138,139,2.0,3.0,3.0,1.0,4.0,1.0056029170009424,15.5,17.0,0.4600000000000001,color,orientation,size,0.22,15.5,20,male,0,2732.2163186670005,0,26,1.0,0.0,2.0,1.0,0.0,-2.0,13.0,0.0,54.0
139,140,2.0,0.0,0.0,1.0,4.0,1.205793083998287,-20.5,2.0,0.1,color,orientation,size,0.22,15.5,20,male,0,2732.2163186670005,0,26,1.0,0.0,2.0,1.0,0.0,-2.0,14.0,0.0,55.0
140,141,2.0,0.0,0.0,1.0,4.0,1.3557267500000307,-43.0,12.0,0.38,color,orientation,size,0.22,15.5,20,male,0,2732.2163186670005,0,26,1.0,0.0,2.0,1.0,0.0,-2.0,15.0,0.0,56.0
141,142,2.0,0.0,0.0,1.0,4.0,1.0389716249992489,-43.0,11.0,0.3400000000000001,color,orientation,size,0.22,15.5,20,male,0,2732.2163186670005,0,26,1.0,0.0,2.0,1.0,0.0,-2.0,16.0,0.0,57.0
142,143,2.0,1.0,1.0,1.0,4.0,1.3725817499980622,65.0,3.0,0.4600000000000001,color,orientation,size,0.22,15.5,20,male,0,2732.2163186670005,0,26,1.0,0.0,2.0,1.0,0.0,-2.0,17.0,0.0,58.0
143,144,2.0,0.0,0.0,1.0,4.0,1.1890308749971157,-29.5,11.0,0.38,color,orientation,size,0.22,15.5,20,male,0,2732.2163186670005,0,26,1.0,0.0,2.0,1.0,0.0,-2.0,18.0,0.0,59.0
144,145,2.0,2.0,2.0,1.0,4.0,2.3056196670004283,-43.0,13.0,0.4600000000000001,color,orientation,size,0.22,15.5,20,male,0,2732.2163186670005,0,26,1.0,0.0,2.0,1.0,0.0,-2.0,19.0,0.0,60.0
145,146,2.0,0.0,0.0,1.0,4.0,1.005619083000056,-20.5,6.0,0.18,color,orientation,size,0.22,15.5,20,male,0,2732.2163186670005,0,26,1.0,0.0,2.0,1.0,0.0,-2.0,20.0,0.0,61.0
146,147,2.0,2.0,2.0,1.0,4.0,1.55567054200219,-79.0,14.0,0.42,color,orientation,size,0.22,15.5,20,male,0,2732.2163186670005,0,26,1.0,0.0,2.0,1.0,0.0,-2.0,21.0,0.0,62.0
147,148,3.0,0.0,0.0,1.0,8.0,3.234786790999351,-11.5,10.0,0.18,color,orientation,size,0.22,15.5,20,male,0,2732.2163186670005,1,26,1.0,0.0,0.0,1.0,0.0,0.0,22.0,1.0,0.0
148,149,3.0,1.0,1.0,1.0,8.0,2.4078252500003146,-83.5,9.0,0.42,color,orientation,size,0.22,15.5,20,male,0,2732.2163186670005,0,26,1.0,0.0,0.0,1.0,0.0,2.0,23.0,2.0,0.0
149,150,3.0,1.0,1.0,1.0,8.0,1.0238716660023783,-79.0,0.0,0.4600000000000001,color,orientation,size,0.22,15.5,20,male,0,2732.2163186670005,0,26,1.0,0.0,0.0,1.0,0.0,0.0,24.0,3.0,0.0
150,151,3.0,4.0,4.0,1.0,8.0,1.407043083996541,-16.0,19.0,0.14,color,orientation,size,0.22,15.5,20,male,0,2732.2163186670005,0,26,1.0,0.0,0.0,1.0,0.0,0.0,25.0,4.0,0.0
151,152,3.0,5.0,4.0,0.0,8.0,1.2736056670000837,-52.0,22.0,0.18,color,orientation,size,0.22,15.5,20,male,0,2732.2163186670005,0,26,1.0,0.0,1.0,1.0,0.0,0.0,26.0,5.0,0.0
152,153,3.0,6.0,7.0,0.0,8.0,1.5296278330024506,74.0,14.0,0.22,color,orientation,size,0.22,15.5,20,male,0,2732.2163186670005,1,26,1.0,0.0,1.0,1.0,0.0,-1.0,27.0,6.0,0.0
153,154,3.0,1.0,1.0,1.0,8.0,1.2471711250000226,-74.5,0.0,0.26,color,orientation,size,0.22,15.5,20,male,0,2732.2163186670005,1,26,1.0,0.0,0.0,1.0,0.0,0.0,28.0,7.0,0.0
154,155,3.0,6.0,6.0,1.0,8.0,1.9073804580002616,47.0,20.0,0.18,color,orientation,size,0.22,15.5,20,male,0,2732.2163186670005,0,26,1.0,0.0,0.0,1.0,0.0,1.0,29.0,8.0,0.0
155,156,3.0,5.0,5.0,1.0,8.0,1.8236982919988804,-65.5,22.0,0.4600000000000001,color,orientation,size,0.22,15.5,20,male,0,2732.2163186670005,0,26,1.0,0.0,0.0,1.0,0.0,0.0,30.0,9.0,0.0
156,157,3.0,2.0,2.0,1.0,8.0,4.3238746669994725,83.0,12.0,0.1,color,orientation,size,0.22,15.5,20,male,0,2732.2163186670005,0,26,1.0,0.0,0.0,1.0,0.0,0.0,31.0,10.0,0.0
157,158,3.0,5.0,5.0,1.0,8.0,3.623839374999079,-43.0,16.0,0.3400000000000001,color,orientation,size,0.22,15.5,20,male,0,2732.2163186670005,0,26,1.0,0.0,0.0,1.0,0.0,0.0,32.0,11.0,0.0
158,159,3.0,7.0,6.0,0.0,8.0,1.856941084002756,20.0,23.0,0.18,color,orientation,size,0.22,15.5,20,male,0,2732.2163186670005,0,26,1.0,0.0,1.0,1.0,0.0,0.0,33.0,12.0,0.0
159,160,3.0,5.0,4.0,0.0,8.0,1.7303277499995602,-43.0,15.0,0.18,color,orientation,size,0.22,15.5,20,male,0,2732.2163186670005,1,26,1.0,0.0,1.0,1.0,0.0,-1.0,34.0,13.0,0.0
160,161,3.0,6.0,7.0,0.0,8.0,2.5785587090031186,69.5,22.0,0.38,color,orientation,size,0.22,15.5,20,male,0,2732.2163186670005,1,26,1.0,0.0,1.0,1.0,0.0,0.0,35.0,14.0,0.0
161,162,3.0,5.0,5.0,1.0,8.0,8.279717249999521,-79.0,13.0,0.42,color,orientation,size,0.22,15.5,20,male,0,2732.2163186670005,1,26,1.0,0.0,0.0,1.0,0.0,0.0,36.0,15.0,0.0
162,163,3.0,3.0,2.0,0.0,8.0,2.5735782090014254,33.5,3.0,0.1,color,orientation,size,0.22,15.5,20,male,0,2732.2163186670005,0,26,1.0,0.0,1.0,1.0,0.0,1.0,37.0,16.0,0.0
163,164,3.0,4.0,4.0,1.0,8.0,4.06227229200158,-20.5,20.0,0.14,color,orientation,size,0.22,15.5,20,male,0,2732.2163186670005,1,26,1.0,0.0,0.0,1.0,0.0,-1.0,38.0,17.0,0.0
164,165,3.0,6.0,6.0,1.0,8.0,3.4573337080000783,65.0,13.0,0.14,color,orientation,size,0.22,15.5,20,male,0,2732.2163186670005,0,26,1.0,0.0,0.0,1.0,0.0,1.0,39.0,18.0,0.0
165,166,3.0,6.0,6.0,1.0,8.0,3.007003083002928,69.5,15.0,0.18,color,orientation,size,0.22,15.5,20,male,0,2732.2163186670005,0,26,1.0,0.0,0.0,1.0,0.0,0.0,40.0,19.0,0.0
166,167,3.0,1.0,0.0,0.0,8.0,2.707007249999151,-79.0,2.0,0.18,color,orientation,size,0.22,15.5,20,male,0,2732.2163186670005,0,26,1.0,0.0,1.0,1.0,0.0,0.0,41.0,20.0,0.0
167,168,3.0,0.0,1.0,0.0,8.0,2.4178415839996887,-25.0,11.0,0.3400000000000001,color,orientation,size,0.22,15.5,20,male,0,2732.2163186670005,1,26,1.0,0.0,1.0,1.0,0.0,-1.0,42.0,21.0,0.0
168,169,3.0,5.0,4.0,0.0,8.0,2.8791777080004977,-16.0,16.0,0.1,color,orientation,size,0.22,15.5,20,male,0,2732.2163186670005,1,26,1.0,0.0,1.0,1.0,0.0,0.0,43.0,22.0,0.0
169,170,3.0,5.0,4.0,0.0,8.0,2.2803331249997427,-25.0,15.0,0.18,color,orientation,size,0.22,15.5,20,male,0,2732.2163186670005,1,26,1.0,0.0,1.0,1.0,0.0,0.0,44.0,23.0,0.0
170,171,3.0,6.0,7.0,0.0,8.0,1.446372792001057,33.5,22.0,0.4600000000000001,color,orientation,size,0.22,15.5,20,male,0,2732.2163186670005,1,26,1.0,0.0,1.0,1.0,0.0,0.0,45.0,24.0,0.0
171,172,3.0,6.0,2.0,0.0,8.0,4.063822459000221,38.0,8.0,0.18,color,orientation,size,0.22,15.5,20,male,0,2732.2163186670005,1,26,1.0,0.0,1.0,1.0,0.0,0.0,46.0,25.0,0.0
172,173,3.0,0.0,5.0,0.0,8.0,2.31171912499849,-11.5,19.0,0.38,color,orientation,size,0.22,15.5,20,male,0,2732.2163186670005,1,26,1.0,0.0,2.0,1.0,0.0,0.0,47.0,26.0,0.0
173,174,3.0,1.0,1.0,1.0,8.0,4.580420165999385,-38.5,1.0,0.3400000000000001,color,orientation,size,0.22,15.5,20,male,0,2732.2163186670005,1,26,1.0,0.0,0.0,1.0,0.0,-1.0,48.0,27.0,0.0
174,175,3.0,7.0,2.0,0.0,8.0,4.4906607499979145,15.5,4.0,0.14,color,orientation,size,0.22,15.5,20,male,0,2732.2163186670005,0,26,1.0,0.0,2.0,1.0,0.0,2.0,49.0,28.0,0.0
175,176,3.0,1.0,1.0,1.0,8.0,2.7971629169987864,-70.0,10.0,0.38,color,orientation,size,0.22,15.5,20,male,0,2732.2163186670005,1,26,1.0,0.0,0.0,1.0,0.0,-2.0,50.0,29.0,0.0
176,177,3.0,0.0,1.0,0.0,8.0,2.1906630830017093,-20.5,9.0,0.38,color,orientation,size,0.22,15.5,20,male,0,2732.2163186670005,0,26,1.0,0.0,1.0,1.0,0.0,2.0,51.0,30.0,0.0
177,178,3.0,6.0,7.0,0.0,8.0,6.9352987079982995,29.0,17.0,0.3400000000000001,color,orientation,size,0.22,15.5,20,male,0,2732.2163186670005,1,26,1.0,0.0,1.0,1.0,0.0,-1.0,52.0,31.0,0.0
178,179,3.0,1.0,0.0,0.0,8.0,2.4128914159991837,-65.5,1.0,0.1,color,orientation,size,0.22,15.5,20,male,0,2732.2163186670005,1,26,1.0,0.0,1.0,1.0,0.0,0.0,53.0,32.0,0.0
179,180,3.0,6.0,7.0,0.0,8.0,1.8628130830002192,87.5,20.0,0.42,color,orientation,size,0.22,15.5,20,male,0,2732.2163186670005,1,26,1.0,0.0,1.0,1.0,0.0,0.0,54.0,33.0,0.0
180,181,3.0,3.0,0.0,0.0,8.0,5.063659041999927,11.0,4.0,0.1,color,orientation,size,0.22,15.5,20,male,0,2732.2163186670005,1,26,1.0,0.0,2.0,1.0,0.0,0.0,55.0,34.0,0.0
181,182,3.0,1.0,0.0,0.0,8.0,5.847279041998263,-70.0,0.0,0.14,color,orientation,size,0.22,15.5,20,male,0,2732.2163186670005,1,26,1.0,0.0,1.0,1.0,0.0,-1.0,56.0,35.0,0.0
182,183,3.0,3.0,2.0,0.0,8.0,4.58056787500027,24.5,12.0,0.1,color,orientation,size,0.22,15.5,20,male,0,2732.2163186670005,1,26,1.0,0.0,1.0,1.0,0.0,1.0,57.0,36.0,0.0
183,184,3.0,6.0,5.0,0.0,8.0,3.636080416999903,6.5,23.0,0.26,color,orientation,size,0.22,15.5,20,male,0,2732.2163186670005,1,26,1.0,0.0,2.0,1.0,0.0,0.0,58.0,37.0,0.0
184,185,3.0,2.0,3.0,0.0,8.0,1.8643862499993704,83.0,3.0,0.42,color,orientation,size,0.22,15.5,20,male,0,2732.2163186670005,1,26,1.0,0.0,1.0,1.0,0.0,-1.0,59.0,38.0,0.0
185,186,1.0,1.0,0.0,0.0,2.0,2.2292696660006186,65.0,11.0,0.26,color,orientation,size,0.22,15.5,20,male,0,2732.2163186670005,1,26,1.0,0.0,1.0,0.0,0.0,-1.0,0.0,39.0,1.0
186,187,1.0,0.0,0.0,1.0,2.0,2.2814508750016103,6.5,3.0,0.1,color,orientation,size,0.22,15.5,20,male,0,2732.2163186670005,1,26,0.0,0.0,1.0,0.0,0.0,-1.0,0.0,40.0,2.0
187,188,1.0,0.0,0.0,1.0,2.0,0.6550638749977225,51.5,12.0,0.22,color,orientation,size,0.22,15.5,20,male,0,2732.2163186670005,0,26,0.0,0.0,1.0,1.0,0.0,-1.0,0.0,41.0,3.0
188,189,1.0,0.0,0.0,1.0,2.0,0.6717891670014069,60.5,10.0,0.1,color,orientation,size,0.22,15.5,20,male,0,2732.2163186670005,0,26,0.0,0.0,1.0,0.0,0.0,-1.0,0.0,42.0,4.0
189,190,1.0,1.0,1.0,1.0,2.0,1.3382590829969558,2.0,13.0,0.4600000000000001,color,orientation,size,0.22,15.5,20,male,0,2732.2163186670005,0,26,0.0,0.0,1.0,0.0,0.0,-1.0,0.0,43.0,5.0
190,191,1.0,1.0,1.0,1.0,2.0,0.9548917500032984,-43.0,18.0,0.42,color,orientation,size,0.22,15.5,20,male,0,2732.2163186670005,0,26,0.0,0.0,1.0,0.0,0.0,-1.0,0.0,44.0,6.0
191,192,1.0,0.0,0.0,1.0,2.0,0.7381322090004687,87.5,9.0,0.42,color,orientation,size,0.22,15.5,20,male,0,2732.2163186670005,0,26,0.0,0.0,1.0,0.0,0.0,-1.0,0.0,45.0,7.0
192,193,1.0,1.0,1.0,1.0,2.0,1.1374231660010992,78.5,21.0,0.26,color,orientation,size,0.22,15.5,20,male,0,2732.2163186670005,0,26,0.0,0.0,1.0,0.0,0.0,-1.0,0.0,46.0,8.0
193,194,1.0,0.0,0.0,1.0,2.0,0.8716230840000208,-65.5,1.0,0.3,color,orientation,size,0.22,15.5,20,male,0,2732.2163186670005,0,26,0.0,0.0,1.0,0.0,0.0,-1.0,0.0,47.0,9.0
194,195,1.0,0.0,0.0,1.0,2.0,1.5382619590018294,-34.0,4.0,0.4600000000000001,color,orientation,size,0.22,15.5,20,male,0,2732.2163186670005,0,26,0.0,0.0,1.0,0.0,0.0,-1.0,0.0,48.0,10.0
195,196,1.0,1.0,1.0,1.0,2.0,0.9553212920000078,87.5,17.0,0.26,color,orientation,size,0.22,15.5,20,male,0,2732.2163186670005,0,26,0.0,0.0,1.0,0.0,0.0,-1.0,0.0,49.0,11.0
196,197,2.0,3.0,3.0,1.0,4.0,4.017088292002882,33.5,22.0,0.42,color,orientation,size,0.22,15.5,20,male,0,2732.2163186670005,1,26,0.0,0.0,1.0,0.0,0.0,-1.0,1.0,0.0,12.0
197,198,2.0,1.0,1.0,1.0,4.0,1.422405625002284,24.5,5.0,0.4600000000000001,color,orientation,size,0.22,15.5,20,male,0,2732.2163186670005,0,26,0.0,0.0,1.0,0.0,0.0,-1.0,2.0,0.0,13.0
198,199,2.0,2.0,2.0,1.0,4.0,1.1889863340002194,-65.5,24.0,0.4600000000000001,color,orientation,size,0.22,15.5,20,male,0,2732.2163186670005,0,26,0.0,0.0,1.0,0.0,0.0,-1.0,3.0,0.0,14.0
199,200,2.0,2.0,2.0,1.0,4.0,1.2055140839984233,-2.5,24.0,0.18,color,orientation,size,0.22,15.5,20,male,0,2732.2163186670005,0,26,0.0,0.0,1.0,0.0,0.0,-1.0,4.0,0.0,15.0
200,201,2.0,1.0,1.0,1.0,4.0,1.8890090829991095,60.5,6.0,0.1,color,orientation,size,0.22,15.5,20,male,0,2732.2163186670005,0,26,0.0,0.0,1.0,0.0,0.0,-1.0,5.0,0.0,16.0
201,202,2.0,2.0,2.0,1.0,4.0,1.3890837080034544,-70.0,13.0,0.22,color,orientation,size,0.22,15.5,20,male,0,2732.2163186670005,0,26,0.0,0.0,1.0,0.0,0.0,-1.0,6.0,0.0,17.0
202,203,2.0,0.0,0.0,1.0,4.0,1.4222774160007248,-83.5,8.0,0.26,color,orientation,size,0.22,15.5,20,male,0,2732.2163186670005,0,26,0.0,0.0,1.0,0.0,0.0,-1.0,7.0,0.0,18.0
203,204,2.0,3.0,3.0,1.0,4.0,1.4556271670007843,69.5,18.0,0.42,color,orientation,size,0.22,15.5,20,male,0,2732.2163186670005,0,26,0.0,0.0,1.0,0.0,0.0,-1.0,8.0,0.0,19.0
204,205,2.0,1.0,1.0,1.0,4.0,1.105525207996834,29.0,4.0,0.26,color,orientation,size,0.22,15.5,20,male,0,2732.2163186670005,0,26,0.0,0.0,1.0,0.0,0.0,-1.0,9.0,0.0,20.0
205,206,2.0,0.0,0.0,1.0,4.0,3.6056742910004687,-88.0,4.0,0.42,color,orientation,size,0.22,15.5,20,male,0,2732.2163186670005,0,26,0.0,0.0,1.0,0.0,0.0,-1.0,10.0,0.0,21.0
206,207,3.0,6.0,6.0,1.0,8.0,26.231827791998512,29.0,14.0,0.1,color,orientation,size,0.22,15.5,20,male,0,2732.2163186670005,1,26,0.0,0.0,0.0,0.0,0.0,0.0,11.0,1.0,0.0
207,208,3.0,4.0,5.0,0.0,8.0,1.9739782920005384,-29.5,19.0,0.3400000000000001,color,orientation,size,0.22,15.5,20,male,0,2732.2163186670005,0,26,0.0,0.0,1.0,0.0,0.0,1.0,12.0,2.0,0.0
208,209,3.0,2.0,3.0,0.0,8.0,3.930928249999852,69.5,0.0,0.38,color,orientation,size,0.22,15.5,20,male,0,2732.2163186670005,1,26,0.0,0.0,1.0,0.0,0.0,-1.0,13.0,3.0,0.0
209,210,3.0,3.0,3.0,1.0,8.0,2.6632099589987774,69.5,5.0,0.3400000000000001,color,orientation,size,0.22,15.5,20,male,0,2732.2163186670005,1,26,0.0,0.0,0.0,0.0,0.0,0.0,14.0,4.0,0.0
210,211,3.0,1.0,0.0,0.0,8.0,2.1234995410013653,-61.0,4.0,0.1,color,orientation,size,0.22,15.5,20,male,0,2732.2163186670005,0,26,0.0,0.0,1.0,0.0,0.0,1.0,15.0,5.0,0.0
211,212,3.0,1.0,0.0,0.0,8.0,5.847294374998455,-52.0,10.0,0.18,color,orientation,size,0.22,15.5,20,male,0,2732.2163186670005,1,26,0.0,0.0,1.0,0.0,0.0,-1.0,16.0,6.0,0.0
212,213,3.0,7.0,7.0,1.0,8.0,4.8474407920002704,38.0,19.0,0.42,color,orientation,size,0.22,15.5,20,male,0,2732.2163186670005,1,26,0.0,0.0,0.0,0.0,0.0,0.0,17.0,7.0,0.0
213,214,3.0,5.0,5.0,1.0,8.0,2.2403642919998674,-88.0,15.0,0.42,color,orientation,size,0.22,15.5,20,male,0,2732.2163186670005,0,26,0.0,0.0,0.0,0.0,0.0,1.0,18.0,8.0,0.0
214,215,3.0,3.0,6.0,0.0,8.0,4.2576767499995185,60.5,17.0,0.14,color,orientation,size,0.22,15.5,20,male,0,2732.2163186670005,0,26,0.0,0.0,2.0,0.0,0.0,0.0,19.0,9.0,0.0
215,216,3.0,1.0,1.0,1.0,8.0,4.01355791700189,-65.5,2.0,0.3400000000000001,color,orientation,size,0.22,15.5,20,male,0,2732.2163186670005,1,26,0.0,0.0,0.0,0.0,0.0,-2.0,20.0,10.0,0.0
216,217,3.0,5.0,5.0,1.0,8.0,3.1246822089997295,-16.0,21.0,0.26,color,orientation,size,0.22,15.5,20,male,0,2732.2163186670005,0,26,0.0,0.0,0.0,0.0,0.0,2.0,21.0,11.0,0.0
217,218,3.0,0.0,1.0,0.0,8.0,4.657217332998698,-43.0,7.0,0.4600000000000001,color,orientation,size,0.22,15.5,20,male,0,2732.2163186670005,0,26,0.0,0.0,1.0,0.0,0.0,0.0,22.0,12.0,0.0
218,219,3.0,2.0,3.0,0.0,8.0,5.280207625000912,56.0,2.0,0.42,color,orientation,size,0.22,15.5,20,male,0,2732.2163186670005,1,26,0.0,0.0,1.0,0.0,0.0,-1.0,23.0,13.0,0.0
219,220,3.0,0.0,0.0,1.0,8.0,2.2190382910011976,-52.0,0.0,0.1,color,orientation,size,0.22,15.5,20,male,0,2732.2163186670005,1,26,0.0,0.0,0.0,0.0,0.0,0.0,24.0,14.0,0.0
220,221,3.0,3.0,3.0,1.0,8.0,5.457290375001321,65.0,11.0,0.4600000000000001,color,orientation,size,0.22,15.5,20,male,0,2732.2163186670005,0,26,0.0,0.0,0.0,0.0,0.0,1.0,25.0,15.0,0.0
221,222,3.0,0.0,1.0,0.0,8.0,3.6237908330003847,-7.0,9.0,0.42,color,orientation,size,0.22,15.5,20,male,0,2732.2163186670005,0,26,0.0,0.0,1.0,0.0,0.0,0.0,26.0,16.0,0.0
222,223,3.0,5.0,5.0,1.0,8.0,2.612847584001429,-56.5,24.0,0.22,color,orientation,size,0.22,15.5,20,male,0,2732.2163186670005,1,26,0.0,0.0,0.0,0.0,0.0,-1.0,27.0,17.0,0.0
223,224,3.0,1.0,0.0,0.0,8.0,4.473860375001095,-88.0,6.0,0.18,color,orientation,size,0.22,15.5,20,male,0,2732.2163186670005,0,26,0.0,0.0,1.0,0.0,0.0,1.0,28.0,18.0,0.0
224,225,3.0,1.0,1.0,1.0,8.0,3.635964000000968,-11.5,8.0,0.3400000000000001,color,orientation,size,0.22,15.5,20,male,0,2732.2163186670005,1,26,0.0,0.0,0.0,0.0,0.0,-1.0,29.0,19.0,0.0
225,226,3.0,1.0,1.0,1.0,8.0,5.790488332997484,-74.5,11.0,0.38,color,orientation,size,0.22,15.5,20,male,0,2732.2163186670005,0,26,0.0,0.0,0.0,0.0,0.0,1.0,30.0,20.0,0.0
226,227,3.0,5.0,5.0,1.0,8.0,3.716276957999071,-79.0,19.0,0.3,color,orientation,size,0.22,15.5,20,male,0,2732.2163186670005,0,26,0.0,0.0,0.0,0.0,0.0,0.0,31.0,21.0,0.0
227,228,3.0,5.0,5.0,1.0,8.0,1.7193465000018475,-74.5,19.0,0.3400000000000001,color,orientation,size,0.22,15.5,20,male,0,2732.2163186670005,0,26,0.0,0.0,0.0,0.0,0.0,0.0,32.0,22.0,0.0
228,229,3.0,2.0,0.0,0.0,8.0,6.874936542000796,6.5,5.0,0.18,color,orientation,size,0.22,15.5,20,male,0,2732.2163186670005,0,26,0.0,0.0,1.0,0.0,0.0,0.0,33.0,23.0,0.0
229,230,3.0,2.0,2.0,1.0,8.0,2.863713209000707,42.5,2.0,0.18,color,orientation,size,0.22,15.5,20,male,0,2732.2163186670005,1,26,0.0,0.0,0.0,0.0,0.0,-1.0,34.0,24.0,0.0
230,231,3.0,3.0,2.0,0.0,8.0,1.957064709000406,51.5,4.0,0.1,color,orientation,size,0.22,15.5,20,male,0,2732.2163186670005,0,26,0.0,0.0,1.0,0.0,0.0,1.0,35.0,25.0,0.0
231,232,3.0,5.0,5.0,1.0,8.0,1.612928708000254,-34.0,24.0,0.42,color,orientation,size,0.22,15.5,20,male,0,2732.2163186670005,1,26,0.0,0.0,0.0,0.0,0.0,-1.0,36.0,26.0,0.0
232,233,3.0,5.0,5.0,1.0,8.0,3.4911849580021226,-88.0,18.0,0.26,color,orientation,size,0.22,15.5,20,male,0,2732.2163186670005,0,26,0.0,0.0,0.0,0.0,0.0,1.0,37.0,27.0,0.0
233,234,3.0,7.0,7.0,1.0,8.0,2.9404139159996703,33.5,15.0,0.3,color,orientation,size,0.22,15.5,20,male,0,2732.2163186670005,0,26,0.0,0.0,0.0,0.0,0.0,0.0,38.0,28.0,0.0
234,235,3.0,1.0,1.0,1.0,8.0,6.623998332997871,-11.5,12.0,0.4600000000000001,color,orientation,size,0.22,15.5,20,male,0,2732.2163186670005,0,26,0.0,0.0,0.0,0.0,0.0,0.0,39.0,29.0,0.0
235,236,3.0,6.0,7.0,0.0,8.0,2.1070142919998034,83.0,18.0,0.22,color,orientation,size,0.22,15.5,20,male,0,2732.2163186670005,0,26,0.0,0.0,1.0,0.0,0.0,0.0,40.0,30.0,0.0
236,237,3.0,4.0,1.0,0.0,8.0,4.61228116699931,-2.5,6.0,0.42,color,orientation,size,0.22,15.5,20,male,0,2732.2163186670005,1,26,0.0,0.0,2.0,0.0,0.0,-1.0,41.0,31.0,0.0
237,238,3.0,5.0,5.0,1.0,8.0,3.9803881250009,-2.5,16.0,0.38,color,orientation,size,0.22,15.5,20,male,0,2732.2163186670005,1,26,0.0,0.0,0.0,0.0,0.0,-1.0,42.0,32.0,0.0
238,239,3.0,3.0,2.0,0.0,8.0,2.7905871250004566,33.5,12.0,0.1,color,orientation,size,0.22,15.5,20,male,0,2732.2163186670005,0,26,0.0,0.0,1.0,0.0,0.0,2.0,43.0,33.0,0.0
239,240,3.0,1.0,5.0,0.0,8.0,9.696747959002096,-61.0,16.0,0.3400000000000001,color,orientation,size,0.22,15.5,20,male,0,2732.2163186670005,1,26,0.0,0.0,1.0,0.0,0.0,-1.0,44.0,34.0,0.0
240,241,3.0,2.0,3.0,0.0,8.0,1.8183062080024683,69.5,10.0,0.22,color,orientation,size,0.22,15.5,20,male,0,2732.2163186670005,1,26,0.0,0.0,1.0,0.0,0.0,0.0,45.0,35.0,0.0
241,242,3.0,6.0,7.0,0.0,8.0,2.4800659169995924,74.0,18.0,0.3400000000000001,color,orientation,size,0.22,15.5,20,male,0,2732.2163186670005,1,26,0.0,0.0,1.0,0.0,0.0,0.0,46.0,36.0,0.0
242,243,3.0,6.0,1.0,0.0,8.0,7.148773583001457,-7.0,11.0,0.3,color,orientation,size,0.22,15.5,20,male,0,2732.2163186670005,1,26,0.0,0.0,3.0,0.0,0.0,0.0,47.0,37.0,0.0
243,244,3.0,1.0,0.0,0.0,8.0,5.117710875001649,-29.5,10.0,0.18,color,orientation,size,0.22,15.5,20,male,0,2732.2163186670005,1,26,0.0,0.0,1.0,0.0,0.0,-2.0,48.0,38.0,0.0
244,245,3.0,7.0,6.0,0.0,8.0,3.895815042000322,24.5,22.0,0.1,color,orientation,size,0.22,15.5,20,male,0,2732.2163186670005,1,26,0.0,0.0,1.0,0.0,0.0,2.0,49.0,39.0,0.0
245,246,3.0,6.0,7.0,0.0,8.0,11.01261670799795,60.5,24.0,0.42,color,orientation,size,0.22,15.5,20,male,0,2732.2163186670005,1,26,0.0,0.0,1.0,0.0,0.0,0.0,50.0,40.0,0.0
246,247,3.0,6.0,6.0,1.0,8.0,3.502506958997401,74.0,19.0,0.1,color,orientation,size,0.22,15.5,20,male,0,2732.2163186670005,1,26,0.0,0.0,0.0,0.0,0.0,0.0,51.0,41.0,0.0
247,248,3.0,2.0,2.0,1.0,8.0,3.2070053339994047,60.5,11.0,0.1,color,orientation,size,0.22,15.5,20,male,0,2732.2163186670005,0,26,0.0,0.0,0.0,0.0,0.0,1.0,52.0,42.0,0.0
248,249,3.0,7.0,7.0,1.0,8.0,4.324551125002472,51.5,15.0,0.38,color,orientation,size,0.22,15.5,20,male,0,2732.2163186670005,0,26,0.0,0.0,0.0,0.0,0.0,0.0,53.0,43.0,0.0
249,250,3.0,4.0,5.0,0.0,8.0,2.6071396250008547,-43.0,14.0,0.26,color,orientation,size,0.22,15.5,20,male,0,2732.2163186670005,0,26,0.0,0.0,1.0,0.0,0.0,0.0,54.0,44.0,0.0
250,251,3.0,3.0,3.0,1.0,8.0,3.1514610829981393,51.5,0.0,0.4600000000000001,color,orientation,size,0.22,15.5,20,male,0,2732.2163186670005,1,26,0.0,0.0,0.0,0.0,0.0,-1.0,55.0,45.0,0.0
251,252,3.0,1.0,1.0,1.0,8.0,8.95749029199942,-11.5,7.0,0.38,color,orientation,size,0.22,15.5,20,male,0,2732.2163186670005,0,26,0.0,0.0,0.0,0.0,0.0,1.0,56.0,46.0,0.0
252,253,3.0,0.0,0.0,1.0,8.0,3.7246886670000094,-7.0,4.0,0.18,color,orientation,size,0.22,15.5,20,male,0,2732.2163186670005,0,26,0.0,0.0,0.0,0.0,0.0,0.0,57.0,47.0,0.0
253,254,3.0,1.0,1.0,1.0,8.0,14.491518708000513,-34.0,12.0,0.3,color,orientation,size,0.22,15.5,20,male,0,2732.2163186670005,0,26,0.0,0.0,0.0,0.0,0.0,0.0,58.0,48.0,0.0
254,255,3.0,1.0,0.0,0.0,8.0,4.990331625002,-65.5,10.0,0.18,color,orientation,size,0.22,15.5,20,male,0,2732.2163186670005,0,26,0.0,0.0,1.0,0.0,0.0,0.0,59.0,49.0,0.0
255,256,3.0,1.0,1.0,1.0,8.0,1.530073458001425,-79.0,11.0,0.3400000000000001,color,orientation,size,0.22,15.5,20,male,0,2732.2163186670005,1,26,0.0,0.0,0.0,0.0,0.0,-1.0,60.0,50.0,0.0
256,257,3.0,7.0,7.0,1.0,8.0,3.7071197499972186,24.5,20.0,0.26,color,orientation,size,0.22,15.5,20,male,0,2732.2163186670005,0,26,0.0,0.0,0.0,0.0,0.0,1.0,61.0,51.0,0.0
257,258,3.0,0.0,4.0,0.0,8.0,4.040479541999957,-79.0,18.0,0.18,color,orientation,size,0.22,15.5,20,male,0,2732.2163186670005,0,26,0.0,0.0,1.0,0.0,0.0,0.0,62.0,52.0,0.0
258,259,3.0,0.0,0.0,1.0,8.0,3.0800216250027006,-2.5,5.0,0.1,color,orientation,size,0.22,15.5,20,male,0,2732.2163186670005,1,26,0.0,0.0,0.0,0.0,0.0,-1.0,63.0,53.0,0.0
259,260,3.0,6.0,7.0,0.0,8.0,2.5905953330002376,78.5,24.0,0.22,color,orientation,size,0.22,15.5,20,male,0,2732.2163186670005,0,26,0.0,0.0,1.0,0.0,0.0,1.0,64.0,54.0,0.0
260,261,3.0,1.0,4.0,0.0,8.0,5.929402040997957,-7.0,24.0,0.14,color,orientation,size,0.22,15.5,20,male,0,2732.2163186670005,1,26,0.0,0.0,2.0,0.0,0.0,-1.0,65.0,55.0,0.0
261,262,3.0,4.0,5.0,0.0,8.0,3.9599589579993335,-47.5,19.0,0.26,color,orientation,size,0.22,15.5,20,male,0,2732.2163186670005,1,26,0.0,0.0,1.0,0.0,0.0,-1.0,66.0,56.0,0.0
262,263,3.0,2.0,3.0,0.0,8.0,2.863549042001978,83.0,4.0,0.4600000000000001,color,orientation,size,0.22,15.5,20,male,0,2732.2163186670005,1,26,0.0,0.0,1.0,0.0,0.0,1.0,67.0,57.0,0.0
263,264,3.0,3.0,3.0,1.0,8.0,2.8803659999975935,24.5,1.0,0.26,color,orientation,size,0.22,15.5,20,male,0,2732.2163186670005,1,26,0.0,0.0,0.0,0.0,0.0,0.0,68.0,58.0,0.0
264,265,3.0,6.0,7.0,0.0,8.0,5.9904502909994335,15.5,24.0,0.42,color,orientation,size,0.22,15.5,20,male,0,2732.2163186670005,0,26,0.0,0.0,1.0,0.0,0.0,1.0,69.0,59.0,0.0
265,266,3.0,0.0,1.0,0.0,8.0,5.881059749997803,-65.5,11.0,0.38,color,orientation,size,0.22,15.5,20,male,0,2732.2163186670005,1,26,0.0,0.0,1.0,0.0,0.0,-1.0,70.0,60.0,0.0
266,267,3.0,2.0,3.0,0.0,8.0,1.680650375001278,60.5,11.0,0.4600000000000001,color,orientation,size,0.22,15.5,20,male,0,2732.2163186670005,1,26,0.0,0.0,1.0,0.0,0.0,0.0,71.0,61.0,0.0
267,268,3.0,0.0,1.0,0.0,8.0,6.1799425419994805,-56.5,10.0,0.22,color,orientation,size,0.22,15.5,20,male,0,2732.2163186670005,1,26,0.0,0.0,1.0,0.0,0.0,0.0,72.0,62.0,0.0
268,269,3.0,6.0,3.0,0.0,8.0,3.0954133750019537,42.5,8.0,0.26,color,orientation,size,0.22,15.5,20,male,0,2732.2163186670005,1,26,0.0,0.0,2.0,0.0,0.0,0.0,73.0,63.0,0.0
269,270,3.0,2.0,3.0,0.0,8.0,1.8127686250008992,47.0,7.0,0.3400000000000001,color,orientation,size,0.22,15.5,20,male,0,2732.2163186670005,1,26,0.0,0.0,1.0,0.0,0.0,-1.0,74.0,64.0,0.0
270,271,3.0,1.0,1.0,1.0,8.0,2.662904417000391,-65.5,7.0,0.38,color,orientation,size,0.22,15.5,20,male,0,2732.2163186670005,1,26,0.0,0.0,0.0,0.0,0.0,1.0,75.0,65.0,0.0
271,272,3.0,1.0,1.0,1.0,8.0,2.073862082997948,-61.0,0.0,0.42,color,orientation,size,0.22,15.5,20,male,0,2732.2163186670005,0,26,0.0,0.0,0.0,0.0,0.0,1.0,76.0,66.0,0.0
272,273,3.0,0.0,1.0,0.0,8.0,6.990486167000199,-29.5,7.0,0.26,color,orientation,size,0.22,15.5,20,male,0,2732.2163186670005,0,26,0.0,0.0,1.0,0.0,0.0,0.0,77.0,67.0,0.0
273,274,3.0,5.0,4.0,0.0,8.0,5.183120957997744,-2.5,13.0,0.18,color,orientation,size,0.22,15.5,20,male,0,2732.2163186670005,1,26,0.0,0.0,1.0,0.0,0.0,-1.0,78.0,68.0,0.0
274,275,3.0,7.0,3.0,0.0,8.0,9.190215292001083,24.5,9.0,0.38,color,orientation,size,0.22,15.5,20,male,0,2732.2163186670005,1,26,0.0,0.0,1.0,0.0,0.0,0.0,79.0,69.0,0.0
275,276,3.0,7.0,5.0,0.0,8.0,1.9357236249998095,11.0,13.0,0.22,color,orientation,size,0.22,15.5,20,male,0,2732.2163186670005,1,26,0.0,0.0,1.0,0.0,0.0,0.0,80.0,70.0,0.0
276,277,3.0,7.0,7.0,1.0,8.0,3.4026110410013644,56.0,17.0,0.26,color,orientation,size,0.22,15.5,20,male,0,2732.2163186670005,1,26,0.0,0.0,0.0,0.0,0.0,0.0,81.0,71.0,0.0
277,278,3.0,7.0,6.0,0.0,8.0,4.240547332999995,20.0,24.0,0.14,color,orientation,size,0.22,15.5,20,male,0,2732.2163186670005,0,26,0.0,0.0,1.0,0.0,0.0,1.0,82.0,72.0,0.0
278,279,3.0,4.0,5.0,0.0,8.0,4.864018207998015,-2.5,15.0,0.26,color,orientation,size,0.22,15.5,20,male,0,2732.2163186670005,1,26,0.0,0.0,1.0,0.0,0.0,-1.0,83.0,73.0,0.0
279,280,3.0,5.0,4.0,0.0,8.0,4.5311350419979135,-70.0,15.0,0.18,color,orientation,size,0.22,15.5,20,male,0,2732.2163186670005,1,26,0.0,0.0,1.0,0.0,0.0,0.0,84.0,74.0,0.0
280,281,3.0,1.0,1.0,1.0,8.0,5.863764000001538,-83.5,2.0,0.26,color,orientation,size,0.22,15.5,20,male,0,2732.2163186670005,1,26,0.0,0.0,0.0,0.0,0.0,0.0,85.0,75.0,0.0
281,282,3.0,6.0,7.0,0.0,8.0,3.007121917002223,69.5,16.0,0.26,color,orientation,size,0.22,15.5,20,male,0,2732.2163186670005,0,26,0.0,0.0,1.0,0.0,0.0,1.0,86.0,76.0,0.0
282,283,3.0,0.0,0.0,1.0,8.0,2.480723417000263,-83.5,5.0,0.14,color,orientation,size,0.22,15.5,20,male,0,2732.2163186670005,1,26,0.0,0.0,0.0,0.0,0.0,-1.0,87.0,77.0,0.0
283,284,3.0,4.0,5.0,0.0,8.0,3.073635541997646,-47.5,19.0,0.4600000000000001,color,orientation,size,0.22,15.5,20,male,0,2732.2163186670005,0,26,0.0,0.0,1.0,0.0,0.0,1.0,88.0,78.0,0.0
284,285,3.0,4.0,4.0,1.0,8.0,3.746991332998732,-34.0,20.0,0.14,color,orientation,size,0.22,15.5,20,male,0,2732.2163186670005,1,26,0.0,0.0,0.0,0.0,0.0,-1.0,89.0,79.0,0.0
285,286,3.0,0.0,1.0,0.0,8.0,4.773770791998686,-16.0,12.0,0.22,color,orientation,size,0.22,15.5,20,male,0,2732.2163186670005,0,26,0.0,0.0,1.0,0.0,0.0,1.0,90.0,80.0,0.0
286,287,3.0,6.0,7.0,0.0,8.0,2.9846077500005777,42.5,22.0,0.42,color,orientation,size,0.22,15.5,20,male,0,2732.2163186670005,1,26,0.0,0.0,1.0,0.0,0.0,-1.0,91.0,81.0,0.0
287,288,3.0,6.0,7.0,0.0,8.0,15.963523665999674,20.0,15.0,0.4600000000000001,color,orientation,size,0.22,15.5,20,male,0,2732.2163186670005,1,26,0.0,0.0,1.0,0.0,0.0,0.0,92.0,82.0,0.0
288,289,3.0,4.0,5.0,0.0,8.0,2.980618540997966,-56.5,16.0,0.42,color,orientation,size,0.22,15.5,20,male,0,2732.2163186670005,1,26,0.0,0.0,1.0,0.0,0.0,0.0,93.0,83.0,0.0
289,290,3.0,2.0,3.0,0.0,8.0,4.613638457998604,29.0,1.0,0.4600000000000001,color,orientation,size,0.22,15.5,20,male,0,2732.2163186670005,1,26,0.0,0.0,1.0,0.0,0.0,0.0,94.0,84.0,0.0
290,291,3.0,6.0,3.0,0.0,8.0,2.995592666000448,20.0,6.0,0.26,color,orientation,size,0.22,15.5,20,male,0,2732.2163186670005,1,26,0.0,0.0,2.0,0.0,0.0,0.0,95.0,85.0,0.0
291,292,3.0,1.0,0.0,0.0,8.0,5.4632885419996455,-16.0,2.0,0.14,color,orientation,size,0.22,15.5,20,male,0,2732.2163186670005,1,26,0.0,0.0,1.0,0.0,0.0,-1.0,96.0,86.0,0.0
292,293,3.0,7.0,4.0,0.0,8.0,2.496804708000127,11.0,22.0,0.18,color,orientation,size,0.22,15.5,20,male,0,2732.2163186670005,1,26,0.0,0.0,2.0,0.0,0.0,1.0,97.0,87.0,0.0
293,294,3.0,2.0,3.0,0.0,8.0,10.9135592920029,15.5,3.0,0.26,color,orientation,size,0.22,15.5,20,male,0,2732.2163186670005,1,26,0.0,0.0,1.0,0.0,0.0,-1.0,98.0,88.0,0.0
294,295,3.0,1.0,1.0,1.0,8.0,7.598947041999054,-34.0,5.0,0.3,color,orientation,size,0.22,15.5,20,male,0,2732.2163186670005,1,26,0.0,0.0,0.0,0.0,0.0,1.0,99.0,89.0,0.0
295,296,3.0,4.0,4.0,1.0,8.0,4.507252499999595,-74.5,18.0,0.18,color,orientation,size,0.22,15.5,20,male,0,2732.2163186670005,0,26,0.0,0.0,0.0,0.0,0.0,1.0,100.0,90.0,0.0
296,297,3.0,0.0,1.0,0.0,8.0,5.573795500000415,-34.0,2.0,0.42,color,orientation,size,0.22,15.5,20,male,0,2732.2163186670005,0,26,0.0,0.0,1.0,0.0,0.0,0.0,101.0,91.0,0.0
297,298,3.0,0.0,0.0,1.0,8.0,2.412520666999626,-16.0,10.0,0.1,color,orientation,size,0.22,15.5,20,male,0,2732.2163186670005,1,26,0.0,0.0,0.0,0.0,0.0,-1.0,102.0,92.0,0.0
298,299,3.0,0.0,1.0,0.0,8.0,5.223975208999036,-34.0,7.0,0.3400000000000001,color,orientation,size,0.22,15.5,20,male,0,2732.2163186670005,0,26,0.0,0.0,1.0,0.0,0.0,1.0,103.0,93.0,0.0
299,300,3.0,4.0,5.0,0.0,8.0,3.562829916998453,-47.5,18.0,0.3400000000000001,color,orientation,size,0.22,15.5,20,male,0,2732.2163186670005,1,26,0.0,0.0,1.0,0.0,0.0,-1.0,104.0,94.0,0.0
300,301,3.0,0.0,1.0,0.0,8.0,3.3139980000014475,-11.5,8.0,0.38,color,orientation,size,0.22,15.5,20,male,0,2732.2163186670005,1,26,0.0,0.0,1.0,0.0,0.0,0.0,105.0,95.0,0.0
301,302,3.0,6.0,7.0,0.0,8.0,22.946219542001927,74.0,22.0,0.3400000000000001,color,orientation,size,0.22,15.5,20,male,0,2732.2163186670005,1,26,0.0,0.0,1.0,0.0,0.0,0.0,106.0,96.0,0.0
302,303,3.0,3.0,3.0,1.0,8.0,30.752480916999048,15.5,12.0,0.26,color,orientation,size,0.22,15.5,20,male,0,2732.2163186670005,1,26,0.0,0.0,0.0,0.0,0.0,0.0,107.0,97.0,0.0
303,304,3.0,3.0,2.0,0.0,8.0,3.7560554170013343,69.5,5.0,0.1,color,orientation,size,0.22,15.5,20,male,0,2732.2163186670005,0,26,0.0,0.0,1.0,0.0,0.0,1.0,108.0,98.0,0.0
304,305,3.0,4.0,5.0,0.0,8.0,2.843823333001638,-20.5,18.0,0.38,color,orientation,size,0.22,15.5,20,male,0,2732.2163186670005,1,26,0.0,0.0,1.0,0.0,0.0,-1.0,109.0,99.0,0.0
305,306,2.0,2.0,2.0,1.0,4.0,2.9662055829976453,-34.0,19.0,0.3400000000000001,color,orientation,size,0.22,15.5,20,male,0,2732.2163186670005,1,26,0.0,0.0,1.0,0.0,0.0,-1.0,110.0,0.0,1.0
306,307,2.0,3.0,3.0,1.0,4.0,1.3720766669976,69.5,24.0,0.1,color,orientation,size,0.22,15.5,20,male,0,2732.2163186670005,0,26,0.0,0.0,1.0,0.0,0.0,-1.0,111.0,0.0,2.0
307,308,2.0,0.0,0.0,1.0,4.0,1.1213463749991206,-74.5,2.0,0.42,color,orientation,size,0.22,15.5,20,male,0,2732.2163186670005,0,26,0.0,0.0,1.0,0.0,0.0,-1.0,112.0,0.0,3.0
308,309,2.0,3.0,3.0,1.0,4.0,1.9722359580009652,74.0,21.0,0.42,color,orientation,size,0.22,15.5,20,male,0,2732.2163186670005,0,26,0.0,0.0,1.0,0.0,0.0,-1.0,113.0,0.0,4.0
309,310,2.0,2.0,2.0,1.0,4.0,1.4390884580025158,-2.5,17.0,0.22,color,orientation,size,0.22,15.5,20,male,0,2732.2163186670005,0,26,0.0,0.0,1.0,0.0,0.0,-1.0,114.0,0.0,5.0
310,311,2.0,1.0,1.0,1.0,4.0,0.9720492079977704,42.5,11.0,0.42,color,orientation,size,0.22,15.5,20,male,0,2732.2163186670005,0,26,0.0,0.0,1.0,0.0,0.0,-1.0,115.0,0.0,6.0
311,312,2.0,2.0,2.0,1.0,4.0,1.5056132919999072,-38.5,14.0,0.3400000000000001,color,orientation,size,0.22,15.5,20,male,0,2732.2163186670005,0,26,0.0,0.0,1.0,0.0,0.0,-1.0,116.0,0.0,7.0
312,313,2.0,1.0,1.0,1.0,4.0,1.071581416999834,20.0,3.0,0.4600000000000001,color,orientation,size,0.22,15.5,20,male,0,2732.2163186670005,0,26,0.0,0.0,1.0,0.0,0.0,-1.0,117.0,0.0,8.0
313,314,2.0,2.0,2.0,1.0,4.0,1.0716373329996711,-61.0,18.0,0.3400000000000001,color,orientation,size,0.22,15.5,20,male,0,2732.2163186670005,0,26,0.0,0.0,1.0,0.0,0.0,-1.0,118.0,0.0,9.0
314,315,2.0,0.0,0.0,1.0,4.0,1.2055557080020662,-29.5,9.0,0.3400000000000001,color,orientation,size,0.22,15.5,20,male,0,2732.2163186670005,0,26,0.0,0.0,1.0,0.0,0.0,-1.0,119.0,0.0,10.0
315,316,3.0,1.0,0.0,0.0,8.0,3.530548499998986,-65.5,5.0,0.18,color,orientation,size,0.22,15.5,20,male,0,2732.2163186670005,1,26,0.0,0.0,1.0,0.0,0.0,0.0,120.0,1.0,0.0
316,317,3.0,1.0,0.0,0.0,8.0,3.1503493750024063,-83.5,2.0,0.18,color,orientation,size,0.22,15.5,20,male,0,2732.2163186670005,1,26,0.0,0.0,1.0,0.0,0.0,0.0,121.0,2.0,0.0
317,318,3.0,3.0,3.0,1.0,8.0,17.463355125000817,38.0,3.0,0.42,color,orientation,size,0.22,15.5,20,male,0,2732.2163186670005,1,26,0.0,0.0,0.0,0.0,0.0,0.0,122.0,3.0,0.0
318,319,3.0,3.0,0.0,0.0,8.0,8.424662833000184,2.0,2.0,0.14,color,orientation,size,0.22,15.5,20,male,0,2732.2163186670005,0,26,0.0,0.0,2.0,0.0,0.0,1.0,123.0,4.0,0.0
319,320,3.0,3.0,1.0,0.0,8.0,3.847656458998245,11.0,8.0,0.22,color,orientation,size,0.22,15.5,20,male,0,2732.2163186670005,1,26,0.0,0.0,1.0,0.0,0.0,-2.0,124.0,5.0,0.0
320,321,3.0,2.0,3.0,0.0,8.0,1.9455720000005383,87.5,2.0,0.4600000000000001,color,orientation,size,0.22,15.5,20,male,0,2732.2163186670005,1,26,0.0,0.0,1.0,0.0,0.0,1.0,125.0,6.0,0.0
321,322,3.0,3.0,2.0,0.0,8.0,5.8631549589990755,47.0,11.0,0.1,color,orientation,size,0.22,15.5,20,male,0,2732.2163186670005,1,26,0.0,0.0,1.0,0.0,0.0,0.0,126.0,7.0,0.0
322,323,3.0,3.0,7.0,0.0,8.0,24.65087900000071,29.0,20.0,0.26,color,orientation,size,0.22,15.5,20,male,0,2732.2163186670005,1,26,0.0,0.0,1.0,0.0,0.0,0.0,127.0,8.0,0.0
323,324,3.0,5.0,0.0,0.0,8.0,5.595816041000944,-88.0,11.0,0.18,color,orientation,size,0.22,15.5,20,male,0,2732.2163186670005,1,26,0.0,0.0,2.0,0.0,0.0,0.0,128.0,9.0,0.0
324,325,3.0,3.0,3.0,1.0,8.0,3.363915874997474,33.5,8.0,0.3,color,orientation,size,0.22,15.5,20,male,0,2732.2163186670005,1,26,0.0,0.0,0.0,0.0,0.0,-1.0,129.0,10.0,0.0
325,326,3.0,4.0,5.0,0.0,8.0,5.323868666997441,-25.0,14.0,0.38,color,orientation,size,0.22,15.5,20,male,0,2732.2163186670005,0,26,0.0,0.0,1.0,0.0,0.0,2.0,130.0,11.0,0.0
326,327,3.0,6.0,3.0,0.0,8.0,2.480016624998825,78.5,10.0,0.3,color,orientation,size,0.22,15.5,20,male,0,2732.2163186670005,1,26,0.0,0.0,2.0,0.0,0.0,-1.0,131.0,12.0,0.0
327,328,3.0,0.0,1.0,0.0,8.0,6.785341208000318,-56.5,7.0,0.38,color,orientation,size,0.22,15.5,20,male,0,2732.2163186670005,1,26,0.0,0.0,1.0,0.0,0.0,-1.0,132.0,13.0,0.0
328,329,3.0,0.0,1.0,0.0,8.0,6.34632504199908,-61.0,4.0,0.3400000000000001,color,orientation,size,0.22,15.5,20,male,0,2732.2163186670005,1,26,0.0,0.0,1.0,0.0,0.0,1.0,133.0,14.0,0.0
329,330,3.0,4.0,5.0,0.0,8.0,2.4460595839991583,-47.5,15.0,0.42,color,orientation,size,0.22,15.5,20,male,0,2732.2163186670005,1,26,0.0,0.0,1.0,0.0,0.0,0.0,134.0,15.0,0.0
330,331,3.0,3.0,2.0,0.0,8.0,2.883728124998015,24.5,9.0,0.18,color,orientation,size,0.22,15.5,20,male,0,2732.2163186670005,1,26,0.0,0.0,1.0,0.0,0.0,0.0,135.0,16.0,0.0
331,332,3.0,6.0,7.0,0.0,8.0,1.52886233299796,78.5,16.0,0.3,color,orientation,size,0.22,15.5,20,male,0,2732.2163186670005,1,26,0.0,0.0,1.0,0.0,0.0,0.0,136.0,17.0,0.0
332,333,3.0,0.0,1.0,0.0,8.0,15.130546665997826,-29.5,6.0,0.4600000000000001,color,orientation,size,0.22,15.5,20,male,0,2732.2163186670005,1,26,0.0,0.0,1.0,0.0,0.0,0.0,137.0,18.0,0.0
333,334,3.0,1.0,1.0,1.0,8.0,3.81264899999951,-29.5,3.0,0.38,color,orientation,size,0.22,15.5,20,male,0,2732.2163186670005,1,26,0.0,0.0,0.0,0.0,0.0,0.0,138.0,19.0,0.0
334,335,3.0,6.0,6.0,1.0,8.0,5.924463040999399,29.0,22.0,0.1,color,orientation,size,0.22,15.5,20,male,0,2732.2163186670005,0,26,0.0,0.0,0.0,0.0,0.0,1.0,139.0,20.0,0.0
335,336,3.0,6.0,7.0,0.0,8.0,5.574309750001703,20.0,20.0,0.3,color,orientation,size,0.22,15.5,20,male,0,2732.2163186670005,0,26,0.0,0.0,1.0,0.0,0.0,0.0,140.0,21.0,0.0
336,337,3.0,5.0,4.0,0.0,8.0,3.9623145000005024,-70.0,20.0,0.18,color,orientation,size,0.22,15.5,20,male,0,2732.2163186670005,1,26,0.0,0.0,1.0,0.0,0.0,-1.0,141.0,22.0,0.0
337,338,3.0,5.0,7.0,0.0,8.0,4.601755084000615,47.0,13.0,0.3400000000000001,color,orientation,size,0.22,15.5,20,male,0,2732.2163186670005,1,26,0.0,0.0,1.0,0.0,0.0,0.0,142.0,23.0,0.0
338,339,3.0,7.0,7.0,1.0,8.0,2.3789857499978098,24.5,24.0,0.26,color,orientation,size,0.22,15.5,20,male,0,2732.2163186670005,1,26,0.0,0.0,0.0,0.0,0.0,0.0,143.0,24.0,0.0
339,340,3.0,0.0,4.0,0.0,8.0,5.724621166998986,-20.5,13.0,0.1,color,orientation,size,0.22,15.5,20,male,0,2732.2163186670005,0,26,0.0,0.0,1.0,0.0,0.0,1.0,144.0,25.0,0.0
340,341,3.0,2.0,2.0,1.0,8.0,5.268032416999631,83.0,0.0,0.14,color,orientation,size,0.22,15.5,20,male,0,2732.2163186670005,1,26,0.0,0.0,0.0,0.0,0.0,-1.0,145.0,26.0,0.0
341,342,3.0,4.0,5.0,0.0,8.0,7.440460292000353,-61.0,23.0,0.42,color,orientation,size,0.22,15.5,20,male,0,2732.2163186670005,0,26,0.0,0.0,1.0,0.0,0.0,1.0,146.0,27.0,0.0
342,343,3.0,7.0,7.0,1.0,8.0,2.096999583001889,38.0,19.0,0.42,color,orientation,size,0.22,15.5,20,male,0,2732.2163186670005,1,26,0.0,0.0,0.0,0.0,0.0,-1.0,147.0,28.0,0.0
343,344,3.0,3.0,0.0,0.0,8.0,2.707053582998924,6.5,3.0,0.1,color,orientation,size,0.22,15.5,20,male,0,2732.2163186670005,0,26,0.0,0.0,2.0,0.0,0.0,1.0,148.0,29.0,0.0
344,345,3.0,6.0,7.0,0.0,8.0,2.330866666001384,78.5,22.0,0.4600000000000001,color,orientation,size,0.22,15.5,20,male,0,2732.2163186670005,1,26,0.0,0.0,1.0,0.0,0.0,-2.0,149.0,30.0,0.0
345,346,3.0,5.0,4.0,0.0,8.0,1.5629152500005148,-61.0,17.0,0.14,color,orientation,size,0.22,15.5,20,male,0,2732.2163186670005,1,26,0.0,0.0,1.0,0.0,0.0,1.0,150.0,31.0,0.0
346,347,3.0,3.0,3.0,1.0,8.0,1.5465329170001496,15.5,12.0,0.22,color,orientation,size,0.22,15.5,20,male,0,2732.2163186670005,1,26,0.0,0.0,0.0,0.0,0.0,0.0,151.0,32.0,0.0
347,348,3.0,7.0,7.0,1.0,8.0,9.39054404199851,51.5,13.0,0.3,color,orientation,size,0.22,15.5,20,male,0,2732.2163186670005,0,26,0.0,0.0,0.0,0.0,0.0,1.0,152.0,33.0,0.0
348,349,3.0,6.0,7.0,0.0,8.0,5.1404262089999975,15.5,14.0,0.22,color,orientation,size,0.22,15.5,20,male,0,2732.2163186670005,0,26,0.0,0.0,1.0,0.0,0.0,0.0,153.0,34.0,0.0
349,350,3.0,0.0,1.0,0.0,8.0,18.95134266700188,-11.5,2.0,0.3,color,orientation,size,0.22,15.5,20,male,0,2732.2163186670005,1,26,0.0,0.0,1.0,0.0,0.0,-1.0,154.0,35.0,0.0
350,351,3.0,4.0,5.0,0.0,8.0,5.845839999998134,-79.0,21.0,0.26,color,orientation,size,0.22,15.5,20,male,0,2732.2163186670005,1,26,0.0,0.0,1.0,0.0,0.0,0.0,155.0,36.0,0.0
351,352,3.0,1.0,0.0,0.0,8.0,2.545396459001495,-47.5,10.0,0.1,color,orientation,size,0.22,15.5,20,male,0,2732.2163186670005,1,26,0.0,0.0,1.0,0.0,0.0,0.0,156.0,37.0,0.0
352,353,3.0,6.0,6.0,1.0,8.0,1.3136166660005983,74.0,15.0,0.14,color,orientation,size,0.22,15.5,20,male,0,2732.2163186670005,1,26,0.0,0.0,0.0,0.0,0.0,0.0,157.0,38.0,0.0
353,354,3.0,7.0,7.0,1.0,8.0,3.190396042002249,74.0,24.0,0.38,color,orientation,size,0.22,15.5,20,male,0,2732.2163186670005,0,26,0.0,0.0,0.0,0.0,0.0,1.0,158.0,39.0,0.0
354,355,3.0,3.0,1.0,0.0,8.0,5.757175000002462,-16.0,9.0,0.26,color,orientation,size,0.22,15.5,20,male,0,2732.2163186670005,0,26,0.0,0.0,1.0,0.0,0.0,0.0,159.0,40.0,0.0
355,356,3.0,6.0,7.0,0.0,8.0,1.252502249997633,60.5,15.0,0.3400000000000001,color,orientation,size,0.22,15.5,20,male,0,2732.2163186670005,1,26,0.0,0.0,1.0,0.0,0.0,-1.0,160.0,41.0,0.0
356,357,3.0,2.0,3.0,0.0,8.0,2.0687320420001925,65.0,1.0,0.3,color,orientation,size,0.22,15.5,20,male,0,2732.2163186670005,1,26,0.0,0.0,1.0,0.0,0.0,0.0,161.0,42.0,0.0
357,358,3.0,2.0,2.0,1.0,8.0,2.6291694579995237,69.5,7.0,0.14,color,orientation,size,0.22,15.5,20,male,0,2732.2163186670005,1,26,0.0,0.0,0.0,0.0,0.0,0.0,162.0,43.0,0.0
358,359,3.0,7.0,7.0,1.0,8.0,2.3406546249971143,38.0,14.0,0.26,color,orientation,size,0.22,15.5,20,male,0,2732.2163186670005,0,26,0.0,0.0,0.0,0.0,0.0,1.0,163.0,44.0,0.0
359,360,3.0,2.0,2.0,1.0,8.0,3.7071215840005607,87.5,11.0,0.14,color,orientation,size,0.22,15.5,20,male,0,2732.2163186670005,0,26,0.0,0.0,0.0,0.0,0.0,0.0,164.0,45.0,0.0
360,361,3.0,0.0,1.0,0.0,8.0,3.457143957999506,-11.5,7.0,0.42,color,orientation,size,0.22,15.5,20,male,0,2732.2163186670005,0,26,0.0,0.0,1.0,0.0,0.0,0.0,165.0,46.0,0.0
361,362,3.0,4.0,4.0,1.0,8.0,1.94587141699958,-25.0,23.0,0.14,color,orientation,size,0.22,15.5,20,male,0,2732.2163186670005,1,26,0.0,0.0,0.0,0.0,0.0,-1.0,166.0,47.0,0.0
362,363,3.0,6.0,7.0,0.0,8.0,1.5236601670003438,42.5,24.0,0.4600000000000001,color,orientation,size,0.22,15.5,20,male,0,2732.2163186670005,0,26,0.0,0.0,1.0,0.0,0.0,1.0,167.0,48.0,0.0
363,364,3.0,7.0,3.0,0.0,8.0,1.246447916000761,29.0,6.0,0.22,color,orientation,size,0.22,15.5,20,male,0,2732.2163186670005,1,26,0.0,0.0,1.0,0.0,0.0,-1.0,168.0,49.0,0.0
364,365,3.0,6.0,6.0,1.0,8.0,1.7184732079986134,56.0,22.0,0.1,color,orientation,size,0.22,15.5,20,male,0,2732.2163186670005,1,26,0.0,0.0,0.0,0.0,0.0,0.0,169.0,50.0,0.0
365,366,3.0,2.0,3.0,0.0,8.0,1.9405415000001085,56.0,10.0,0.3400000000000001,color,orientation,size,0.22,15.5,20,male,0,2732.2163186670005,0,26,0.0,0.0,1.0,0.0,0.0,1.0,170.0,51.0,0.0
