,Trial_number,Chosen_castle,Chosen_location,Correct_location,Accuracy,Number_of_doors,RT,Current_orientation,Current_color,Current_size,First_feature,Second_feature,Third_feature,Participant_size,Participant_orientation,Participant_number,Participant_gender,Early_exit,Training_time,Meta_trial,Participant_age,PE_1,PE_2,PE_3,LP_1,LP_2,LP_3,Nov_1,Nov_2,Nov_3
0,1,3.0,1.0,4.0,0.0,8.0,4.074194400000124,2.0,2.0,0.4600000000000001,size,color,orientation,0.3,11.0,14,female,1,1926.8566840000003,1,24,0.0,0.0,0.0,0.0,0.0,0.0,99.0,99.0,0.0
1,2,3.0,4.0,5.0,0.0,8.0,4.332614300000387,29.0,6.0,0.4600000000000001,size,color,orientation,0.3,11.0,14,female,1,1926.8566840000003,1,24,0.0,0.0,1.0,0.0,0.0,0.0,100.0,100.0,0.0
2,3,3.0,6.0,1.0,0.0,8.0,4.665336699999898,42.5,0.0,0.14,size,color,orientation,0.3,11.0,14,female,1,1926.8566840000003,1,24,0.0,0.0,3.0,0.0,0.0,-1.0,101.0,101.0,0.0
3,4,3.0,6.0,0.0,0.0,8.0,4.799775200000113,-56.5,9.0,0.26,size,color,orientation,0.3,11.0,14,female,1,1926.8566840000003,1,24,0.0,0.0,2.0,0.0,0.0,-2.0,102.0,102.0,0.0
4,5,3.0,0.0,4.0,0.0,8.0,1.449249399999644,-52.0,11.0,0.42,size,color,orientation,0.3,11.0,14,female,1,1926.8566840000003,1,24,0.0,0.0,1.0,0.0,0.0,1.0,103.0,103.0,0.0
5,6,3.0,7.0,1.0,0.0,8.0,4.148895100000118,87.5,3.0,0.1,size,color,orientation,0.3,11.0,14,female,1,1926.8566840000003,1,24,0.0,0.0,2.0,0.0,0.0,1.0,104.0,104.0,0.0
6,7,3.0,3.0,5.0,0.0,8.0,3.316444000000047,83.0,0.0,0.3,size,color,orientation,0.3,11.0,14,female,1,1926.8566840000003,1,24,0.0,0.0,2.0,0.0,0.0,-1.0,105.0,105.0,0.0
7,8,3.0,5.0,2.0,0.0,8.0,6.565704000000551,-79.0,14.0,0.22,size,color,orientation,0.3,11.0,14,female,1,1926.8566840000003,1,24,0.0,0.0,3.0,0.0,0.0,0.0,106.0,106.0,0.0
8,9,3.0,6.0,1.0,0.0,8.0,3.8823246000001745,11.0,3.0,0.22,size,color,orientation,0.3,11.0,14,female,1,1926.8566840000003,1,24,0.0,0.0,3.0,0.0,0.0,-1.0,107.0,107.0,0.0
9,10,3.0,4.0,1.0,0.0,8.0,2.716483000000153,83.0,11.0,0.26,size,color,orientation,0.3,11.0,14,female,1,1926.8566840000003,1,24,0.0,0.0,2.0,0.0,0.0,0.0,108.0,108.0,0.0
10,11,3.0,6.0,6.0,1.0,8.0,2.265294800000447,-16.0,13.0,0.3400000000000001,size,color,orientation,0.3,11.0,14,female,1,1926.8566840000003,1,24,0.0,0.0,0.0,0.0,0.0,1.0,109.0,109.0,0.0
11,12,3.0,3.0,2.0,0.0,8.0,4.683630500000618,-65.5,16.0,0.26,size,color,orientation,0.3,11.0,14,female,1,1926.8566840000003,0,24,0.0,0.0,1.0,0.0,0.0,2.0,110.0,110.0,0.0
12,13,3.0,2.0,0.0,0.0,8.0,4.016172899999219,-25.0,4.0,0.14,size,color,orientation,0.3,11.0,14,female,1,1926.8566840000003,1,24,0.0,0.0,1.0,0.0,0.0,-1.0,111.0,111.0,0.0
13,14,3.0,4.0,6.0,0.0,8.0,7.315705900000467,-83.5,13.0,0.3400000000000001,size,color,orientation,0.3,11.0,14,female,1,1926.8566840000003,1,24,0.0,0.0,1.0,0.0,0.0,0.0,112.0,112.0,0.0
14,15,3.0,1.0,0.0,0.0,8.0,1.7157035000000178,-56.5,9.0,0.1,size,color,orientation,0.3,11.0,14,female,1,1926.8566840000003,1,24,0.0,0.0,1.0,0.0,0.0,0.0,113.0,113.0,0.0
15,16,3.0,5.0,0.0,0.0,8.0,8.931766799999423,-52.0,4.0,0.18,size,color,orientation,0.3,11.0,14,female,1,1926.8566840000003,1,24,0.0,0.0,2.0,0.0,0.0,0.0,114.0,114.0,0.0
16,17,3.0,2.0,6.0,0.0,8.0,2.5000757999996495,-47.5,24.0,0.3400000000000001,size,color,orientation,0.3,11.0,14,female,1,1926.8566840000003,1,24,0.0,0.0,1.0,0.0,0.0,-1.0,115.0,115.0,0.0
17,18,3.0,4.0,4.0,1.0,8.0,7.666703800000505,-16.0,3.0,0.4600000000000001,size,color,orientation,0.3,11.0,14,female,1,1926.8566840000003,1,24,0.0,0.0,0.0,0.0,0.0,1.0,116.0,116.0,0.0
18,19,3.0,3.0,6.0,0.0,8.0,1.8170036999999863,2.0,20.0,0.38,size,color,orientation,0.3,11.0,14,female,1,1926.8566840000003,0,24,0.0,0.0,2.0,0.0,0.0,1.0,117.0,117.0,0.0
19,20,3.0,3.0,0.0,0.0,8.0,10.015537499999482,-79.0,10.0,0.14,size,color,orientation,0.3,11.0,14,female,1,1926.8566840000003,1,24,0.0,0.0,2.0,0.0,0.0,-2.0,118.0,118.0,0.0
20,21,3.0,2.0,2.0,1.0,8.0,11.432942399999774,-47.5,15.0,0.22,size,color,orientation,0.3,11.0,14,female,1,1926.8566840000003,1,24,0.0,0.0,0.0,0.0,0.0,0.0,119.0,119.0,0.0
21,22,3.0,1.0,0.0,0.0,8.0,2.767334699999992,-16.0,10.0,0.1,size,color,orientation,0.3,11.0,14,female,1,1926.8566840000003,0,24,0.0,0.0,1.0,0.0,0.0,2.0,120.0,120.0,0.0
22,23,3.0,3.0,0.0,0.0,8.0,2.5481713999997737,-7.0,11.0,0.22,size,color,orientation,0.3,11.0,14,female,1,1926.8566840000003,1,24,0.0,0.0,2.0,0.0,0.0,-1.0,121.0,121.0,0.0
23,24,3.0,1.0,2.0,0.0,8.0,4.265702099999544,2.0,17.0,0.1,size,color,orientation,0.3,11.0,14,female,1,1926.8566840000003,1,24,0.0,0.0,2.0,0.0,0.0,-1.0,122.0,122.0,0.0
24,25,3.0,5.0,4.0,0.0,8.0,1.3323514000003345,-2.5,2.0,0.3,size,color,orientation,0.3,11.0,14,female,1,1926.8566840000003,1,24,0.0,0.0,1.0,0.0,0.0,0.0,123.0,123.0,0.0
25,26,3.0,0.0,0.0,1.0,8.0,2.583056000000397,-29.5,1.0,0.1,size,color,orientation,0.3,11.0,14,female,1,1926.8566840000003,1,24,0.0,0.0,0.0,0.0,0.0,1.0,124.0,124.0,0.0
26,27,3.0,1.0,1.0,1.0,8.0,1.7991891000001488,29.0,0.0,0.14,size,color,orientation,0.3,11.0,14,female,1,1926.8566840000003,0,24,0.0,0.0,0.0,0.0,0.0,1.0,125.0,125.0,0.0
27,28,3.0,6.0,5.0,0.0,8.0,3.2502410999995845,87.5,6.0,0.3400000000000001,size,color,orientation,0.3,11.0,14,female,1,1926.8566840000003,0,24,0.0,0.0,2.0,0.0,0.0,0.0,126.0,126.0,0.0
28,29,3.0,3.0,3.0,1.0,8.0,1.2488876999996137,20.0,21.0,0.18,size,color,orientation,0.3,11.0,14,female,1,1926.8566840000003,1,24,0.0,0.0,0.0,0.0,0.0,-2.0,127.0,127.0,0.0
29,30,3.0,4.0,1.0,0.0,8.0,1.4830283999999665,69.5,11.0,0.18,size,color,orientation,0.3,11.0,14,female,1,1926.8566840000003,0,24,0.0,0.0,2.0,0.0,0.0,2.0,128.0,128.0,0.0
30,31,3.0,6.0,0.0,0.0,8.0,1.7488733000000138,-88.0,10.0,0.22,size,color,orientation,0.3,11.0,14,female,1,1926.8566840000003,1,24,0.0,0.0,2.0,0.0,0.0,-2.0,129.0,129.0,0.0
31,32,3.0,0.0,1.0,0.0,8.0,2.1318179999998392,38.0,4.0,0.18,size,color,orientation,0.3,11.0,14,female,1,1926.8566840000003,1,24,0.0,0.0,1.0,0.0,0.0,0.0,130.0,130.0,0.0
32,33,3.0,0.0,3.0,0.0,8.0,1.6821875999994518,15.5,14.0,0.14,size,color,orientation,0.3,11.0,14,female,1,1926.8566840000003,1,24,0.0,0.0,2.0,0.0,0.0,1.0,131.0,131.0,0.0
33,34,3.0,4.0,6.0,0.0,8.0,2.999278100000083,-43.0,24.0,0.4600000000000001,size,color,orientation,0.3,11.0,14,female,1,1926.8566840000003,1,24,0.0,0.0,1.0,0.0,0.0,-1.0,132.0,132.0,0.0
34,35,3.0,6.0,5.0,0.0,8.0,1.482313499999691,74.0,5.0,0.3400000000000001,size,color,orientation,0.3,11.0,14,female,1,1926.8566840000003,1,24,0.0,0.0,2.0,0.0,0.0,1.0,133.0,133.0,0.0
35,36,3.0,6.0,4.0,0.0,8.0,1.4493634999998903,-56.5,6.0,0.3400000000000001,size,color,orientation,0.3,11.0,14,female,1,1926.8566840000003,1,24,0.0,0.0,1.0,0.0,0.0,-1.0,134.0,134.0,0.0
36,37,3.0,6.0,7.0,0.0,8.0,1.3158502999995108,56.0,17.0,0.42,size,color,orientation,0.3,11.0,14,female,1,1926.8566840000003,1,24,0.0,0.0,1.0,0.0,0.0,1.0,135.0,135.0,0.0
37,38,3.0,1.0,2.0,0.0,8.0,2.367002599999978,-25.0,22.0,0.18,size,color,orientation,0.3,11.0,14,female,1,1926.8566840000003,1,24,0.0,0.0,2.0,0.0,0.0,0.0,136.0,136.0,0.0
38,39,3.0,5.0,4.0,0.0,8.0,7.03300020000006,-2.5,9.0,0.42,size,color,orientation,0.3,11.0,14,female,1,1926.8566840000003,1,24,0.0,0.0,1.0,0.0,0.0,-1.0,137.0,137.0,0.0
39,40,3.0,3.0,0.0,0.0,8.0,3.2984551999998075,-65.5,1.0,0.26,size,color,orientation,0.3,11.0,14,female,1,1926.8566840000003,1,24,0.0,0.0,2.0,0.0,0.0,1.0,138.0,138.0,0.0
40,41,3.0,4.0,3.0,0.0,8.0,7.316031600000315,65.0,13.0,0.18,size,color,orientation,0.3,11.0,14,female,1,1926.8566840000003,1,24,0.0,0.0,3.0,0.0,0.0,-1.0,139.0,139.0,0.0
41,42,3.0,5.0,0.0,0.0,8.0,10.282923099999609,6.5,8.0,0.26,size,color,orientation,0.3,11.0,14,female,1,1926.8566840000003,1,24,0.0,0.0,2.0,0.0,0.0,-1.0,140.0,140.0,0.0
42,43,3.0,6.0,4.0,0.0,8.0,2.6491155000003346,-65.5,4.0,0.42,size,color,orientation,0.3,11.0,14,female,1,1926.8566840000003,1,24,0.0,0.0,1.0,0.0,0.0,1.0,141.0,141.0,0.0
43,44,3.0,0.0,2.0,0.0,8.0,2.014795199999753,-20.5,13.0,0.14,size,color,orientation,0.3,11.0,14,female,1,1926.8566840000003,1,24,0.0,0.0,1.0,0.0,0.0,1.0,142.0,142.0,0.0
44,45,3.0,6.0,6.0,1.0,8.0,2.1993760999994265,2.0,23.0,0.38,size,color,orientation,0.3,11.0,14,female,1,1926.8566840000003,1,24,0.0,0.0,0.0,0.0,0.0,0.0,143.0,143.0,0.0
45,46,3.0,4.0,4.0,1.0,8.0,1.583449100000507,-47.5,12.0,0.38,size,color,orientation,0.3,11.0,14,female,1,1926.8566840000003,0,24,0.0,0.0,0.0,0.0,0.0,1.0,144.0,144.0,0.0
46,47,3.0,0.0,0.0,1.0,8.0,2.9669174000000567,-43.0,11.0,0.1,size,color,orientation,0.3,11.0,14,female,1,1926.8566840000003,0,24,0.0,0.0,0.0,0.0,0.0,0.0,145.0,145.0,0.0
47,48,3.0,2.0,2.0,1.0,8.0,3.1834804999998596,-61.0,14.0,0.18,size,color,orientation,0.3,11.0,14,female,1,1926.8566840000003,0,24,0.0,0.0,0.0,0.0,0.0,0.0,146.0,146.0,0.0
48,49,3.0,5.0,5.0,1.0,8.0,1.866934200000287,60.5,8.0,0.3,size,color,orientation,0.3,11.0,14,female,1,1926.8566840000003,0,24,0.0,0.0,0.0,0.0,0.0,0.0,147.0,147.0,0.0
49,50,3.0,4.0,4.0,1.0,8.0,2.566242599999896,-38.5,11.0,0.42,size,color,orientation,0.3,11.0,14,female,1,1926.8566840000003,0,24,0.0,0.0,0.0,0.0,0.0,0.0,148.0,148.0,0.0
50,51,3.0,6.0,7.0,0.0,8.0,1.9841065999999048,24.5,21.0,0.4600000000000001,size,color,orientation,0.3,11.0,14,female,1,1926.8566840000003,0,24,0.0,0.0,1.0,0.0,0.0,0.0,149.0,149.0,0.0
51,52,3.0,0.0,1.0,0.0,8.0,1.348949499999435,38.0,4.0,0.1,size,color,orientation,0.3,11.0,14,female,1,1926.8566840000003,1,24,0.0,0.0,1.0,0.0,0.0,-1.0,150.0,150.0,0.0
52,53,3.0,5.0,5.0,1.0,8.0,2.5162063999996462,83.0,3.0,0.4600000000000001,size,color,orientation,0.3,11.0,14,female,1,1926.8566840000003,1,24,0.0,0.0,0.0,0.0,0.0,0.0,151.0,151.0,0.0
53,54,3.0,5.0,4.0,0.0,8.0,2.266290399999889,6.5,4.0,0.3,size,color,orientation,0.3,11.0,14,female,1,1926.8566840000003,0,24,0.0,0.0,1.0,0.0,0.0,1.0,152.0,152.0,0.0
54,55,3.0,6.0,6.0,1.0,8.0,1.5828920000003563,-56.5,24.0,0.38,size,color,orientation,0.3,11.0,14,female,1,1926.8566840000003,1,24,0.0,0.0,0.0,0.0,0.0,-1.0,153.0,153.0,0.0
55,56,3.0,4.0,4.0,1.0,8.0,1.4501607000001968,-47.5,2.0,0.3,size,color,orientation,0.3,11.0,14,female,1,1926.8566840000003,0,24,0.0,0.0,0.0,0.0,0.0,1.0,154.0,154.0,0.0
56,57,3.0,7.0,7.0,1.0,8.0,4.48345210000025,51.5,17.0,0.42,size,color,orientation,0.3,11.0,14,female,1,1926.8566840000003,0,24,0.0,0.0,0.0,0.0,0.0,0.0,155.0,155.0,0.0
57,58,3.0,3.0,1.0,0.0,8.0,1.8330747999998491,29.0,7.0,0.18,size,color,orientation,0.3,11.0,14,female,1,1926.8566840000003,0,24,0.0,0.0,1.0,0.0,0.0,0.0,156.0,156.0,0.0
58,59,3.0,5.0,5.0,1.0,8.0,2.5316695999999865,15.5,9.0,0.38,size,color,orientation,0.3,11.0,14,female,1,1926.8566840000003,1,24,0.0,0.0,0.0,0.0,0.0,-1.0,157.0,157.0,0.0
59,60,3.0,4.0,0.0,0.0,8.0,5.366779300000417,-20.5,10.0,0.22,size,color,orientation,0.3,11.0,14,female,1,1926.8566840000003,0,24,0.0,0.0,1.0,0.0,0.0,1.0,158.0,158.0,0.0
60,61,3.0,2.0,3.0,0.0,8.0,1.782562399999733,65.0,21.0,0.18,size,color,orientation,0.3,11.0,14,female,1,1926.8566840000003,1,24,0.0,0.0,1.0,0.0,0.0,-1.0,159.0,159.0,0.0
61,62,3.0,0.0,0.0,1.0,8.0,1.2657175000003915,-2.5,8.0,0.14,size,color,orientation,0.3,11.0,14,female,1,1926.8566840000003,1,24,0.0,0.0,0.0,0.0,0.0,0.0,160.0,160.0,0.0
62,63,3.0,6.0,6.0,1.0,8.0,2.0495680999993056,-56.5,17.0,0.4600000000000001,size,color,orientation,0.3,11.0,14,female,1,1926.8566840000003,0,24,0.0,0.0,0.0,0.0,0.0,1.0,161.0,161.0,0.0
63,64,3.0,5.0,5.0,1.0,8.0,2.5666779999992286,83.0,1.0,0.42,size,color,orientation,0.3,11.0,14,female,1,1926.8566840000003,0,24,0.0,0.0,0.0,0.0,0.0,0.0,162.0,162.0,0.0
64,65,3.0,5.0,5.0,1.0,8.0,1.099753000000419,78.5,3.0,0.4600000000000001,size,color,orientation,0.3,11.0,14,female,1,1926.8566840000003,0,24,0.0,0.0,0.0,0.0,0.0,0.0,163.0,163.0,0.0
65,66,3.0,0.0,2.0,0.0,8.0,3.667272900000171,-2.5,23.0,0.14,size,color,orientation,0.3,11.0,14,female,1,1926.8566840000003,0,24,0.0,0.0,1.0,0.0,0.0,0.0,164.0,164.0,0.0
66,67,3.0,4.0,1.0,0.0,8.0,3.2154952999999296,69.5,2.0,0.26,size,color,orientation,0.3,11.0,14,female,1,1926.8566840000003,1,24,0.0,0.0,2.0,0.0,0.0,-1.0,165.0,165.0,0.0
67,68,3.0,0.0,2.0,0.0,8.0,1.099913000000015,-2.5,23.0,0.14,size,color,orientation,0.3,11.0,14,female,1,1926.8566840000003,1,24,0.0,0.0,1.0,0.0,0.0,-1.0,166.0,166.0,0.0
68,69,3.0,1.0,1.0,1.0,8.0,2.215653100000054,74.0,11.0,0.26,size,color,orientation,0.3,11.0,14,female,1,1926.8566840000003,1,24,0.0,0.0,0.0,0.0,0.0,1.0,167.0,167.0,0.0
69,70,3.0,3.0,6.0,0.0,8.0,2.8158253999999943,-47.5,23.0,0.3,size,color,orientation,0.3,11.0,14,female,1,1926.8566840000003,0,24,0.0,0.0,2.0,0.0,0.0,1.0,168.0,168.0,0.0
70,71,3.0,6.0,6.0,1.0,8.0,1.3830594999999448,-16.0,18.0,0.3,size,color,orientation,0.3,11.0,14,female,1,1926.8566840000003,1,24,0.0,0.0,0.0,0.0,0.0,-2.0,169.0,169.0,0.0
71,72,3.0,2.0,2.0,1.0,8.0,4.116313100000298,-83.5,17.0,0.14,size,color,orientation,0.3,11.0,14,female,1,1926.8566840000003,0,24,0.0,0.0,0.0,0.0,0.0,2.0,170.0,170.0,0.0
72,73,3.0,0.0,0.0,1.0,8.0,1.916452599999502,-43.0,6.0,0.14,size,color,orientation,0.3,11.0,14,female,1,1926.8566840000003,0,24,0.0,0.0,0.0,0.0,0.0,0.0,171.0,171.0,0.0
73,74,3.0,4.0,7.0,0.0,8.0,2.1171109000006254,87.5,20.0,0.3,size,color,orientation,0.3,11.0,14,female,1,1926.8566840000003,0,24,0.0,0.0,2.0,0.0,0.0,0.0,172.0,172.0,0.0
74,75,3.0,6.0,6.0,1.0,8.0,0.8822350999998889,-61.0,13.0,0.42,size,color,orientation,0.3,11.0,14,female,1,1926.8566840000003,1,24,0.0,0.0,0.0,0.0,0.0,-2.0,173.0,173.0,0.0
75,76,3.0,3.0,3.0,1.0,8.0,1.6491676999994525,20.0,21.0,0.14,size,color,orientation,0.3,11.0,14,female,1,1926.8566840000003,0,24,0.0,0.0,0.0,0.0,0.0,2.0,174.0,174.0,0.0
76,77,3.0,7.0,7.0,1.0,8.0,2.066521200000352,15.5,24.0,0.42,size,color,orientation,0.3,11.0,14,female,1,1926.8566840000003,0,24,0.0,0.0,0.0,0.0,0.0,0.0,175.0,175.0,0.0
77,78,3.0,7.0,7.0,1.0,8.0,0.9338628999994398,15.5,24.0,0.3400000000000001,size,color,orientation,0.3,11.0,14,female,1,1926.8566840000003,0,24,0.0,0.0,0.0,0.0,0.0,0.0,176.0,176.0,0.0
78,79,3.0,5.0,1.0,0.0,8.0,2.9172662999999375,42.5,10.0,0.26,size,color,orientation,0.3,11.0,14,female,1,1926.8566840000003,0,24,0.0,0.0,1.0,0.0,0.0,0.0,177.0,177.0,0.0
79,80,3.0,6.0,6.0,1.0,8.0,1.132752900000014,-56.5,20.0,0.4600000000000001,size,color,orientation,0.3,11.0,14,female,1,1926.8566840000003,1,24,0.0,0.0,0.0,0.0,0.0,-1.0,178.0,178.0,0.0
80,81,3.0,6.0,6.0,1.0,8.0,0.5162559000000329,-79.0,15.0,0.38,size,color,orientation,0.3,11.0,14,female,1,1926.8566840000003,0,24,0.0,0.0,0.0,0.0,0.0,1.0,179.0,179.0,0.0
81,82,3.0,7.0,6.0,0.0,8.0,2.4331871000003957,2.0,19.0,0.42,size,color,orientation,0.3,11.0,14,female,1,1926.8566840000003,0,24,0.0,0.0,1.0,0.0,0.0,0.0,180.0,180.0,0.0
82,83,3.0,3.0,3.0,1.0,8.0,3.215093199999501,11.0,16.0,0.18,size,color,orientation,0.3,11.0,14,female,1,1926.8566840000003,1,24,0.0,0.0,0.0,0.0,0.0,-1.0,181.0,181.0,0.0
83,84,3.0,5.0,4.0,0.0,8.0,3.366071600000396,-16.0,1.0,0.3400000000000001,size,color,orientation,0.3,11.0,14,female,1,1926.8566840000003,0,24,0.0,0.0,1.0,0.0,0.0,1.0,182.0,182.0,0.0
84,85,3.0,0.0,0.0,1.0,8.0,2.765663000000131,-79.0,4.0,0.14,size,color,orientation,0.3,11.0,14,female,1,1926.8566840000003,1,24,0.0,0.0,0.0,0.0,0.0,-1.0,183.0,183.0,0.0
85,86,3.0,6.0,6.0,1.0,8.0,2.483546800000113,-16.0,16.0,0.38,size,color,orientation,0.3,11.0,14,female,1,1926.8566840000003,0,24,0.0,0.0,0.0,0.0,0.0,1.0,184.0,184.0,0.0
86,87,3.0,2.0,2.0,1.0,8.0,2.132872600000155,-38.5,14.0,0.14,size,color,orientation,0.3,11.0,14,female,1,1926.8566840000003,0,24,0.0,0.0,0.0,0.0,0.0,0.0,185.0,185.0,0.0
87,88,3.0,5.0,5.0,1.0,8.0,2.283017600000676,51.5,12.0,0.38,size,color,orientation,0.3,11.0,14,female,1,1926.8566840000003,0,24,0.0,0.0,0.0,0.0,0.0,0.0,186.0,186.0,0.0
88,89,3.0,7.0,7.0,1.0,8.0,3.03280470000027,20.0,19.0,0.3,size,color,orientation,0.3,11.0,14,female,1,1926.8566840000003,0,24,0.0,0.0,0.0,0.0,0.0,0.0,187.0,187.0,0.0
89,90,3.0,4.0,4.0,1.0,8.0,1.8665694000001167,-52.0,2.0,0.3400000000000001,size,color,orientation,0.3,11.0,14,female,1,1926.8566840000003,0,24,0.0,0.0,0.0,0.0,0.0,0.0,188.0,188.0,0.0
90,91,3.0,6.0,6.0,1.0,8.0,1.0496620000003531,-29.5,24.0,0.42,size,color,orientation,0.3,11.0,14,female,1,1926.8566840000003,0,24,0.0,0.0,0.0,0.0,0.0,0.0,189.0,189.0,0.0
91,92,3.0,7.0,7.0,1.0,8.0,1.133141600000272,69.5,21.0,0.4600000000000001,size,color,orientation,0.3,11.0,14,female,1,1926.8566840000003,0,24,0.0,0.0,0.0,0.0,0.0,0.0,190.0,190.0,0.0
92,93,3.0,5.0,5.0,1.0,8.0,1.882464600000276,83.0,0.0,0.38,size,color,orientation,0.3,11.0,14,female,1,1926.8566840000003,0,24,0.0,0.0,0.0,0.0,0.0,0.0,191.0,191.0,0.0
93,94,3.0,3.0,3.0,1.0,8.0,3.450103800000761,78.5,15.0,0.14,size,color,orientation,0.3,11.0,14,female,1,1926.8566840000003,0,24,0.0,0.0,0.0,0.0,0.0,0.0,192.0,192.0,0.0
94,95,2.0,2.0,2.0,1.0,4.0,7.6665187999997215,33.5,8.0,0.38,size,color,orientation,0.3,11.0,14,female,1,1926.8566840000003,1,24,0.0,0.0,0.0,0.0,0.0,0.0,193.0,0.0,1.0
95,96,2.0,1.0,1.0,1.0,4.0,0.7845353999991858,-70.0,19.0,0.1,size,color,orientation,0.3,11.0,14,female,1,1926.8566840000003,0,24,0.0,0.0,0.0,0.0,0.0,0.0,194.0,0.0,2.0
96,97,2.0,1.0,3.0,0.0,4.0,0.4990104999997129,-65.5,20.0,0.3400000000000001,size,color,orientation,0.3,11.0,14,female,1,1926.8566840000003,0,24,0.0,1.0,0.0,0.0,0.0,0.0,195.0,0.0,3.0
97,98,2.0,1.0,2.0,0.0,4.0,1.149833000000399,-43.0,7.0,0.4600000000000001,size,color,orientation,0.3,11.0,14,female,1,1926.8566840000003,1,24,0.0,2.0,0.0,0.0,-1.0,0.0,196.0,0.0,4.0
98,99,3.0,3.0,4.0,0.0,8.0,1.1822674000004554,-20.5,2.0,0.42,size,color,orientation,0.3,11.0,14,female,1,1926.8566840000003,1,24,0.0,2.0,3.0,0.0,-1.0,0.0,197.0,1.0,0.0
99,100,2.0,0.0,0.0,1.0,4.0,1.1660095999995974,24.5,0.0,0.1,size,color,orientation,0.3,11.0,14,female,1,1926.8566840000003,1,24,0.0,0.0,3.0,0.0,0.0,0.0,198.0,0.0,1.0
100,101,2.0,0.0,1.0,0.0,4.0,1.5498474000005444,29.0,20.0,0.18,size,color,orientation,0.3,11.0,14,female,1,1926.8566840000003,0,24,0.0,1.0,3.0,0.0,2.0,0.0,199.0,0.0,2.0
101,102,2.0,2.0,1.0,0.0,4.0,1.2993954000003214,-25.0,20.0,0.14,size,color,orientation,0.3,11.0,14,female,1,1926.8566840000003,1,24,0.0,2.0,3.0,0.0,-1.0,0.0,200.0,0.0,3.0
102,103,2.0,2.0,2.0,1.0,4.0,1.6155093999996095,11.0,1.0,0.3400000000000001,size,color,orientation,0.3,11.0,14,female,1,1926.8566840000003,1,24,0.0,0.0,3.0,0.0,-1.0,0.0,201.0,0.0,4.0
103,104,2.0,2.0,2.0,1.0,4.0,0.5002230999998574,20.0,12.0,0.38,size,color,orientation,0.3,11.0,14,female,1,1926.8566840000003,0,24,0.0,0.0,3.0,0.0,2.0,0.0,202.0,0.0,5.0
104,105,2.0,2.0,0.0,0.0,4.0,0.8000934000001507,56.0,5.0,0.18,size,color,orientation,0.3,11.0,14,female,1,1926.8566840000003,0,24,0.0,1.0,3.0,0.0,0.0,0.0,203.0,0.0,6.0
105,106,2.0,1.0,3.0,0.0,4.0,1.816333300000224,-29.5,13.0,0.38,size,color,orientation,0.3,11.0,14,female,1,1926.8566840000003,1,24,0.0,1.0,3.0,0.0,-1.0,0.0,204.0,0.0,7.0
106,107,2.0,1.0,3.0,0.0,4.0,1.898974000000635,51.5,21.0,0.3400000000000001,size,color,orientation,0.3,11.0,14,female,1,1926.8566840000003,1,24,0.0,1.0,3.0,0.0,0.0,0.0,205.0,0.0,8.0
107,108,2.0,2.0,2.0,1.0,4.0,1.5995646999999735,-43.0,0.0,0.3400000000000001,size,color,orientation,0.3,11.0,14,female,1,1926.8566840000003,1,24,0.0,0.0,3.0,0.0,0.0,0.0,206.0,0.0,9.0
108,109,2.0,0.0,2.0,0.0,4.0,1.2829207000004317,-7.0,5.0,0.4600000000000001,size,color,orientation,0.3,11.0,14,female,1,1926.8566840000003,0,24,0.0,1.0,3.0,0.0,1.0,0.0,207.0,0.0,10.0
109,110,2.0,1.0,1.0,1.0,4.0,1.5813606000001528,-29.5,18.0,0.22,size,color,orientation,0.3,11.0,14,female,1,1926.8566840000003,1,24,0.0,0.0,3.0,0.0,-1.0,0.0,208.0,0.0,11.0
110,111,2.0,2.0,1.0,0.0,4.0,1.7332366999999067,38.0,17.0,0.14,size,color,orientation,0.3,11.0,14,female,1,1926.8566840000003,0,24,0.0,2.0,3.0,0.0,1.0,0.0,209.0,0.0,12.0
111,112,2.0,1.0,3.0,0.0,4.0,1.0484252999995078,33.5,22.0,0.4600000000000001,size,color,orientation,0.3,11.0,14,female,1,1926.8566840000003,1,24,0.0,1.0,3.0,0.0,-2.0,0.0,210.0,0.0,13.0
112,113,2.0,2.0,0.0,0.0,4.0,4.2822190999995655,24.5,4.0,0.14,size,color,orientation,0.3,11.0,14,female,1,1926.8566840000003,1,24,0.0,1.0,3.0,0.0,1.0,0.0,211.0,0.0,14.0
113,114,2.0,3.0,3.0,1.0,4.0,3.599791199999345,-70.0,22.0,0.38,size,color,orientation,0.3,11.0,14,female,1,1926.8566840000003,1,24,0.0,0.0,3.0,0.0,0.0,0.0,212.0,0.0,15.0
114,115,2.0,1.0,0.0,0.0,4.0,3.93387470000016,-61.0,2.0,0.14,size,color,orientation,0.3,11.0,14,female,1,1926.8566840000003,0,24,0.0,1.0,3.0,0.0,1.0,0.0,213.0,0.0,16.0
115,116,2.0,2.0,2.0,1.0,4.0,1.8827135000001365,-7.0,11.0,0.4600000000000001,size,color,orientation,0.3,11.0,14,female,1,1926.8566840000003,1,24,0.0,0.0,3.0,0.0,-1.0,0.0,214.0,0.0,17.0
116,117,2.0,2.0,3.0,0.0,4.0,2.482784300000276,-11.5,19.0,0.3400000000000001,size,color,orientation,0.3,11.0,14,female,1,1926.8566840000003,0,24,0.0,1.0,3.0,0.0,1.0,0.0,215.0,0.0,18.0
117,118,2.0,1.0,1.0,1.0,4.0,1.6171666000000189,29.0,17.0,0.18,size,color,orientation,0.3,11.0,14,female,1,1926.8566840000003,1,24,0.0,0.0,3.0,0.0,-1.0,0.0,216.0,0.0,19.0
118,119,2.0,1.0,1.0,1.0,4.0,1.1328608000003442,29.0,14.0,0.22,size,color,orientation,0.3,11.0,14,female,1,1926.8566840000003,0,24,0.0,0.0,3.0,0.0,1.0,0.0,217.0,0.0,20.0
119,120,2.0,0.0,0.0,1.0,4.0,1.017119099999945,74.0,11.0,0.14,size,color,orientation,0.3,11.0,14,female,1,1926.8566840000003,0,24,0.0,0.0,3.0,0.0,0.0,0.0,218.0,0.0,21.0
120,121,2.0,3.0,3.0,1.0,4.0,1.7838646999998673,-56.5,17.0,0.3,size,color,orientation,0.3,11.0,14,female,1,1926.8566840000003,0,24,0.0,0.0,3.0,0.0,0.0,0.0,219.0,0.0,22.0
121,122,2.0,1.0,0.0,0.0,4.0,5.6500771999999415,-56.5,7.0,0.18,size,color,orientation,0.3,11.0,14,female,1,1926.8566840000003,0,24,0.0,1.0,3.0,0.0,0.0,0.0,220.0,0.0,23.0
122,123,2.0,1.0,1.0,1.0,4.0,1.6163117000005514,78.5,22.0,0.22,size,color,orientation,0.3,11.0,14,female,1,1926.8566840000003,1,24,0.0,0.0,3.0,0.0,-1.0,0.0,221.0,0.0,24.0
123,124,2.0,0.0,0.0,1.0,4.0,1.0168769000001705,69.5,10.0,0.22,size,color,orientation,0.3,11.0,14,female,1,1926.8566840000003,0,24,0.0,0.0,3.0,0.0,1.0,0.0,222.0,0.0,25.0
124,125,2.0,1.0,1.0,1.0,4.0,1.2833509000001868,-56.5,20.0,0.14,size,color,orientation,0.3,11.0,14,female,1,1926.8566840000003,0,24,0.0,0.0,3.0,0.0,0.0,0.0,223.0,0.0,26.0
125,126,2.0,1.0,1.0,1.0,4.0,1.350227900000391,-56.5,14.0,0.1,size,color,orientation,0.3,11.0,14,female,1,1926.8566840000003,0,24,0.0,0.0,3.0,0.0,0.0,0.0,224.0,0.0,27.0
126,127,2.0,0.0,0.0,1.0,4.0,0.91714520000005,56.0,5.0,0.14,size,color,orientation,0.3,11.0,14,female,1,1926.8566840000003,0,24,0.0,0.0,3.0,0.0,0.0,0.0,225.0,0.0,28.0
127,128,2.0,2.0,2.0,1.0,4.0,2.3335729000000356,2.0,0.0,0.3400000000000001,size,color,orientation,0.3,11.0,14,female,1,1926.8566840000003,0,24,0.0,0.0,3.0,0.0,0.0,0.0,226.0,0.0,29.0
128,129,2.0,1.0,1.0,1.0,4.0,2.000250600000072,-74.5,18.0,0.1,size,color,orientation,0.3,11.0,14,female,1,1926.8566840000003,0,24,0.0,0.0,3.0,0.0,0.0,0.0,227.0,0.0,30.0
129,130,2.0,2.0,0.0,0.0,4.0,4.450721500000327,47.0,2.0,0.26,size,color,orientation,0.3,11.0,14,female,1,1926.8566840000003,0,24,0.0,1.0,3.0,0.0,0.0,0.0,228.0,0.0,31.0
130,131,2.0,0.0,0.0,1.0,4.0,2.4827605000000403,87.5,2.0,0.18,size,color,orientation,0.3,11.0,14,female,1,1926.8566840000003,1,24,0.0,0.0,3.0,0.0,-1.0,0.0,229.0,0.0,32.0
131,132,2.0,0.0,0.0,1.0,4.0,0.9494472000005773,24.5,0.0,0.14,size,color,orientation,0.3,11.0,14,female,1,1926.8566840000003,0,24,0.0,0.0,3.0,0.0,1.0,0.0,230.0,0.0,33.0
132,133,2.0,2.0,2.0,1.0,4.0,2.4168487999995705,83.0,11.0,0.4600000000000001,size,color,orientation,0.3,11.0,14,female,1,1926.8566840000003,0,24,0.0,0.0,3.0,0.0,0.0,0.0,231.0,0.0,34.0
133,134,2.0,1.0,1.0,1.0,4.0,1.2007462999999916,15.5,23.0,0.14,size,color,orientation,0.3,11.0,14,female,1,1926.8566840000003,0,24,0.0,0.0,3.0,0.0,0.0,0.0,232.0,0.0,35.0
134,135,2.0,2.0,2.0,1.0,4.0,1.7157304000002114,-25.0,1.0,0.4600000000000001,size,color,orientation,0.3,11.0,14,female,1,1926.8566840000003,0,24,0.0,0.0,3.0,0.0,0.0,0.0,233.0,0.0,36.0
135,136,2.0,1.0,1.0,1.0,4.0,2.7335808999996516,-34.0,15.0,0.22,size,color,orientation,0.3,11.0,14,female,1,1926.8566840000003,0,24,0.0,0.0,3.0,0.0,0.0,0.0,234.0,0.0,37.0
136,137,2.0,1.0,1.0,1.0,4.0,0.9677127000004476,47.0,16.0,0.18,size,color,orientation,0.3,11.0,14,female,1,1926.8566840000003,0,24,0.0,0.0,3.0,0.0,0.0,0.0,235.0,0.0,38.0
137,138,2.0,0.0,2.0,0.0,4.0,2.283559200000127,33.5,9.0,0.3,size,color,orientation,0.3,11.0,14,female,1,1926.8566840000003,0,24,0.0,1.0,3.0,0.0,0.0,0.0,236.0,0.0,39.0
138,139,2.0,2.0,2.0,1.0,4.0,1.8655954000005297,87.5,0.0,0.38,size,color,orientation,0.3,11.0,14,female,1,1926.8566840000003,1,24,0.0,0.0,3.0,0.0,-1.0,0.0,237.0,0.0,40.0
139,140,2.0,0.0,0.0,1.0,4.0,1.2004759000001286,-11.5,2.0,0.1,size,color,orientation,0.3,11.0,14,female,1,1926.8566840000003,0,24,0.0,0.0,3.0,0.0,1.0,0.0,238.0,0.0,41.0
140,141,2.0,1.0,1.0,1.0,4.0,1.8002008000003116,47.0,24.0,0.26,size,color,orientation,0.3,11.0,14,female,1,1926.8566840000003,0,24,0.0,0.0,3.0,0.0,0.0,0.0,239.0,0.0,42.0
141,142,2.0,0.0,0.0,1.0,4.0,1.515866499999902,-65.5,3.0,0.1,size,color,orientation,0.3,11.0,14,female,1,1926.8566840000003,0,24,0.0,0.0,3.0,0.0,0.0,0.0,240.0,0.0,43.0
142,143,2.0,2.0,2.0,1.0,4.0,1.7171238999999332,78.5,9.0,0.42,size,color,orientation,0.3,11.0,14,female,1,1926.8566840000003,0,24,0.0,0.0,3.0,0.0,0.0,0.0,241.0,0.0,44.0
143,144,2.0,3.0,3.0,1.0,4.0,1.4823927000006734,56.0,23.0,0.3400000000000001,size,color,orientation,0.3,11.0,14,female,1,1926.8566840000003,0,24,0.0,0.0,3.0,0.0,0.0,0.0,242.0,0.0,45.0
144,145,2.0,2.0,2.0,1.0,4.0,1.549840800000311,6.5,5.0,0.4600000000000001,size,color,orientation,0.3,11.0,14,female,1,1926.8566840000003,0,24,0.0,0.0,3.0,0.0,0.0,0.0,243.0,0.0,46.0
145,146,2.0,2.0,2.0,1.0,4.0,5.0336714999994,11.0,1.0,0.3,size,color,orientation,0.3,11.0,14,female,1,1926.8566840000003,0,24,0.0,0.0,3.0,0.0,0.0,0.0,244.0,0.0,47.0
146,147,2.0,3.0,3.0,1.0,4.0,2.2331938999996055,-83.5,13.0,0.4600000000000001,size,color,orientation,0.3,11.0,14,female,1,1926.8566840000003,0,24,0.0,0.0,3.0,0.0,0.0,0.0,245.0,0.0,48.0
147,148,2.0,3.0,3.0,1.0,4.0,3.24984029999996,-38.5,17.0,0.3,size,color,orientation,0.3,11.0,14,female,1,1926.8566840000003,0,24,0.0,0.0,3.0,0.0,0.0,0.0,246.0,0.0,49.0
148,149,1.0,0.0,1.0,0.0,2.0,1.544162000000142,56.0,17.0,0.3400000000000001,size,color,orientation,0.3,11.0,14,female,1,1926.8566840000003,1,24,1.0,0.0,3.0,0.0,0.0,0.0,0.0,1.0,50.0
149,150,1.0,0.0,1.0,0.0,2.0,0.9780071000004682,20.0,12.0,0.38,size,color,orientation,0.3,11.0,14,female,1,1926.8566840000003,1,24,1.0,0.0,3.0,-1.0,0.0,0.0,0.0,2.0,51.0
150,151,1.0,0.0,0.0,1.0,2.0,1.4415312000000997,-79.0,8.0,0.1,size,color,orientation,0.3,11.0,14,female,1,1926.8566840000003,1,24,0.0,0.0,3.0,0.0,0.0,0.0,0.0,3.0,52.0
151,152,1.0,1.0,0.0,0.0,2.0,1.0166933000000429,74.0,19.0,0.18,size,color,orientation,0.3,11.0,14,female,1,1926.8566840000003,0,24,1.0,0.0,3.0,1.0,0.0,0.0,0.0,4.0,53.0
152,153,1.0,0.0,0.0,1.0,2.0,1.675794499999938,-56.5,23.0,0.14,size,color,orientation,0.3,11.0,14,female,1,1926.8566840000003,1,24,0.0,0.0,3.0,-1.0,0.0,0.0,0.0,5.0,54.0
153,154,1.0,1.0,0.0,0.0,2.0,2.7171761999998125,-56.5,16.0,0.26,size,color,orientation,0.3,11.0,14,female,1,1926.8566840000003,0,24,1.0,0.0,3.0,1.0,0.0,0.0,0.0,6.0,55.0
154,155,1.0,1.0,1.0,1.0,2.0,0.961475000000064,56.0,9.0,0.42,size,color,orientation,0.3,11.0,14,female,1,1926.8566840000003,1,24,0.0,0.0,3.0,-1.0,0.0,0.0,0.0,7.0,56.0
155,156,1.0,0.0,0.0,1.0,2.0,0.8837041999995563,2.0,24.0,0.1,size,color,orientation,0.3,11.0,14,female,1,1926.8566840000003,0,24,0.0,0.0,3.0,1.0,0.0,0.0,0.0,8.0,57.0
156,157,1.0,0.0,0.0,1.0,2.0,1.150505499999781,-88.0,9.0,0.14,size,color,orientation,0.3,11.0,14,female,1,1926.8566840000003,0,24,0.0,0.0,3.0,0.0,0.0,0.0,0.0,9.0,58.0
157,158,1.0,0.0,0.0,1.0,2.0,0.6837351000003764,-79.0,4.0,0.14,size,color,orientation,0.3,11.0,14,female,1,1926.8566840000003,0,24,0.0,0.0,3.0,0.0,0.0,0.0,0.0,10.0,59.0
158,159,1.0,0.0,0.0,1.0,2.0,0.8505838000000949,-20.5,14.0,0.14,size,color,orientation,0.3,11.0,14,female,1,1926.8566840000003,0,24,0.0,0.0,3.0,0.0,0.0,0.0,0.0,11.0,60.0
159,160,1.0,0.0,1.0,0.0,2.0,1.2503186000003552,-74.5,8.0,0.42,size,color,orientation,0.3,11.0,14,female,1,1926.8566840000003,0,24,1.0,0.0,3.0,0.0,0.0,0.0,0.0,12.0,61.0
160,161,1.0,0.0,0.0,1.0,2.0,0.662686599999688,15.5,23.0,0.1,size,color,orientation,0.3,11.0,14,female,1,1926.8566840000003,1,24,0.0,0.0,3.0,-1.0,0.0,0.0,0.0,13.0,62.0
161,162,1.0,0.0,0.0,1.0,2.0,0.767385899999681,33.5,9.0,0.14,size,color,orientation,0.3,11.0,14,female,1,1926.8566840000003,0,24,0.0,0.0,3.0,1.0,0.0,0.0,0.0,14.0,63.0
162,163,1.0,1.0,1.0,1.0,2.0,1.3849598999995578,6.5,7.0,0.4600000000000001,size,color,orientation,0.3,11.0,14,female,1,1926.8566840000003,0,24,0.0,0.0,3.0,0.0,0.0,0.0,0.0,15.0,64.0
163,164,1.0,0.0,0.0,1.0,2.0,1.16652619999968,24.5,4.0,0.14,size,color,orientation,0.3,11.0,14,female,1,1926.8566840000003,0,24,0.0,0.0,3.0,0.0,0.0,0.0,0.0,16.0,65.0
164,165,1.0,0.0,0.0,1.0,2.0,1.016672199999448,-7.0,7.0,0.18,size,color,orientation,0.3,11.0,14,female,1,1926.8566840000003,0,24,0.0,0.0,3.0,0.0,0.0,0.0,0.0,17.0,66.0
165,166,1.0,0.0,0.0,1.0,2.0,0.5664169000001493,-29.5,17.0,0.1,size,color,orientation,0.3,11.0,14,female,1,1926.8566840000003,0,24,0.0,0.0,3.0,0.0,0.0,0.0,0.0,18.0,67.0
166,167,1.0,0.0,0.0,1.0,2.0,0.733678499999769,-38.5,22.0,0.18,size,color,orientation,0.3,11.0,14,female,1,1926.8566840000003,0,24,0.0,0.0,3.0,0.0,0.0,0.0,0.0,19.0,68.0
167,168,1.0,0.0,0.0,1.0,2.0,1.416140099999211,51.5,5.0,0.26,size,color,orientation,0.3,11.0,14,female,1,1926.8566840000003,0,24,0.0,0.0,3.0,0.0,0.0,0.0,0.0,20.0,69.0
168,169,1.0,1.0,1.0,1.0,2.0,1.1521297999997842,47.0,3.0,0.38,size,color,orientation,0.3,11.0,14,female,1,1926.8566840000003,0,24,0.0,0.0,3.0,0.0,0.0,0.0,0.0,21.0,70.0
169,170,1.0,1.0,1.0,1.0,2.0,0.8497274999999718,-43.0,3.0,0.4600000000000001,size,color,orientation,0.3,11.0,14,female,1,1926.8566840000003,0,24,0.0,0.0,3.0,0.0,0.0,0.0,0.0,22.0,71.0
170,171,3.0,7.0,7.0,1.0,8.0,27.71626379999998,47.0,23.0,0.38,size,color,orientation,0.3,11.0,14,female,1,1926.8566840000003,1,24,0.0,0.0,0.0,0.0,0.0,0.0,1.0,23.0,0.0
171,172,3.0,2.0,2.0,1.0,8.0,2.733278199999404,-20.5,21.0,0.1,size,color,orientation,0.3,11.0,14,female,1,1926.8566840000003,0,24,0.0,0.0,0.0,0.0,0.0,3.0,2.0,24.0,0.0
172,173,3.0,0.0,0.0,1.0,8.0,1.3831831999996211,-61.0,5.0,0.14,size,color,orientation,0.3,11.0,14,female,1,1926.8566840000003,0,24,0.0,0.0,0.0,0.0,0.0,0.0,3.0,25.0,0.0
173,174,3.0,0.0,0.0,1.0,8.0,1.033994899999925,-74.5,12.0,0.1,size,color,orientation,0.3,11.0,14,female,1,1926.8566840000003,0,24,0.0,0.0,0.0,0.0,0.0,0.0,4.0,26.0,0.0
174,175,3.0,1.0,1.0,1.0,8.0,1.2990600000002814,11.0,8.0,0.14,size,color,orientation,0.3,11.0,14,female,1,1926.8566840000003,0,24,0.0,0.0,0.0,0.0,0.0,0.0,5.0,27.0,0.0
175,176,3.0,2.0,6.0,0.0,8.0,4.666200200000276,-16.0,16.0,0.3,size,color,orientation,0.3,11.0,14,female,1,1926.8566840000003,0,24,0.0,0.0,1.0,0.0,0.0,0.0,6.0,28.0,0.0
176,177,3.0,5.0,5.0,1.0,8.0,3.8990444000000934,20.0,8.0,0.3400000000000001,size,color,orientation,0.3,11.0,14,female,1,1926.8566840000003,1,24,0.0,0.0,0.0,0.0,0.0,-1.0,7.0,29.0,0.0
177,178,3.0,5.0,5.0,1.0,8.0,0.4832891000005475,15.5,8.0,0.3400000000000001,size,color,orientation,0.3,11.0,14,female,1,1926.8566840000003,0,24,0.0,0.0,0.0,0.0,0.0,1.0,8.0,30.0,0.0
178,179,3.0,1.0,1.0,1.0,8.0,1.516694599999937,29.0,1.0,0.14,size,color,orientation,0.3,11.0,14,female,1,1926.8566840000003,0,24,0.0,0.0,0.0,0.0,0.0,0.0,9.0,31.0,0.0
179,180,3.0,3.0,3.0,1.0,8.0,5.150247800000216,65.0,13.0,0.22,size,color,orientation,0.3,11.0,14,female,1,1926.8566840000003,0,24,0.0,0.0,0.0,0.0,0.0,0.0,10.0,32.0,0.0
180,181,3.0,2.0,2.0,1.0,8.0,1.0334816999993564,-16.0,13.0,0.14,size,color,orientation,0.3,11.0,14,female,1,1926.8566840000003,0,24,0.0,0.0,0.0,0.0,0.0,0.0,11.0,33.0,0.0
181,182,3.0,6.0,6.0,1.0,8.0,6.766685900000084,-52.0,20.0,0.38,size,color,orientation,0.3,11.0,14,female,1,1926.8566840000003,0,24,0.0,0.0,0.0,0.0,0.0,0.0,12.0,34.0,0.0
182,183,3.0,0.0,0.0,1.0,8.0,1.0499593999993522,-16.0,1.0,0.1,size,color,orientation,0.3,11.0,14,female,1,1926.8566840000003,0,24,0.0,0.0,0.0,0.0,0.0,0.0,13.0,35.0,0.0
183,184,3.0,0.0,0.0,1.0,8.0,0.6162184000004345,-52.0,9.0,0.1,size,color,orientation,0.3,11.0,14,female,1,1926.8566840000003,0,24,0.0,0.0,0.0,0.0,0.0,0.0,14.0,36.0,0.0
184,185,3.0,4.0,4.0,1.0,8.0,2.816799799999899,-20.5,7.0,0.3,size,color,orientation,0.3,11.0,14,female,1,1926.8566840000003,0,24,0.0,0.0,0.0,0.0,0.0,0.0,15.0,37.0,0.0
185,186,3.0,3.0,3.0,1.0,8.0,1.3996546999997008,51.5,22.0,0.14,size,color,orientation,0.3,11.0,14,female,1,1926.8566840000003,0,24,0.0,0.0,0.0,0.0,0.0,0.0,16.0,38.0,0.0
186,187,2.0,3.0,3.0,1.0,4.0,8.099326200000178,42.5,14.0,0.4600000000000001,size,color,orientation,0.3,11.0,14,female,1,1926.8566840000003,1,24,0.0,0.0,0.0,0.0,0.0,0.0,17.0,0.0,1.0
187,188,2.0,3.0,3.0,1.0,4.0,1.8161230999994584,87.5,18.0,0.3,size,color,orientation,0.3,11.0,14,female,1,1926.8566840000003,0,24,0.0,0.0,0.0,0.0,0.0,0.0,18.0,0.0,2.0
188,189,2.0,2.0,2.0,1.0,4.0,1.7334835000001476,-79.0,2.0,0.4600000000000001,size,color,orientation,0.3,11.0,14,female,1,1926.8566840000003,0,24,0.0,0.0,0.0,0.0,0.0,0.0,19.0,0.0,3.0
189,190,2.0,2.0,2.0,1.0,4.0,0.883631200000309,-20.5,6.0,0.4600000000000001,size,color,orientation,0.3,11.0,14,female,1,1926.8566840000003,0,24,0.0,0.0,0.0,0.0,0.0,0.0,20.0,0.0,4.0
190,191,2.0,3.0,3.0,1.0,4.0,1.533280399999967,83.0,19.0,0.4600000000000001,size,color,orientation,0.3,11.0,14,female,1,1926.8566840000003,0,24,0.0,0.0,0.0,0.0,0.0,0.0,21.0,0.0,5.0
191,192,2.0,2.0,2.0,1.0,4.0,0.9663992000005236,-83.5,3.0,0.3400000000000001,size,color,orientation,0.3,11.0,14,female,1,1926.8566840000003,0,24,0.0,0.0,0.0,0.0,0.0,0.0,22.0,0.0,6.0
192,193,2.0,0.0,0.0,1.0,4.0,2.2163571999999476,29.0,0.0,0.14,size,color,orientation,0.3,11.0,14,female,1,1926.8566840000003,0,24,0.0,0.0,0.0,0.0,0.0,0.0,23.0,0.0,7.0
193,194,2.0,3.0,3.0,1.0,4.0,2.099408900000526,6.5,15.0,0.4600000000000001,size,color,orientation,0.3,11.0,14,female,1,1926.8566840000003,0,24,0.0,0.0,0.0,0.0,0.0,0.0,24.0,0.0,8.0
194,195,2.0,3.0,3.0,1.0,4.0,1.5994701999998142,-61.0,13.0,0.4600000000000001,size,color,orientation,0.3,11.0,14,female,1,1926.8566840000003,0,24,0.0,0.0,0.0,0.0,0.0,0.0,25.0,0.0,9.0
195,196,2.0,1.0,1.0,1.0,4.0,2.984312200000204,-83.5,14.0,0.22,size,color,orientation,0.3,11.0,14,female,1,1926.8566840000003,0,24,0.0,0.0,0.0,0.0,0.0,0.0,26.0,0.0,10.0
196,197,1.0,1.0,1.0,1.0,2.0,3.4936888000002,-65.5,21.0,0.3400000000000001,size,color,orientation,0.3,11.0,14,female,1,1926.8566840000003,1,24,0.0,0.0,0.0,0.0,0.0,0.0,0.0,1.0,11.0
197,198,1.0,0.0,0.0,1.0,2.0,1.9685611000004428,74.0,4.0,0.22,size,color,orientation,0.3,11.0,14,female,1,1926.8566840000003,0,24,0.0,0.0,0.0,0.0,0.0,0.0,0.0,2.0,12.0
198,199,1.0,0.0,0.0,1.0,2.0,0.9324087000004512,78.5,14.0,0.22,size,color,orientation,0.3,11.0,14,female,1,1926.8566840000003,0,24,0.0,0.0,0.0,0.0,0.0,0.0,0.0,3.0,13.0
199,200,1.0,1.0,1.0,1.0,2.0,2.06795190000048,-16.0,17.0,0.3,size,color,orientation,0.3,11.0,14,female,1,1926.8566840000003,0,24,0.0,0.0,0.0,0.0,0.0,0.0,0.0,4.0,14.0
200,201,1.0,1.0,1.0,1.0,2.0,3.184314500000255,-11.5,20.0,0.38,size,color,orientation,0.3,11.0,14,female,1,1926.8566840000003,0,24,0.0,0.0,0.0,0.0,0.0,0.0,0.0,5.0,15.0
201,202,1.0,1.0,1.0,1.0,2.0,2.667874400000074,-61.0,20.0,0.3400000000000001,size,color,orientation,0.3,11.0,14,female,1,1926.8566840000003,0,24,0.0,0.0,0.0,0.0,0.0,0.0,0.0,6.0,16.0
202,203,1.0,0.0,0.0,1.0,2.0,1.2498295999994298,-74.5,16.0,0.22,size,color,orientation,0.3,11.0,14,female,1,1926.8566840000003,0,24,0.0,0.0,0.0,0.0,0.0,0.0,0.0,7.0,17.0
203,204,1.0,1.0,1.0,1.0,2.0,1.0340838000001895,65.0,18.0,0.42,size,color,orientation,0.3,11.0,14,female,1,1926.8566840000003,0,24,0.0,0.0,0.0,0.0,0.0,0.0,0.0,8.0,18.0
204,205,1.0,1.0,1.0,1.0,2.0,1.3326864999999088,-2.5,1.0,0.4600000000000001,size,color,orientation,0.3,11.0,14,female,1,1926.8566840000003,0,24,0.0,0.0,0.0,0.0,0.0,0.0,0.0,9.0,19.0
205,206,1.0,1.0,1.0,1.0,2.0,1.3662217000000965,-56.5,15.0,0.3,size,color,orientation,0.3,11.0,14,female,1,1926.8566840000003,0,24,0.0,0.0,0.0,0.0,0.0,0.0,0.0,10.0,20.0
206,207,1.0,0.0,0.0,1.0,2.0,2.044263200000387,-56.5,16.0,0.18,size,color,orientation,0.3,11.0,14,female,1,1926.8566840000003,1,24,0.0,0.0,0.0,0.0,0.0,0.0,0.0,11.0,21.0
207,208,1.0,0.0,0.0,1.0,2.0,0.6337929999999687,83.0,13.0,0.1,size,color,orientation,0.3,11.0,14,female,1,1926.8566840000003,0,24,0.0,0.0,0.0,0.0,0.0,0.0,0.0,12.0,22.0
208,209,1.0,1.0,1.0,1.0,2.0,0.7324784000002182,-29.5,4.0,0.4600000000000001,size,color,orientation,0.3,11.0,14,female,1,1926.8566840000003,0,24,0.0,0.0,0.0,0.0,0.0,0.0,0.0,13.0,23.0
209,210,1.0,1.0,1.0,1.0,2.0,0.3673109000001204,-83.5,1.0,0.4600000000000001,size,color,orientation,0.3,11.0,14,female,1,1926.8566840000003,0,24,0.0,0.0,0.0,0.0,0.0,0.0,0.0,14.0,24.0
210,211,1.0,0.0,0.0,1.0,2.0,0.7841742000000522,-7.0,19.0,0.1,size,color,orientation,0.3,11.0,14,female,1,1926.8566840000003,0,24,0.0,0.0,0.0,0.0,0.0,0.0,0.0,15.0,25.0
211,212,1.0,0.0,0.0,1.0,2.0,2.9671240000006947,20.0,3.0,0.22,size,color,orientation,0.3,11.0,14,female,1,1926.8566840000003,0,24,0.0,0.0,0.0,0.0,0.0,0.0,0.0,16.0,26.0
212,213,1.0,1.0,1.0,1.0,2.0,0.9000279999991108,33.5,21.0,0.3,size,color,orientation,0.3,11.0,14,female,1,1926.8566840000003,0,24,0.0,0.0,0.0,0.0,0.0,0.0,0.0,17.0,27.0
213,214,1.0,0.0,0.0,1.0,2.0,0.9508967000001576,24.5,11.0,0.14,size,color,orientation,0.3,11.0,14,female,1,1926.8566840000003,0,24,0.0,0.0,0.0,0.0,0.0,0.0,0.0,18.0,28.0
214,215,1.0,0.0,0.0,1.0,2.0,1.365705700000035,-38.5,1.0,0.26,size,color,orientation,0.3,11.0,14,female,1,1926.8566840000003,0,24,0.0,0.0,0.0,0.0,0.0,0.0,0.0,19.0,29.0
215,216,1.0,1.0,1.0,1.0,2.0,0.8178507000002355,60.5,12.0,0.38,size,color,orientation,0.3,11.0,14,female,1,1926.8566840000003,0,24,0.0,0.0,0.0,0.0,0.0,0.0,0.0,20.0,30.0
216,217,2.0,2.0,2.0,1.0,4.0,3.766608300000371,-47.5,2.0,0.4600000000000001,size,color,orientation,0.3,11.0,14,female,1,1926.8566840000003,1,24,0.0,0.0,0.0,0.0,0.0,0.0,1.0,0.0,31.0
217,218,2.0,1.0,1.0,1.0,4.0,1.2166868000003888,47.0,16.0,0.18,size,color,orientation,0.3,11.0,14,female,1,1926.8566840000003,0,24,0.0,0.0,0.0,0.0,0.0,0.0,2.0,0.0,32.0
218,219,2.0,0.0,0.0,1.0,4.0,1.0008947999995144,-65.5,9.0,0.1,size,color,orientation,0.3,11.0,14,female,1,1926.8566840000003,0,24,0.0,0.0,0.0,0.0,0.0,0.0,3.0,0.0,33.0
219,220,2.0,1.0,1.0,1.0,4.0,1.1490438000000722,-20.5,17.0,0.1,size,color,orientation,0.3,11.0,14,female,1,1926.8566840000003,0,24,0.0,0.0,0.0,0.0,0.0,0.0,4.0,0.0,34.0
220,221,2.0,2.0,2.0,1.0,4.0,1.9831225999996605,6.5,4.0,0.38,size,color,orientation,0.3,11.0,14,female,1,1926.8566840000003,0,24,0.0,0.0,0.0,0.0,0.0,0.0,5.0,0.0,35.0
221,222,2.0,2.0,2.0,1.0,4.0,7.649403499999608,87.5,4.0,0.3400000000000001,size,color,orientation,0.3,11.0,14,female,1,1926.8566840000003,0,24,0.0,0.0,0.0,0.0,0.0,0.0,6.0,0.0,36.0
222,223,2.0,2.0,2.0,1.0,4.0,1.4839265000000523,33.5,2.0,0.3400000000000001,size,color,orientation,0.3,11.0,14,female,1,1926.8566840000003,0,24,0.0,0.0,0.0,0.0,0.0,0.0,7.0,0.0,37.0
223,224,2.0,3.0,3.0,1.0,4.0,1.165978900000482,-7.0,13.0,0.4600000000000001,size,color,orientation,0.3,11.0,14,female,1,1926.8566840000003,0,24,0.0,0.0,0.0,0.0,0.0,0.0,8.0,0.0,38.0
224,225,2.0,1.0,1.0,1.0,4.0,2.8171427999996013,-83.5,18.0,0.22,size,color,orientation,0.3,11.0,14,female,1,1926.8566840000003,0,24,0.0,0.0,0.0,0.0,0.0,0.0,9.0,0.0,39.0
225,226,2.0,2.0,2.0,1.0,4.0,2.050314400000389,20.0,9.0,0.38,size,color,orientation,0.3,11.0,14,female,1,1926.8566840000003,0,24,0.0,0.0,0.0,0.0,0.0,0.0,10.0,0.0,40.0
226,227,3.0,2.0,2.0,1.0,8.0,5.031789299999218,-34.0,13.0,0.14,size,color,orientation,0.3,11.0,14,female,1,1926.8566840000003,1,24,0.0,0.0,0.0,0.0,0.0,0.0,11.0,1.0,0.0
227,228,3.0,2.0,2.0,1.0,8.0,5.233303700000761,-88.0,23.0,0.14,size,color,orientation,0.3,11.0,14,female,1,1926.8566840000003,0,24,0.0,0.0,0.0,0.0,0.0,0.0,12.0,2.0,0.0
228,229,3.0,1.0,1.0,1.0,8.0,1.1659811999998055,51.5,0.0,0.14,size,color,orientation,0.3,11.0,14,female,1,1926.8566840000003,0,24,0.0,0.0,0.0,0.0,0.0,0.0,13.0,3.0,0.0
229,230,3.0,2.0,2.0,1.0,8.0,1.0499632999999449,-83.5,16.0,0.1,size,color,orientation,0.3,11.0,14,female,1,1926.8566840000003,0,24,0.0,0.0,0.0,0.0,0.0,0.0,14.0,4.0,0.0
230,231,3.0,3.0,3.0,1.0,8.0,1.3162277999999787,65.0,16.0,0.14,size,color,orientation,0.3,11.0,14,female,1,1926.8566840000003,0,24,0.0,0.0,0.0,0.0,0.0,0.0,15.0,5.0,0.0
231,232,3.0,5.0,5.0,1.0,8.0,2.132297500000277,78.5,4.0,0.4600000000000001,size,color,orientation,0.3,11.0,14,female,1,1926.8566840000003,0,24,0.0,0.0,0.0,0.0,0.0,0.0,16.0,6.0,0.0
232,233,3.0,3.0,3.0,1.0,8.0,3.1830251999999746,65.0,19.0,0.26,size,color,orientation,0.3,11.0,14,female,1,1926.8566840000003,0,24,0.0,0.0,0.0,0.0,0.0,0.0,17.0,7.0,0.0
233,234,3.0,4.0,4.0,1.0,8.0,3.4331787000000986,-20.5,7.0,0.38,size,color,orientation,0.3,11.0,14,female,1,1926.8566840000003,0,24,0.0,0.0,0.0,0.0,0.0,0.0,18.0,8.0,0.0
234,235,3.0,0.0,0.0,1.0,8.0,2.715823300000011,-56.5,1.0,0.1,size,color,orientation,0.3,11.0,14,female,1,1926.8566840000003,0,24,0.0,0.0,0.0,0.0,0.0,0.0,19.0,9.0,0.0
235,236,3.0,2.0,2.0,1.0,8.0,2.4999955000002956,-65.5,24.0,0.22,size,color,orientation,0.3,11.0,14,female,1,1926.8566840000003,0,24,0.0,0.0,0.0,0.0,0.0,0.0,20.0,10.0,0.0
236,237,1.0,1.0,1.0,1.0,2.0,1.3448285000004034,29.0,0.0,0.42,size,color,orientation,0.3,11.0,14,female,1,1926.8566840000003,1,24,0.0,0.0,0.0,0.0,0.0,0.0,0.0,11.0,1.0
237,238,1.0,1.0,1.0,1.0,2.0,0.6168460999997478,60.5,6.0,0.42,size,color,orientation,0.3,11.0,14,female,1,1926.8566840000003,0,24,0.0,0.0,0.0,0.0,0.0,0.0,0.0,12.0,2.0
238,239,1.0,0.0,0.0,1.0,2.0,1.5507757000004858,-43.0,10.0,0.26,size,color,orientation,0.3,11.0,14,female,1,1926.8566840000003,0,24,0.0,0.0,0.0,0.0,0.0,0.0,0.0,13.0,3.0
239,240,1.0,0.0,0.0,1.0,2.0,0.6841468000002351,-65.5,23.0,0.14,size,color,orientation,0.3,11.0,14,female,1,1926.8566840000003,0,24,0.0,0.0,0.0,0.0,0.0,0.0,0.0,14.0,4.0
240,241,1.0,1.0,1.0,1.0,2.0,0.7839948999999251,74.0,8.0,0.42,size,color,orientation,0.3,11.0,14,female,1,1926.8566840000003,0,24,0.0,0.0,0.0,0.0,0.0,0.0,0.0,15.0,5.0
241,242,1.0,0.0,0.0,1.0,2.0,0.9998219999997672,-29.5,15.0,0.14,size,color,orientation,0.3,11.0,14,female,1,1926.8566840000003,0,24,0.0,0.0,0.0,0.0,0.0,0.0,0.0,16.0,6.0
242,243,1.0,1.0,1.0,1.0,2.0,1.1332123000001957,47.0,8.0,0.3,size,color,orientation,0.3,11.0,14,female,1,1926.8566840000003,0,24,0.0,0.0,0.0,0.0,0.0,0.0,0.0,17.0,7.0
243,244,1.0,0.0,0.0,1.0,2.0,3.784093899999789,-38.5,8.0,0.22,size,color,orientation,0.3,11.0,14,female,1,1926.8566840000003,0,24,0.0,0.0,0.0,0.0,0.0,0.0,0.0,18.0,8.0
244,245,1.0,1.0,1.0,1.0,2.0,1.3501101000001654,-38.5,21.0,0.3,size,color,orientation,0.3,11.0,14,female,1,1926.8566840000003,0,24,0.0,0.0,0.0,0.0,0.0,0.0,0.0,19.0,9.0
245,246,1.0,1.0,1.0,1.0,2.0,0.6167411999995238,47.0,2.0,0.42,size,color,orientation,0.3,11.0,14,female,1,1926.8566840000003,0,24,0.0,0.0,0.0,0.0,0.0,0.0,0.0,20.0,10.0
246,247,1.0,0.0,0.0,1.0,2.0,0.8619133000001966,-20.5,21.0,0.1,size,color,orientation,0.3,11.0,14,female,1,1926.8566840000003,1,24,0.0,0.0,0.0,0.0,0.0,0.0,0.0,21.0,11.0
247,248,1.0,0.0,0.0,1.0,2.0,0.6006025999995472,-47.5,5.0,0.1,size,color,orientation,0.3,11.0,14,female,1,1926.8566840000003,0,24,0.0,0.0,0.0,0.0,0.0,0.0,0.0,22.0,12.0
248,249,1.0,1.0,1.0,1.0,2.0,1.3172967999998946,51.5,11.0,0.3,size,color,orientation,0.3,11.0,14,female,1,1926.8566840000003,0,24,0.0,0.0,0.0,0.0,0.0,0.0,0.0,23.0,13.0
249,250,1.0,1.0,1.0,1.0,2.0,0.3998927000002368,-74.5,10.0,0.3400000000000001,size,color,orientation,0.3,11.0,14,female,1,1926.8566840000003,0,24,0.0,0.0,0.0,0.0,0.0,0.0,0.0,24.0,14.0
250,251,1.0,1.0,0.0,0.0,2.0,6.616630900000018,11.0,10.0,0.26,size,color,orientation,0.3,11.0,14,female,1,1926.8566840000003,0,24,1.0,0.0,0.0,0.0,0.0,0.0,0.0,25.0,15.0
251,252,1.0,1.0,1.0,1.0,2.0,0.9273859999993874,83.0,23.0,0.42,size,color,orientation,0.3,11.0,14,female,1,1926.8566840000003,1,24,0.0,0.0,0.0,-1.0,0.0,0.0,0.0,26.0,16.0
252,253,1.0,1.0,1.0,1.0,2.0,0.5494643000001815,-34.0,11.0,0.4600000000000001,size,color,orientation,0.3,11.0,14,female,1,1926.8566840000003,0,24,0.0,0.0,0.0,1.0,0.0,0.0,0.0,27.0,17.0
253,254,1.0,1.0,1.0,1.0,2.0,1.0497058000000834,-2.5,9.0,0.3400000000000001,size,color,orientation,0.3,11.0,14,female,1,1926.8566840000003,0,24,0.0,0.0,0.0,0.0,0.0,0.0,0.0,28.0,18.0
254,255,1.0,0.0,0.0,1.0,2.0,3.816616799999792,-16.0,15.0,0.26,size,color,orientation,0.3,11.0,14,female,1,1926.8566840000003,0,24,0.0,0.0,0.0,0.0,0.0,0.0,0.0,29.0,19.0
255,256,1.0,0.0,0.0,1.0,2.0,0.5008803000000626,42.5,2.0,0.22,size,color,orientation,0.3,11.0,14,female,1,1926.8566840000003,0,24,0.0,0.0,0.0,0.0,0.0,0.0,0.0,30.0,20.0
256,257,1.0,0.0,0.0,1.0,2.0,1.0177396999997654,-70.0,21.0,0.22,size,color,orientation,0.3,11.0,14,female,1,1926.8566840000003,0,24,0.0,0.0,0.0,0.0,0.0,0.0,0.0,31.0,21.0
257,258,1.0,0.0,0.0,1.0,2.0,0.5663068000003477,20.0,24.0,0.1,size,color,orientation,0.3,11.0,14,female,1,1926.8566840000003,0,24,0.0,0.0,0.0,0.0,0.0,0.0,0.0,32.0,22.0
258,259,1.0,1.0,1.0,1.0,2.0,1.1000659999999698,74.0,19.0,0.4600000000000001,size,color,orientation,0.3,11.0,14,female,1,1926.8566840000003,0,24,0.0,0.0,0.0,0.0,0.0,0.0,0.0,33.0,23.0
259,260,1.0,1.0,1.0,1.0,2.0,0.5500914999993256,74.0,21.0,0.3400000000000001,size,color,orientation,0.3,11.0,14,female,1,1926.8566840000003,0,24,0.0,0.0,0.0,0.0,0.0,0.0,0.0,34.0,24.0
260,261,1.0,1.0,1.0,1.0,2.0,0.4512294999994992,47.0,1.0,0.38,size,color,orientation,0.3,11.0,14,female,1,1926.8566840000003,0,24,0.0,0.0,0.0,0.0,0.0,0.0,0.0,35.0,25.0
261,262,2.0,1.0,1.0,1.0,4.0,3.049071299999923,-29.5,16.0,0.1,size,color,orientation,0.3,11.0,14,female,1,1926.8566840000003,1,24,0.0,0.0,0.0,0.0,0.0,0.0,1.0,0.0,26.0
262,263,2.0,0.0,0.0,1.0,4.0,1.0835650999997597,-52.0,0.0,0.14,size,color,orientation,0.3,11.0,14,female,1,1926.8566840000003,0,24,0.0,0.0,0.0,0.0,0.0,0.0,2.0,0.0,27.0
263,264,2.0,2.0,2.0,1.0,4.0,1.4003677000000607,56.0,8.0,0.42,size,color,orientation,0.3,11.0,14,female,1,1926.8566840000003,0,24,0.0,0.0,0.0,0.0,0.0,0.0,3.0,0.0,28.0
264,265,2.0,2.0,2.0,1.0,4.0,1.7837894999993296,-74.5,5.0,0.42,size,color,orientation,0.3,11.0,14,female,1,1926.8566840000003,0,24,0.0,0.0,0.0,0.0,0.0,0.0,4.0,0.0,29.0
265,266,2.0,3.0,3.0,1.0,4.0,2.566348999999718,-2.5,15.0,0.3400000000000001,size,color,orientation,0.3,11.0,14,female,1,1926.8566840000003,0,24,0.0,0.0,0.0,0.0,0.0,0.0,5.0,0.0,30.0
266,267,2.0,0.0,0.0,1.0,4.0,1.5498078000000532,20.0,11.0,0.1,size,color,orientation,0.3,11.0,14,female,1,1926.8566840000003,0,24,0.0,0.0,0.0,0.0,0.0,0.0,6.0,0.0,31.0
267,268,2.0,0.0,0.0,1.0,4.0,1.949590499999431,69.5,5.0,0.26,size,color,orientation,0.3,11.0,14,female,1,1926.8566840000003,0,24,0.0,0.0,0.0,0.0,0.0,0.0,7.0,0.0,32.0
268,269,2.0,0.0,0.0,1.0,4.0,0.6836899999998423,-11.5,5.0,0.14,size,color,orientation,0.3,11.0,14,female,1,1926.8566840000003,0,24,0.0,0.0,0.0,0.0,0.0,0.0,8.0,0.0,33.0
269,270,2.0,0.0,0.0,1.0,4.0,0.5498670999995738,-34.0,10.0,0.1,size,color,orientation,0.3,11.0,14,female,1,1926.8566840000003,0,24,0.0,0.0,0.0,0.0,0.0,0.0,9.0,0.0,34.0
270,271,2.0,1.0,1.0,1.0,4.0,0.9165931999996246,-65.5,22.0,0.1,size,color,orientation,0.3,11.0,14,female,1,1926.8566840000003,0,24,0.0,0.0,0.0,0.0,0.0,0.0,10.0,0.0,35.0
271,272,2.0,1.0,1.0,1.0,4.0,2.349423800000295,-83.5,16.0,0.1,size,color,orientation,0.3,11.0,14,female,1,1926.8566840000003,1,24,0.0,0.0,0.0,0.0,0.0,0.0,11.0,0.0,36.0
272,273,2.0,2.0,2.0,1.0,4.0,1.9326522999999725,-74.5,0.0,0.4600000000000001,size,color,orientation,0.3,11.0,14,female,1,1926.8566840000003,0,24,0.0,0.0,0.0,0.0,0.0,0.0,12.0,0.0,37.0
273,274,2.0,1.0,1.0,1.0,4.0,1.86599969999952,20.0,13.0,0.14,size,color,orientation,0.3,11.0,14,female,1,1926.8566840000003,0,24,0.0,0.0,0.0,0.0,0.0,0.0,13.0,0.0,38.0
274,275,2.0,0.0,0.0,1.0,4.0,1.2001781999997547,83.0,3.0,0.14,size,color,orientation,0.3,11.0,14,female,1,1926.8566840000003,0,24,0.0,0.0,0.0,0.0,0.0,0.0,14.0,0.0,39.0
275,276,2.0,0.0,0.0,1.0,4.0,0.533613399999922,20.0,11.0,0.1,size,color,orientation,0.3,11.0,14,female,1,1926.8566840000003,0,24,0.0,0.0,0.0,0.0,0.0,0.0,15.0,0.0,40.0
276,277,2.0,1.0,1.0,1.0,4.0,1.0664591999993718,-52.0,16.0,0.1,size,color,orientation,0.3,11.0,14,female,1,1926.8566840000003,0,24,0.0,0.0,0.0,0.0,0.0,0.0,16.0,0.0,41.0
277,278,2.0,3.0,3.0,1.0,4.0,1.8492770000002563,-11.5,16.0,0.38,size,color,orientation,0.3,11.0,14,female,1,1926.8566840000003,0,24,0.0,0.0,0.0,0.0,0.0,0.0,17.0,0.0,42.0
278,279,2.0,1.0,1.0,1.0,4.0,1.4166411999995034,83.0,22.0,0.1,size,color,orientation,0.3,11.0,14,female,1,1926.8566840000003,0,24,0.0,0.0,0.0,0.0,0.0,0.0,18.0,0.0,43.0
279,280,2.0,2.0,2.0,1.0,4.0,2.350035200000093,11.0,9.0,0.3,size,color,orientation,0.3,11.0,14,female,1,1926.8566840000003,0,24,0.0,0.0,0.0,0.0,0.0,0.0,19.0,0.0,44.0
280,281,2.0,0.0,0.0,1.0,4.0,4.7502098999993905,-2.5,12.0,0.22,size,color,orientation,0.3,11.0,14,female,1,1926.8566840000003,0,24,0.0,0.0,0.0,0.0,0.0,0.0,20.0,0.0,45.0
281,282,3.0,2.0,2.0,1.0,8.0,3.998497900000075,-88.0,18.0,0.18,size,color,orientation,0.3,11.0,14,female,1,1926.8566840000003,1,24,0.0,0.0,0.0,0.0,0.0,0.0,21.0,1.0,0.0
282,283,3.0,2.0,2.0,1.0,8.0,0.8001102999996874,-79.0,17.0,0.18,size,color,orientation,0.3,11.0,14,female,1,1926.8566840000003,0,24,0.0,0.0,0.0,0.0,0.0,0.0,22.0,2.0,0.0
283,284,3.0,1.0,1.0,1.0,8.0,1.8155182999998944,11.0,5.0,0.1,size,color,orientation,0.3,11.0,14,female,1,1926.8566840000003,0,24,0.0,0.0,0.0,0.0,0.0,0.0,23.0,3.0,0.0
284,285,3.0,5.0,4.0,0.0,8.0,2.98355360000005,6.5,7.0,0.3400000000000001,size,color,orientation,0.3,11.0,14,female,1,1926.8566840000003,0,24,0.0,0.0,1.0,0.0,0.0,0.0,24.0,4.0,0.0
285,286,3.0,2.0,2.0,1.0,8.0,3.717201899999963,-38.5,19.0,0.18,size,color,orientation,0.3,11.0,14,female,1,1926.8566840000003,1,24,0.0,0.0,0.0,0.0,0.0,-1.0,25.0,5.0,0.0
286,287,3.0,7.0,7.0,1.0,8.0,5.783877500000017,51.5,21.0,0.3,size,color,orientation,0.3,11.0,14,female,1,1926.8566840000003,0,24,0.0,0.0,0.0,0.0,0.0,1.0,26.0,6.0,0.0
287,288,3.0,4.0,4.0,1.0,8.0,2.5169708000003084,-47.5,6.0,0.3400000000000001,size,color,orientation,0.3,11.0,14,female,1,1926.8566840000003,0,24,0.0,0.0,0.0,0.0,0.0,0.0,27.0,7.0,0.0
288,289,3.0,5.0,1.0,0.0,8.0,1.833745299999464,38.0,12.0,0.26,size,color,orientation,0.3,11.0,14,female,1,1926.8566840000003,0,24,0.0,0.0,1.0,0.0,0.0,0.0,28.0,8.0,0.0
289,290,3.0,5.0,5.0,1.0,8.0,2.366321399999834,78.5,11.0,0.4600000000000001,size,color,orientation,0.3,11.0,14,female,1,1926.8566840000003,1,24,0.0,0.0,0.0,0.0,0.0,-1.0,29.0,9.0,0.0
290,291,3.0,2.0,2.0,1.0,8.0,2.3166988000002675,-47.5,20.0,0.14,size,color,orientation,0.3,11.0,14,female,1,1926.8566840000003,0,24,0.0,0.0,0.0,0.0,0.0,1.0,30.0,10.0,0.0
291,292,3.0,4.0,4.0,1.0,8.0,5.217037800000071,-70.0,12.0,0.38,size,color,orientation,0.3,11.0,14,female,1,1926.8566840000003,0,24,0.0,0.0,0.0,0.0,0.0,0.0,31.0,11.0,0.0
292,293,3.0,7.0,7.0,1.0,8.0,2.18322309999985,38.0,17.0,0.3,size,color,orientation,0.3,11.0,14,female,1,1926.8566840000003,0,24,0.0,0.0,0.0,0.0,0.0,0.0,32.0,12.0,0.0
293,294,3.0,6.0,6.0,1.0,8.0,2.0176968000005218,-88.0,22.0,0.42,size,color,orientation,0.3,11.0,14,female,1,1926.8566840000003,0,24,0.0,0.0,0.0,0.0,0.0,0.0,33.0,13.0,0.0
294,295,3.0,6.0,6.0,1.0,8.0,4.5835135999996055,2.0,16.0,0.38,size,color,orientation,0.3,11.0,14,female,1,1926.8566840000003,0,24,0.0,0.0,0.0,0.0,0.0,0.0,34.0,14.0,0.0
295,296,3.0,1.0,1.0,1.0,8.0,4.432431899999756,24.5,11.0,0.22,size,color,orientation,0.3,11.0,14,female,1,1926.8566840000003,0,24,0.0,0.0,0.0,0.0,0.0,0.0,35.0,15.0,0.0
296,297,3.0,7.0,7.0,1.0,8.0,3.9335971000000423,24.5,18.0,0.3400000000000001,size,color,orientation,0.3,11.0,14,female,1,1926.8566840000003,0,24,0.0,0.0,0.0,0.0,0.0,0.0,36.0,16.0,0.0
297,298,3.0,7.0,7.0,1.0,8.0,1.5330414999998538,83.0,24.0,0.42,size,color,orientation,0.3,11.0,14,female,1,1926.8566840000003,0,24,0.0,0.0,0.0,0.0,0.0,0.0,37.0,17.0,0.0
298,299,3.0,0.0,0.0,1.0,8.0,2.4353797000003397,-7.0,1.0,0.18,size,color,orientation,0.3,11.0,14,female,1,1926.8566840000003,0,24,0.0,0.0,0.0,0.0,0.0,0.0,38.0,18.0,0.0
299,300,3.0,6.0,6.0,1.0,8.0,3.914832600000409,-61.0,13.0,0.3400000000000001,size,color,orientation,0.3,11.0,14,female,1,1926.8566840000003,1,24,0.0,0.0,0.0,0.0,0.0,0.0,39.0,19.0,0.0
300,301,3.0,4.0,4.0,1.0,8.0,3.433700100000351,-11.5,11.0,0.3,size,color,orientation,0.3,11.0,14,female,1,1926.8566840000003,0,24,0.0,0.0,0.0,0.0,0.0,0.0,40.0,20.0,0.0
301,302,3.0,6.0,6.0,1.0,8.0,3.650187900000674,-2.5,17.0,0.3,size,color,orientation,0.3,11.0,14,female,1,1926.8566840000003,0,24,0.0,0.0,0.0,0.0,0.0,0.0,41.0,21.0,0.0
302,303,3.0,5.0,5.0,1.0,8.0,1.3669302999996944,33.5,1.0,0.3,size,color,orientation,0.3,11.0,14,female,1,1926.8566840000003,0,24,0.0,0.0,0.0,0.0,0.0,0.0,42.0,22.0,0.0
303,304,3.0,3.0,3.0,1.0,8.0,3.533551599999555,83.0,21.0,0.18,size,color,orientation,0.3,11.0,14,female,1,1926.8566840000003,0,24,0.0,0.0,0.0,0.0,0.0,0.0,43.0,23.0,0.0
304,305,3.0,1.0,1.0,1.0,8.0,1.1499746999998024,47.0,1.0,0.18,size,color,orientation,0.3,11.0,14,female,1,1926.8566840000003,0,24,0.0,0.0,0.0,0.0,0.0,0.0,44.0,24.0,0.0
305,306,3.0,1.0,1.0,1.0,8.0,3.49945789999947,78.5,9.0,0.22,size,color,orientation,0.3,11.0,14,female,1,1926.8566840000003,0,24,0.0,0.0,0.0,0.0,0.0,0.0,45.0,25.0,0.0
306,307,3.0,6.0,6.0,1.0,8.0,3.134307700000136,-16.0,13.0,0.38,size,color,orientation,0.3,11.0,14,female,1,1926.8566840000003,0,24,0.0,0.0,0.0,0.0,0.0,0.0,46.0,26.0,0.0
307,308,3.0,7.0,7.0,1.0,8.0,1.000559500000236,56.0,13.0,0.4600000000000001,size,color,orientation,0.3,11.0,14,female,1,1926.8566840000003,0,24,0.0,0.0,0.0,0.0,0.0,0.0,47.0,27.0,0.0
308,309,3.0,1.0,1.0,1.0,8.0,2.6839262000003146,47.0,11.0,0.18,size,color,orientation,0.3,11.0,14,female,1,1926.8566840000003,0,24,0.0,0.0,0.0,0.0,0.0,0.0,48.0,28.0,0.0
309,310,2.0,0.0,0.0,1.0,4.0,5.466764200000398,60.5,0.0,0.26,size,color,orientation,0.3,11.0,14,female,1,1926.8566840000003,1,24,0.0,0.0,0.0,0.0,0.0,0.0,49.0,0.0,1.0
310,311,2.0,1.0,1.0,1.0,4.0,1.0662530999998123,-74.5,22.0,0.22,size,color,orientation,0.3,11.0,14,female,1,1926.8566840000003,0,24,0.0,0.0,0.0,0.0,0.0,0.0,50.0,0.0,2.0
311,312,2.0,3.0,3.0,1.0,4.0,2.4505093000007037,38.0,16.0,0.38,size,color,orientation,0.3,11.0,14,female,1,1926.8566840000003,0,24,0.0,0.0,0.0,0.0,0.0,0.0,51.0,0.0,3.0
312,313,2.0,3.0,3.0,1.0,4.0,1.5003734000001714,-43.0,13.0,0.3400000000000001,size,color,orientation,0.3,11.0,14,female,1,1926.8566840000003,0,24,0.0,0.0,0.0,0.0,0.0,0.0,52.0,0.0,4.0
313,314,2.0,1.0,1.0,1.0,4.0,3.117254900000262,11.0,17.0,0.26,size,color,orientation,0.3,11.0,14,female,1,1926.8566840000003,0,24,0.0,0.0,0.0,0.0,0.0,0.0,53.0,0.0,5.0
314,315,2.0,2.0,2.0,1.0,4.0,1.7669206000000486,11.0,4.0,0.4600000000000001,size,color,orientation,0.3,11.0,14,female,1,1926.8566840000003,0,24,0.0,0.0,0.0,0.0,0.0,0.0,54.0,0.0,6.0
315,316,2.0,2.0,2.0,1.0,4.0,0.7341411999996126,2.0,2.0,0.38,size,color,orientation,0.3,11.0,14,female,1,1926.8566840000003,0,24,0.0,0.0,0.0,0.0,0.0,0.0,55.0,0.0,7.0
316,317,2.0,2.0,2.0,1.0,4.0,4.683314799999607,-65.5,2.0,0.3,size,color,orientation,0.3,11.0,14,female,1,1926.8566840000003,0,24,0.0,0.0,0.0,0.0,0.0,0.0,56.0,0.0,8.0
317,318,2.0,3.0,3.0,1.0,4.0,1.284032099999422,-20.5,14.0,0.38,size,color,orientation,0.3,11.0,14,female,1,1926.8566840000003,0,24,0.0,0.0,0.0,0.0,0.0,0.0,57.0,0.0,9.0
318,319,2.0,1.0,1.0,1.0,4.0,1.5829710999996678,51.5,21.0,0.14,size,color,orientation,0.3,11.0,14,female,1,1926.8566840000003,0,24,0.0,0.0,0.0,0.0,0.0,0.0,58.0,0.0,10.0
319,320,3.0,4.0,4.0,1.0,8.0,5.249224300000606,-38.5,8.0,0.3400000000000001,size,color,orientation,0.3,11.0,14,female,1,1926.8566840000003,1,24,0.0,0.0,0.0,0.0,0.0,0.0,59.0,1.0,0.0
320,321,3.0,3.0,3.0,1.0,8.0,3.7657773000000816,20.0,17.0,0.22,size,color,orientation,0.3,11.0,14,female,1,1926.8566840000003,0,24,0.0,0.0,0.0,0.0,0.0,0.0,60.0,2.0,0.0
321,322,3.0,5.0,5.0,1.0,8.0,1.567398399999547,78.5,3.0,0.38,size,color,orientation,0.3,11.0,14,female,1,1926.8566840000003,0,24,0.0,0.0,0.0,0.0,0.0,0.0,61.0,3.0,0.0
322,323,3.0,5.0,5.0,1.0,8.0,0.9498947000001864,83.0,1.0,0.38,size,color,orientation,0.3,11.0,14,female,1,1926.8566840000003,0,24,0.0,0.0,0.0,0.0,0.0,0.0,62.0,4.0,0.0
323,324,3.0,7.0,3.0,0.0,8.0,4.950070699999742,20.0,16.0,0.26,size,color,orientation,0.3,11.0,14,female,1,1926.8566840000003,0,24,0.0,0.0,1.0,0.0,0.0,0.0,63.0,5.0,0.0
324,325,3.0,7.0,7.0,1.0,8.0,1.6166400000001886,11.0,17.0,0.42,size,color,orientation,0.3,11.0,14,female,1,1926.8566840000003,1,24,0.0,0.0,0.0,0.0,0.0,-1.0,64.0,6.0,0.0
325,326,3.0,7.0,7.0,1.0,8.0,0.8338119999998526,15.5,22.0,0.3400000000000001,size,color,orientation,0.3,11.0,14,female,1,1926.8566840000003,0,24,0.0,0.0,0.0,0.0,0.0,1.0,65.0,7.0,0.0
326,327,3.0,7.0,7.0,1.0,8.0,0.600180100000216,15.5,16.0,0.38,size,color,orientation,0.3,11.0,14,female,1,1926.8566840000003,0,24,0.0,0.0,0.0,0.0,0.0,0.0,66.0,8.0,0.0
327,328,3.0,7.0,7.0,1.0,8.0,0.60039979999965,11.0,20.0,0.38,size,color,orientation,0.3,11.0,14,female,1,1926.8566840000003,0,24,0.0,0.0,0.0,0.0,0.0,0.0,67.0,9.0,0.0
328,329,3.0,6.0,6.0,1.0,8.0,1.2175015000002531,-65.5,16.0,0.4600000000000001,size,color,orientation,0.3,11.0,14,female,1,1926.8566840000003,0,24,0.0,0.0,0.0,0.0,0.0,0.0,68.0,10.0,0.0
329,330,3.0,5.0,5.0,1.0,8.0,1.283172000000377,83.0,8.0,0.4600000000000001,size,color,orientation,0.3,11.0,14,female,1,1926.8566840000003,0,24,0.0,0.0,0.0,0.0,0.0,0.0,69.0,11.0,0.0
330,331,3.0,2.0,2.0,1.0,8.0,3.649918799999796,-20.5,17.0,0.1,size,color,orientation,0.3,11.0,14,female,1,1926.8566840000003,0,24,0.0,0.0,0.0,0.0,0.0,0.0,70.0,12.0,0.0
331,332,3.0,3.0,3.0,1.0,8.0,1.1503844999997457,24.5,14.0,0.1,size,color,orientation,0.3,11.0,14,female,1,1926.8566840000003,0,24,0.0,0.0,0.0,0.0,0.0,0.0,71.0,13.0,0.0
332,333,3.0,4.0,4.0,1.0,8.0,2.733488699999725,-7.0,0.0,0.3400000000000001,size,color,orientation,0.3,11.0,14,female,1,1926.8566840000003,0,24,0.0,0.0,0.0,0.0,0.0,0.0,72.0,14.0,0.0
333,334,3.0,3.0,3.0,1.0,8.0,4.5169001000003846,20.0,16.0,0.26,size,color,orientation,0.3,11.0,14,female,1,1926.8566840000003,0,24,0.0,0.0,0.0,0.0,0.0,0.0,73.0,15.0,0.0
334,335,3.0,0.0,0.0,1.0,8.0,4.266224799999691,-25.0,2.0,0.1,size,color,orientation,0.3,11.0,14,female,1,1926.8566840000003,1,24,0.0,0.0,0.0,0.0,0.0,0.0,74.0,16.0,0.0
335,336,3.0,1.0,0.0,0.0,8.0,2.4660926999995354,6.5,5.0,0.22,size,color,orientation,0.3,11.0,14,female,1,1926.8566840000003,0,24,0.0,0.0,1.0,0.0,0.0,0.0,75.0,17.0,0.0
336,337,3.0,0.0,0.0,1.0,8.0,1.082632399999966,-52.0,6.0,0.22,size,color,orientation,0.3,11.0,14,female,1,1926.8566840000003,1,24,0.0,0.0,0.0,0.0,0.0,-1.0,76.0,18.0,0.0
337,338,3.0,1.0,1.0,1.0,8.0,1.1657246999993731,60.5,3.0,0.1,size,color,orientation,0.3,11.0,14,female,1,1926.8566840000003,0,24,0.0,0.0,0.0,0.0,0.0,1.0,77.0,19.0,0.0
338,339,3.0,4.0,4.0,1.0,8.0,1.9339857000004488,-83.5,11.0,0.4600000000000001,size,color,orientation,0.3,11.0,14,female,1,1926.8566840000003,0,24,0.0,0.0,0.0,0.0,0.0,0.0,78.0,20.0,0.0
339,340,3.0,4.0,4.0,1.0,8.0,0.8161113000005571,-20.5,8.0,0.42,size,color,orientation,0.3,11.0,14,female,1,1926.8566840000003,0,24,0.0,0.0,0.0,0.0,0.0,0.0,79.0,21.0,0.0
340,341,3.0,0.0,0.0,1.0,8.0,3.484144500000184,-38.5,12.0,0.1,size,color,orientation,0.3,11.0,14,female,1,1926.8566840000003,0,24,0.0,0.0,0.0,0.0,0.0,0.0,80.0,22.0,0.0
341,342,3.0,1.0,1.0,1.0,8.0,1.1175071999996362,74.0,10.0,0.14,size,color,orientation,0.3,11.0,14,female,1,1926.8566840000003,0,24,0.0,0.0,0.0,0.0,0.0,0.0,81.0,23.0,0.0
342,343,3.0,1.0,1.0,1.0,8.0,0.8999282000004314,74.0,5.0,0.22,size,color,orientation,0.3,11.0,14,female,1,1926.8566840000003,0,24,0.0,0.0,0.0,0.0,0.0,0.0,82.0,24.0,0.0
343,344,3.0,7.0,7.0,1.0,8.0,3.882975700000315,33.5,24.0,0.3,size,color,orientation,0.3,11.0,14,female,1,1926.8566840000003,0,24,0.0,0.0,0.0,0.0,0.0,0.0,83.0,25.0,0.0
344,345,3.0,7.0,3.0,0.0,8.0,0.5166540000000168,60.5,16.0,0.26,size,color,orientation,0.3,11.0,14,female,1,1926.8566840000003,0,24,0.0,0.0,1.0,0.0,0.0,0.0,84.0,26.0,0.0
345,346,3.0,7.0,7.0,1.0,8.0,1.7829723999993805,38.0,20.0,0.3400000000000001,size,color,orientation,0.3,11.0,14,female,1,1926.8566840000003,1,24,0.0,0.0,0.0,0.0,0.0,-1.0,85.0,27.0,0.0
346,347,3.0,6.0,6.0,1.0,8.0,1.5836841999998796,-43.0,18.0,0.42,size,color,orientation,0.3,11.0,14,female,1,1926.8566840000003,0,24,0.0,0.0,0.0,0.0,0.0,1.0,86.0,28.0,0.0
347,348,3.0,0.0,0.0,1.0,8.0,3.966813199999706,-83.5,5.0,0.22,size,color,orientation,0.3,11.0,14,female,1,1926.8566840000003,0,24,0.0,0.0,0.0,0.0,0.0,0.0,87.0,29.0,0.0
348,349,3.0,3.0,3.0,1.0,8.0,2.4319643999997425,11.0,16.0,0.26,size,color,orientation,0.3,11.0,14,female,1,1926.8566840000003,0,24,0.0,0.0,0.0,0.0,0.0,0.0,88.0,30.0,0.0
349,350,3.0,3.0,7.0,0.0,8.0,2.6001569999998537,29.0,18.0,0.3,size,color,orientation,0.3,11.0,14,female,1,1926.8566840000003,0,24,0.0,0.0,1.0,0.0,0.0,0.0,89.0,31.0,0.0
350,351,3.0,4.0,4.0,1.0,8.0,2.248509300000478,-25.0,1.0,0.4600000000000001,size,color,orientation,0.3,11.0,14,female,1,1926.8566840000003,1,24,0.0,0.0,0.0,0.0,0.0,-1.0,90.0,32.0,0.0
351,352,3.0,6.0,6.0,1.0,8.0,1.3164862000003268,-61.0,13.0,0.3400000000000001,size,color,orientation,0.3,11.0,14,female,1,1926.8566840000003,0,24,0.0,0.0,0.0,0.0,0.0,1.0,91.0,33.0,0.0
352,353,3.0,6.0,6.0,1.0,8.0,0.7498970999995436,-70.0,24.0,0.4600000000000001,size,color,orientation,0.3,11.0,14,female,1,1926.8566840000003,0,24,0.0,0.0,0.0,0.0,0.0,0.0,92.0,34.0,0.0
353,354,3.0,0.0,0.0,1.0,8.0,4.400109100000009,-34.0,0.0,0.26,size,color,orientation,0.3,11.0,14,female,1,1926.8566840000003,0,24,0.0,0.0,0.0,0.0,0.0,0.0,93.0,35.0,0.0
354,355,3.0,0.0,0.0,1.0,8.0,0.6337250999995376,-38.5,11.0,0.1,size,color,orientation,0.3,11.0,14,female,1,1926.8566840000003,0,24,0.0,0.0,0.0,0.0,0.0,0.0,94.0,36.0,0.0
355,356,3.0,6.0,6.0,1.0,8.0,4.0670546000001195,-79.0,21.0,0.4600000000000001,size,color,orientation,0.3,11.0,14,female,1,1926.8566840000003,0,24,0.0,0.0,0.0,0.0,0.0,0.0,95.0,37.0,0.0
356,357,3.0,6.0,6.0,1.0,8.0,5.799762499999815,-88.0,22.0,0.42,size,color,orientation,0.3,11.0,14,female,1,1926.8566840000003,0,24,0.0,0.0,0.0,0.0,0.0,0.0,96.0,38.0,0.0
357,358,3.0,1.0,1.0,1.0,8.0,1.0665656999999555,24.5,7.0,0.1,size,color,orientation,0.3,11.0,14,female,1,1926.8566840000003,0,24,0.0,0.0,0.0,0.0,0.0,0.0,97.0,39.0,0.0
358,359,3.0,2.0,2.0,1.0,8.0,5.000155199999426,2.0,13.0,0.22,size,color,orientation,0.3,11.0,14,female,1,1926.8566840000003,0,24,0.0,0.0,0.0,0.0,0.0,0.0,98.0,40.0,0.0
359,360,3.0,2.0,2.0,1.0,8.0,0.8994613999993817,-29.5,15.0,0.14,size,color,orientation,0.3,11.0,14,female,1,1926.8566840000003,0,24,0.0,0.0,0.0,0.0,0.0,0.0,99.0,41.0,0.0
