,Trial_number,Chosen_castle,Chosen_location,Correct_location,Accuracy,Number_of_doors,RT,Current_orientation,Current_color,Current_size,First_feature,Second_feature,Third_feature,Participant_size,Participant_orientation,Participant_number,Participant_gender,Early_exit,Training_time,Meta_trial,Participant_age,PE_1,PE_2,PE_3,LP_1,LP_2,LP_3,Nov_1,Nov_2,Nov_3
0,1,3.0,5.0,4.0,0.0,8.0,4.575850700000046,65.0,0.0,0.22,orientation,color,size,0.3400000000000001,6.5,18,female,1,1913.8339991000005,1,22,0.0,0.0,0.0,0.0,0.0,0.0,99.0,99.0,0.0
1,2,2.0,2.0,3.0,0.0,4.0,3.4321838999994725,15.5,20.0,0.4600000000000001,orientation,color,size,0.3400000000000001,6.5,18,female,1,1913.8339991000005,1,22,0.0,1.0,0.0,0.0,0.0,0.0,100.0,0.0,1.0
2,3,2.0,1.0,3.0,0.0,4.0,4.649805699999888,74.0,16.0,0.18,orientation,color,size,0.3400000000000001,6.5,18,female,1,1913.8339991000005,1,22,0.0,1.0,0.0,0.0,-1.0,0.0,101.0,0.0,2.0
3,4,2.0,3.0,3.0,1.0,4.0,2.6993230000007316,29.0,14.0,0.26,orientation,color,size,0.3400000000000001,6.5,18,female,1,1913.8339991000005,1,22,0.0,0.0,0.0,0.0,0.0,0.0,102.0,0.0,3.0
4,5,2.0,3.0,2.0,0.0,4.0,2.7500075999996625,15.5,2.0,0.42,orientation,color,size,0.3400000000000001,6.5,18,female,1,1913.8339991000005,0,22,0.0,1.0,0.0,0.0,1.0,0.0,103.0,0.0,4.0
5,6,2.0,0.0,0.0,1.0,4.0,3.4328028999998423,-34.0,0.0,0.26,orientation,color,size,0.3400000000000001,6.5,18,female,1,1913.8339991000005,1,22,0.0,0.0,0.0,0.0,-1.0,0.0,104.0,0.0,5.0
6,7,2.0,2.0,3.0,0.0,4.0,4.916599099999985,33.5,20.0,0.4600000000000001,orientation,color,size,0.3400000000000001,6.5,18,female,1,1913.8339991000005,0,22,0.0,1.0,0.0,0.0,1.0,0.0,105.0,0.0,6.0
7,8,2.0,1.0,3.0,0.0,4.0,3.081826500000716,11.0,14.0,0.3,orientation,color,size,0.3400000000000001,6.5,18,female,1,1913.8339991000005,1,22,0.0,1.0,0.0,0.0,-1.0,0.0,106.0,0.0,7.0
8,9,2.0,2.0,0.0,0.0,4.0,5.698653600000398,-65.5,5.0,0.14,orientation,color,size,0.3400000000000001,6.5,18,female,1,1913.8339991000005,1,22,0.0,1.0,0.0,0.0,0.0,0.0,107.0,0.0,8.0
9,10,2.0,0.0,0.0,1.0,4.0,6.200498999999581,-29.5,0.0,0.26,orientation,color,size,0.3400000000000001,6.5,18,female,1,1913.8339991000005,1,22,0.0,0.0,0.0,0.0,0.0,0.0,108.0,0.0,9.0
10,11,2.0,2.0,2.0,1.0,4.0,6.9331529000000955,6.5,5.0,0.26,orientation,color,size,0.3400000000000001,6.5,18,female,1,1913.8339991000005,0,22,0.0,0.0,0.0,0.0,1.0,0.0,109.0,0.0,10.0
11,12,2.0,0.0,3.0,0.0,4.0,4.39983889999985,78.5,19.0,0.14,orientation,color,size,0.3400000000000001,6.5,18,female,1,1913.8339991000005,0,22,0.0,2.0,0.0,0.0,0.0,0.0,110.0,0.0,11.0
12,13,2.0,1.0,0.0,0.0,4.0,9.882125899999664,-43.0,6.0,0.26,orientation,color,size,0.3400000000000001,6.5,18,female,1,1913.8339991000005,1,22,0.0,1.0,0.0,0.0,-2.0,0.0,111.0,0.0,12.0
13,14,2.0,2.0,1.0,0.0,4.0,5.698834900000293,-47.5,19.0,0.3,orientation,color,size,0.3400000000000001,6.5,18,female,1,1913.8339991000005,1,22,0.0,2.0,0.0,0.0,1.0,0.0,112.0,0.0,13.0
14,15,2.0,2.0,3.0,0.0,4.0,7.015741000000162,51.5,17.0,0.42,orientation,color,size,0.3400000000000001,6.5,18,female,1,1913.8339991000005,1,22,0.0,1.0,0.0,0.0,-1.0,0.0,113.0,0.0,14.0
15,16,2.0,3.0,2.0,0.0,4.0,3.2830708000001323,11.0,0.0,0.22,orientation,color,size,0.3400000000000001,6.5,18,female,1,1913.8339991000005,1,22,0.0,1.0,0.0,0.0,1.0,0.0,114.0,0.0,15.0
16,17,2.0,2.0,3.0,0.0,4.0,11.565550999999688,11.0,23.0,0.4600000000000001,orientation,color,size,0.3400000000000001,6.5,18,female,1,1913.8339991000005,1,22,0.0,1.0,0.0,0.0,0.0,0.0,115.0,0.0,16.0
17,18,2.0,0.0,0.0,1.0,4.0,2.6826842000000397,-20.5,1.0,0.42,orientation,color,size,0.3400000000000001,6.5,18,female,1,1913.8339991000005,1,22,0.0,0.0,0.0,0.0,0.0,0.0,116.0,0.0,17.0
18,19,2.0,2.0,2.0,1.0,4.0,4.233488300000317,6.5,11.0,0.18,orientation,color,size,0.3400000000000001,6.5,18,female,1,1913.8339991000005,0,22,0.0,0.0,0.0,0.0,1.0,0.0,117.0,0.0,18.0
19,20,2.0,1.0,1.0,1.0,4.0,9.567005099999731,-16.0,23.0,0.26,orientation,color,size,0.3400000000000001,6.5,18,female,1,1913.8339991000005,0,22,0.0,0.0,0.0,0.0,0.0,0.0,118.0,0.0,19.0
20,21,2.0,2.0,1.0,0.0,4.0,4.250126699999782,-65.5,13.0,0.3,orientation,color,size,0.3400000000000001,6.5,18,female,1,1913.8339991000005,0,22,0.0,2.0,0.0,0.0,0.0,0.0,119.0,0.0,20.0
21,22,2.0,2.0,3.0,0.0,4.0,3.4156817000002775,78.5,13.0,0.22,orientation,color,size,0.3400000000000001,6.5,18,female,1,1913.8339991000005,1,22,0.0,1.0,0.0,0.0,-2.0,0.0,120.0,0.0,21.0
22,23,2.0,1.0,1.0,1.0,4.0,3.1665099000001646,-88.0,21.0,0.22,orientation,color,size,0.3400000000000001,6.5,18,female,1,1913.8339991000005,1,22,0.0,0.0,0.0,0.0,1.0,0.0,121.0,0.0,22.0
23,24,2.0,3.0,3.0,1.0,4.0,2.816885799999909,20.0,17.0,0.38,orientation,color,size,0.3400000000000001,6.5,18,female,1,1913.8339991000005,0,22,0.0,0.0,0.0,0.0,1.0,0.0,122.0,0.0,23.0
24,25,2.0,2.0,3.0,0.0,4.0,4.534049000000778,11.0,18.0,0.1,orientation,color,size,0.3400000000000001,6.5,18,female,1,1913.8339991000005,0,22,0.0,1.0,0.0,0.0,0.0,0.0,123.0,0.0,24.0
25,26,2.0,1.0,3.0,0.0,4.0,2.566191599999911,65.0,24.0,0.38,orientation,color,size,0.3400000000000001,6.5,18,female,1,1913.8339991000005,1,22,0.0,1.0,0.0,0.0,-1.0,0.0,124.0,0.0,25.0
26,27,2.0,3.0,2.0,0.0,4.0,1.7160241999999926,33.5,4.0,0.3,orientation,color,size,0.3400000000000001,6.5,18,female,1,1913.8339991000005,1,22,0.0,1.0,0.0,0.0,0.0,0.0,125.0,0.0,26.0
27,28,2.0,0.0,2.0,0.0,4.0,1.348906100000022,74.0,8.0,0.14,orientation,color,size,0.3400000000000001,6.5,18,female,1,1913.8339991000005,1,22,0.0,1.0,0.0,0.0,0.0,0.0,126.0,0.0,27.0
28,29,2.0,1.0,3.0,0.0,4.0,4.815904600000067,74.0,18.0,0.38,orientation,color,size,0.3400000000000001,6.5,18,female,1,1913.8339991000005,1,22,0.0,1.0,0.0,0.0,0.0,0.0,127.0,0.0,28.0
29,30,2.0,1.0,3.0,0.0,4.0,9.048520600000302,74.0,15.0,0.4600000000000001,orientation,color,size,0.3400000000000001,6.5,18,female,1,1913.8339991000005,1,22,0.0,1.0,0.0,0.0,0.0,0.0,128.0,0.0,29.0
30,31,2.0,2.0,3.0,0.0,4.0,7.08210599999984,47.0,18.0,0.1,orientation,color,size,0.3400000000000001,6.5,18,female,1,1913.8339991000005,1,22,0.0,1.0,0.0,0.0,0.0,0.0,129.0,0.0,30.0
31,32,2.0,2.0,2.0,1.0,4.0,14.566367700000228,83.0,0.0,0.18,orientation,color,size,0.3400000000000001,6.5,18,female,1,1913.8339991000005,1,22,0.0,0.0,0.0,0.0,0.0,0.0,130.0,0.0,31.0
32,33,2.0,0.0,1.0,0.0,4.0,4.617175700000189,-79.0,17.0,0.14,orientation,color,size,0.3400000000000001,6.5,18,female,1,1913.8339991000005,0,22,0.0,1.0,0.0,0.0,1.0,0.0,131.0,0.0,32.0
33,34,2.0,1.0,1.0,1.0,4.0,14.165941000000204,-38.5,24.0,0.42,orientation,color,size,0.3400000000000001,6.5,18,female,1,1913.8339991000005,1,22,0.0,0.0,0.0,0.0,-1.0,0.0,132.0,0.0,33.0
34,35,2.0,0.0,0.0,1.0,4.0,2.6677931999993234,-43.0,9.0,0.1,orientation,color,size,0.3400000000000001,6.5,18,female,1,1913.8339991000005,0,22,0.0,0.0,0.0,0.0,1.0,0.0,133.0,0.0,34.0
35,36,2.0,3.0,3.0,1.0,4.0,3.899642500000482,60.5,13.0,0.42,orientation,color,size,0.3400000000000001,6.5,18,female,1,1913.8339991000005,0,22,0.0,0.0,0.0,0.0,0.0,0.0,134.0,0.0,35.0
36,37,2.0,2.0,2.0,1.0,4.0,3.849854500000219,83.0,1.0,0.38,orientation,color,size,0.3400000000000001,6.5,18,female,1,1913.8339991000005,0,22,0.0,0.0,0.0,0.0,0.0,0.0,135.0,0.0,36.0
37,38,2.0,2.0,2.0,1.0,4.0,4.333298500000637,20.0,11.0,0.3,orientation,color,size,0.3400000000000001,6.5,18,female,1,1913.8339991000005,0,22,0.0,0.0,0.0,0.0,0.0,0.0,136.0,0.0,37.0
38,39,2.0,3.0,3.0,1.0,4.0,2.450064999999995,78.5,23.0,0.3400000000000001,orientation,color,size,0.3400000000000001,6.5,18,female,1,1913.8339991000005,0,22,0.0,0.0,0.0,0.0,0.0,0.0,137.0,0.0,38.0
39,40,2.0,0.0,1.0,0.0,4.0,12.666969900000367,-70.0,22.0,0.38,orientation,color,size,0.3400000000000001,6.5,18,female,1,1913.8339991000005,0,22,0.0,1.0,0.0,0.0,0.0,0.0,138.0,0.0,39.0
40,41,2.0,1.0,0.0,0.0,4.0,3.199792699999307,-61.0,11.0,0.4600000000000001,orientation,color,size,0.3400000000000001,6.5,18,female,1,1913.8339991000005,1,22,0.0,1.0,0.0,0.0,-1.0,0.0,139.0,0.0,40.0
41,42,2.0,1.0,0.0,0.0,4.0,1.8145204000002195,-61.0,1.0,0.42,orientation,color,size,0.3400000000000001,6.5,18,female,1,1913.8339991000005,1,22,0.0,1.0,0.0,0.0,0.0,0.0,140.0,0.0,41.0
42,43,2.0,1.0,1.0,1.0,4.0,1.2653739999996103,-61.0,24.0,0.4600000000000001,orientation,color,size,0.3400000000000001,6.5,18,female,1,1913.8339991000005,1,22,0.0,0.0,0.0,0.0,0.0,0.0,141.0,0.0,42.0
43,44,2.0,2.0,3.0,0.0,4.0,4.933273499999814,47.0,23.0,0.42,orientation,color,size,0.3400000000000001,6.5,18,female,1,1913.8339991000005,0,22,0.0,1.0,0.0,0.0,1.0,0.0,142.0,0.0,43.0
44,45,2.0,0.0,0.0,1.0,4.0,1.832144899999548,-70.0,4.0,0.3400000000000001,orientation,color,size,0.3400000000000001,6.5,18,female,1,1913.8339991000005,1,22,0.0,0.0,0.0,0.0,-1.0,0.0,143.0,0.0,44.0
45,46,2.0,2.0,3.0,0.0,4.0,3.332949699999517,24.5,20.0,0.14,orientation,color,size,0.3400000000000001,6.5,18,female,1,1913.8339991000005,0,22,0.0,1.0,0.0,0.0,1.0,0.0,144.0,0.0,45.0
46,47,2.0,1.0,1.0,1.0,4.0,2.250338400000146,-52.0,21.0,0.42,orientation,color,size,0.3400000000000001,6.5,18,female,1,1913.8339991000005,1,22,0.0,0.0,0.0,0.0,-1.0,0.0,145.0,0.0,46.0
47,48,2.0,1.0,1.0,1.0,4.0,1.8833152999995943,-7.0,18.0,0.4600000000000001,orientation,color,size,0.3400000000000001,6.5,18,female,1,1913.8339991000005,0,22,0.0,0.0,0.0,0.0,1.0,0.0,146.0,0.0,47.0
48,49,2.0,0.0,0.0,1.0,4.0,1.9993851999997787,-61.0,10.0,0.14,orientation,color,size,0.3400000000000001,6.5,18,female,1,1913.8339991000005,0,22,0.0,0.0,0.0,0.0,0.0,0.0,147.0,0.0,48.0
49,50,2.0,1.0,1.0,1.0,4.0,1.0833864000005633,-29.5,15.0,0.26,orientation,color,size,0.3400000000000001,6.5,18,female,1,1913.8339991000005,0,22,0.0,0.0,0.0,0.0,0.0,0.0,148.0,0.0,49.0
50,51,2.0,2.0,2.0,1.0,4.0,4.01668459999928,87.5,5.0,0.18,orientation,color,size,0.3400000000000001,6.5,18,female,1,1913.8339991000005,0,22,0.0,0.0,0.0,0.0,0.0,0.0,149.0,0.0,50.0
51,52,2.0,0.0,0.0,1.0,4.0,4.133634599999823,-34.0,4.0,0.3,orientation,color,size,0.3400000000000001,6.5,18,female,1,1913.8339991000005,0,22,0.0,0.0,0.0,0.0,0.0,0.0,150.0,0.0,51.0
52,53,2.0,2.0,2.0,1.0,4.0,8.532488200000444,78.5,9.0,0.26,orientation,color,size,0.3400000000000001,6.5,18,female,1,1913.8339991000005,0,22,0.0,0.0,0.0,0.0,0.0,0.0,151.0,0.0,52.0
53,54,2.0,1.0,1.0,1.0,4.0,3.00054689999979,-11.5,24.0,0.1,orientation,color,size,0.3400000000000001,6.5,18,female,1,1913.8339991000005,0,22,0.0,0.0,0.0,0.0,0.0,0.0,152.0,0.0,53.0
54,55,2.0,2.0,2.0,1.0,4.0,2.466572499999529,15.5,11.0,0.1,orientation,color,size,0.3400000000000001,6.5,18,female,1,1913.8339991000005,0,22,0.0,0.0,0.0,0.0,0.0,0.0,153.0,0.0,54.0
55,56,2.0,3.0,3.0,1.0,4.0,1.9171259999993708,69.5,13.0,0.18,orientation,color,size,0.3400000000000001,6.5,18,female,1,1913.8339991000005,0,22,0.0,0.0,0.0,0.0,0.0,0.0,154.0,0.0,55.0
56,57,3.0,3.0,1.0,0.0,8.0,5.181449900000189,-2.5,3.0,0.4600000000000001,orientation,color,size,0.3400000000000001,6.5,18,female,1,1913.8339991000005,1,22,0.0,0.0,1.0,0.0,0.0,0.0,155.0,1.0,0.0
57,58,3.0,7.0,5.0,0.0,8.0,9.898322000000007,6.5,12.0,0.4600000000000001,orientation,color,size,0.3400000000000001,6.5,18,female,1,1913.8339991000005,1,22,0.0,0.0,1.0,0.0,0.0,-1.0,156.0,2.0,0.0
58,59,3.0,6.0,6.0,1.0,8.0,6.8660421000004135,20.0,18.0,0.3,orientation,color,size,0.3400000000000001,6.5,18,female,1,1913.8339991000005,1,22,0.0,0.0,0.0,0.0,0.0,0.0,157.0,3.0,0.0
59,60,3.0,7.0,4.0,0.0,8.0,3.134211100000357,15.5,0.0,0.3,orientation,color,size,0.3400000000000001,6.5,18,female,1,1913.8339991000005,0,22,0.0,0.0,2.0,0.0,0.0,1.0,158.0,4.0,0.0
60,61,3.0,0.0,0.0,1.0,8.0,6.582685700000184,-38.5,11.0,0.26,orientation,color,size,0.3400000000000001,6.5,18,female,1,1913.8339991000005,1,22,0.0,0.0,0.0,0.0,0.0,-2.0,159.0,5.0,0.0
61,62,3.0,6.0,4.0,0.0,8.0,8.300343599999906,24.5,3.0,0.3,orientation,color,size,0.3400000000000001,6.5,18,female,1,1913.8339991000005,0,22,0.0,0.0,1.0,0.0,0.0,2.0,160.0,6.0,0.0
62,63,3.0,1.0,2.0,0.0,8.0,3.5654826999998477,-7.0,24.0,0.3,orientation,color,size,0.3400000000000001,6.5,18,female,1,1913.8339991000005,1,22,0.0,0.0,2.0,0.0,0.0,-1.0,161.0,7.0,0.0
63,64,3.0,1.0,0.0,0.0,8.0,5.115810299999794,-7.0,11.0,0.18,orientation,color,size,0.3400000000000001,6.5,18,female,1,1913.8339991000005,1,22,0.0,0.0,1.0,0.0,0.0,-1.0,162.0,8.0,0.0
64,65,3.0,0.0,0.0,1.0,8.0,1.8485119999995732,-7.0,12.0,0.18,orientation,color,size,0.3400000000000001,6.5,18,female,1,1913.8339991000005,1,22,0.0,0.0,0.0,0.0,0.0,1.0,163.0,9.0,0.0
65,66,3.0,4.0,7.0,0.0,8.0,5.066312099999777,38.0,16.0,0.4600000000000001,orientation,color,size,0.3400000000000001,6.5,18,female,1,1913.8339991000005,0,22,0.0,0.0,2.0,0.0,0.0,1.0,164.0,10.0,0.0
66,67,3.0,0.0,0.0,1.0,8.0,1.2817354999997406,-20.5,7.0,0.26,orientation,color,size,0.3400000000000001,6.5,18,female,1,1913.8339991000005,1,22,0.0,0.0,0.0,0.0,0.0,-2.0,165.0,11.0,0.0
67,68,3.0,2.0,1.0,0.0,8.0,2.716641700000764,-7.0,3.0,0.42,orientation,color,size,0.3400000000000001,6.5,18,female,1,1913.8339991000005,0,22,0.0,0.0,2.0,0.0,0.0,2.0,166.0,12.0,0.0
68,69,3.0,0.0,0.0,1.0,8.0,1.3325406999992992,-52.0,6.0,0.22,orientation,color,size,0.3400000000000001,6.5,18,female,1,1913.8339991000005,1,22,0.0,0.0,0.0,0.0,0.0,-2.0,167.0,13.0,0.0
69,70,3.0,2.0,7.0,0.0,8.0,4.316131599999608,83.0,18.0,0.42,orientation,color,size,0.3400000000000001,6.5,18,female,1,1913.8339991000005,0,22,0.0,0.0,2.0,0.0,0.0,2.0,168.0,14.0,0.0
70,71,3.0,2.0,4.0,0.0,8.0,9.165763799999697,60.5,1.0,0.18,orientation,color,size,0.3400000000000001,6.5,18,female,1,1913.8339991000005,1,22,0.0,0.0,2.0,0.0,0.0,-2.0,169.0,15.0,0.0
71,72,3.0,5.0,3.0,0.0,8.0,6.631915699999809,-25.0,16.0,0.38,orientation,color,size,0.3400000000000001,6.5,18,female,1,1913.8339991000005,1,22,0.0,0.0,2.0,0.0,0.0,0.0,170.0,16.0,0.0
72,73,3.0,7.0,7.0,1.0,8.0,3.2489001000003555,20.0,21.0,0.42,orientation,color,size,0.3400000000000001,6.5,18,female,1,1913.8339991000005,1,22,0.0,0.0,0.0,0.0,0.0,0.0,171.0,17.0,0.0
73,74,3.0,0.0,0.0,1.0,8.0,2.600922000000537,-38.5,2.0,0.1,orientation,color,size,0.3400000000000001,6.5,18,female,1,1913.8339991000005,0,22,0.0,0.0,0.0,0.0,0.0,2.0,172.0,18.0,0.0
74,75,3.0,7.0,6.0,0.0,8.0,3.1670753000007608,51.5,17.0,0.14,orientation,color,size,0.3400000000000001,6.5,18,female,1,1913.8339991000005,0,22,0.0,0.0,1.0,0.0,0.0,0.0,173.0,19.0,0.0
75,76,3.0,3.0,2.0,0.0,8.0,3.1171487999999954,-11.5,24.0,0.1,orientation,color,size,0.3400000000000001,6.5,18,female,1,1913.8339991000005,1,22,0.0,0.0,1.0,0.0,0.0,-1.0,174.0,20.0,0.0
76,77,3.0,4.0,4.0,1.0,8.0,4.632599099999425,47.0,5.0,0.26,orientation,color,size,0.3400000000000001,6.5,18,female,1,1913.8339991000005,1,22,0.0,0.0,0.0,0.0,0.0,0.0,175.0,21.0,0.0
77,78,3.0,2.0,3.0,0.0,8.0,3.0663189999995666,-29.5,18.0,0.3400000000000001,orientation,color,size,0.3400000000000001,6.5,18,female,1,1913.8339991000005,0,22,0.0,0.0,1.0,0.0,0.0,1.0,176.0,22.0,0.0
78,79,3.0,4.0,1.0,0.0,8.0,5.214341700000659,-88.0,9.0,0.42,orientation,color,size,0.3400000000000001,6.5,18,female,1,1913.8339991000005,1,22,0.0,0.0,2.0,0.0,0.0,-1.0,177.0,23.0,0.0
79,80,3.0,1.0,0.0,0.0,8.0,2.147955399999774,-7.0,7.0,0.14,orientation,color,size,0.3400000000000001,6.5,18,female,1,1913.8339991000005,1,22,0.0,0.0,1.0,0.0,0.0,-1.0,178.0,24.0,0.0
80,81,3.0,0.0,0.0,1.0,8.0,1.283053000000109,-16.0,3.0,0.26,orientation,color,size,0.3400000000000001,6.5,18,female,1,1913.8339991000005,1,22,0.0,0.0,0.0,0.0,0.0,1.0,179.0,25.0,0.0
81,82,3.0,1.0,0.0,0.0,8.0,5.499675299999581,-34.0,1.0,0.22,orientation,color,size,0.3400000000000001,6.5,18,female,1,1913.8339991000005,0,22,0.0,0.0,1.0,0.0,0.0,1.0,180.0,26.0,0.0
82,83,3.0,4.0,5.0,0.0,8.0,2.5325900000007096,83.0,3.0,0.42,orientation,color,size,0.3400000000000001,6.5,18,female,1,1913.8339991000005,1,22,0.0,0.0,1.0,0.0,0.0,-1.0,181.0,27.0,0.0
83,84,3.0,0.0,0.0,1.0,8.0,2.732901800000036,-43.0,10.0,0.18,orientation,color,size,0.3400000000000001,6.5,18,female,1,1913.8339991000005,1,22,0.0,0.0,0.0,0.0,0.0,0.0,182.0,28.0,0.0
84,85,3.0,0.0,0.0,1.0,8.0,2.466317500000514,-34.0,9.0,0.3,orientation,color,size,0.3400000000000001,6.5,18,female,1,1913.8339991000005,0,22,0.0,0.0,0.0,0.0,0.0,1.0,183.0,29.0,0.0
85,86,3.0,5.0,5.0,1.0,8.0,2.7827556000002005,60.5,4.0,0.3400000000000001,orientation,color,size,0.3400000000000001,6.5,18,female,1,1913.8339991000005,0,22,0.0,0.0,0.0,0.0,0.0,0.0,184.0,30.0,0.0
86,87,3.0,2.0,3.0,0.0,8.0,3.4326012000001356,-74.5,22.0,0.3400000000000001,orientation,color,size,0.3400000000000001,6.5,18,female,1,1913.8339991000005,0,22,0.0,0.0,1.0,0.0,0.0,0.0,185.0,31.0,0.0
87,88,3.0,7.0,6.0,0.0,8.0,2.7156416000007084,42.5,23.0,0.1,orientation,color,size,0.3400000000000001,6.5,18,female,1,1913.8339991000005,1,22,0.0,0.0,1.0,0.0,0.0,-1.0,186.0,32.0,0.0
88,89,3.0,2.0,2.0,1.0,8.0,3.0997991999993246,-34.0,13.0,0.1,orientation,color,size,0.3400000000000001,6.5,18,female,1,1913.8339991000005,1,22,0.0,0.0,0.0,0.0,0.0,0.0,187.0,33.0,0.0
89,90,3.0,5.0,5.0,1.0,8.0,7.266673600000104,78.5,10.0,0.4600000000000001,orientation,color,size,0.3400000000000001,6.5,18,female,1,1913.8339991000005,0,22,0.0,0.0,0.0,0.0,0.0,1.0,188.0,34.0,0.0
90,91,3.0,2.0,3.0,0.0,8.0,2.6159662000000026,-52.0,14.0,0.42,orientation,color,size,0.3400000000000001,6.5,18,female,1,1913.8339991000005,0,22,0.0,0.0,1.0,0.0,0.0,0.0,189.0,35.0,0.0
91,92,3.0,5.0,5.0,1.0,8.0,2.6329310999999507,69.5,9.0,0.3400000000000001,orientation,color,size,0.3400000000000001,6.5,18,female,1,1913.8339991000005,1,22,0.0,0.0,0.0,0.0,0.0,-1.0,190.0,36.0,0.0
92,93,3.0,6.0,5.0,0.0,8.0,4.917207800000142,20.0,3.0,0.4600000000000001,orientation,color,size,0.3400000000000001,6.5,18,female,1,1913.8339991000005,0,22,0.0,0.0,2.0,0.0,0.0,1.0,191.0,37.0,0.0
93,94,3.0,6.0,6.0,1.0,8.0,4.2162537000003795,20.0,21.0,0.3,orientation,color,size,0.3400000000000001,6.5,18,female,1,1913.8339991000005,1,22,0.0,0.0,0.0,0.0,0.0,-2.0,192.0,38.0,0.0
94,95,3.0,5.0,5.0,1.0,8.0,3.0833734999996523,47.0,3.0,0.4600000000000001,orientation,color,size,0.3400000000000001,6.5,18,female,1,1913.8339991000005,0,22,0.0,0.0,0.0,0.0,0.0,2.0,193.0,39.0,0.0
95,96,3.0,2.0,2.0,1.0,8.0,2.533703700000842,-70.0,14.0,0.26,orientation,color,size,0.3400000000000001,6.5,18,female,1,1913.8339991000005,0,22,0.0,0.0,0.0,0.0,0.0,0.0,194.0,40.0,0.0
96,97,3.0,5.0,4.0,0.0,8.0,6.365630199999941,65.0,3.0,0.18,orientation,color,size,0.3400000000000001,6.5,18,female,1,1913.8339991000005,0,22,0.0,0.0,1.0,0.0,0.0,0.0,195.0,41.0,0.0
97,98,3.0,6.0,7.0,0.0,8.0,3.5663352000001396,20.0,24.0,0.4600000000000001,orientation,color,size,0.3400000000000001,6.5,18,female,1,1913.8339991000005,1,22,0.0,0.0,1.0,0.0,0.0,-1.0,196.0,42.0,0.0
98,99,3.0,4.0,1.0,0.0,8.0,4.098899199999323,-88.0,9.0,0.42,orientation,color,size,0.3400000000000001,6.5,18,female,1,1913.8339991000005,1,22,0.0,0.0,2.0,0.0,0.0,0.0,197.0,43.0,0.0
99,100,3.0,5.0,4.0,0.0,8.0,5.91521929999999,78.5,5.0,0.22,orientation,color,size,0.3400000000000001,6.5,18,female,1,1913.8339991000005,1,22,0.0,0.0,1.0,0.0,0.0,-1.0,198.0,44.0,0.0
100,101,3.0,0.0,0.0,1.0,8.0,5.098568399999749,-70.0,9.0,0.14,orientation,color,size,0.3400000000000001,6.5,18,female,1,1913.8339991000005,1,22,0.0,0.0,0.0,0.0,0.0,1.0,199.0,45.0,0.0
101,102,3.0,2.0,3.0,0.0,8.0,4.249720499999967,-7.0,13.0,0.38,orientation,color,size,0.3400000000000001,6.5,18,female,1,1913.8339991000005,0,22,0.0,0.0,1.0,0.0,0.0,1.0,200.0,46.0,0.0
102,103,3.0,7.0,6.0,0.0,8.0,4.74879989999954,33.5,24.0,0.22,orientation,color,size,0.3400000000000001,6.5,18,female,1,1913.8339991000005,1,22,0.0,0.0,1.0,0.0,0.0,-1.0,201.0,47.0,0.0
103,104,3.0,4.0,4.0,1.0,8.0,10.948218100000304,42.5,10.0,0.1,orientation,color,size,0.3400000000000001,6.5,18,female,1,1913.8339991000005,1,22,0.0,0.0,0.0,0.0,0.0,0.0,202.0,48.0,0.0
104,105,3.0,3.0,3.0,1.0,8.0,6.481925600000068,-2.5,17.0,0.3400000000000001,orientation,color,size,0.3400000000000001,6.5,18,female,1,1913.8339991000005,0,22,0.0,0.0,0.0,0.0,0.0,1.0,203.0,49.0,0.0
105,106,3.0,5.0,5.0,1.0,8.0,4.749687300000005,83.0,7.0,0.4600000000000001,orientation,color,size,0.3400000000000001,6.5,18,female,1,1913.8339991000005,0,22,0.0,0.0,0.0,0.0,0.0,0.0,204.0,50.0,0.0
106,107,3.0,6.0,6.0,1.0,8.0,9.399830100000145,6.5,22.0,0.18,orientation,color,size,0.3400000000000001,6.5,18,female,1,1913.8339991000005,0,22,0.0,0.0,0.0,0.0,0.0,0.0,205.0,51.0,0.0
107,108,3.0,5.0,4.0,0.0,8.0,5.600130300000274,6.5,8.0,0.14,orientation,color,size,0.3400000000000001,6.5,18,female,1,1913.8339991000005,0,22,0.0,0.0,1.0,0.0,0.0,0.0,206.0,52.0,0.0
108,109,3.0,4.0,4.0,1.0,8.0,3.599249300000338,74.0,4.0,0.1,orientation,color,size,0.3400000000000001,6.5,18,female,1,1913.8339991000005,1,22,0.0,0.0,0.0,0.0,0.0,-1.0,207.0,53.0,0.0
109,110,3.0,2.0,3.0,0.0,8.0,6.484601199999815,-79.0,23.0,0.4600000000000001,orientation,color,size,0.3400000000000001,6.5,18,female,1,1913.8339991000005,0,22,0.0,0.0,1.0,0.0,0.0,1.0,208.0,54.0,0.0
110,111,3.0,6.0,7.0,0.0,8.0,6.065125600000101,87.5,24.0,0.4600000000000001,orientation,color,size,0.3400000000000001,6.5,18,female,1,1913.8339991000005,1,22,0.0,0.0,1.0,0.0,0.0,-1.0,209.0,55.0,0.0
111,112,3.0,1.0,0.0,0.0,8.0,7.232849400000305,-79.0,5.0,0.1,orientation,color,size,0.3400000000000001,6.5,18,female,1,1913.8339991000005,1,22,0.0,0.0,1.0,0.0,0.0,0.0,210.0,56.0,0.0
112,113,3.0,4.0,4.0,1.0,8.0,10.19857139999931,6.5,12.0,0.1,orientation,color,size,0.3400000000000001,6.5,18,female,1,1913.8339991000005,1,22,0.0,0.0,0.0,0.0,0.0,0.0,211.0,57.0,0.0
113,114,3.0,6.0,6.0,1.0,8.0,1.682406699999774,15.5,13.0,0.22,orientation,color,size,0.3400000000000001,6.5,18,female,1,1913.8339991000005,0,22,0.0,0.0,0.0,0.0,0.0,1.0,212.0,58.0,0.0
114,115,3.0,7.0,6.0,0.0,8.0,1.966780600000675,24.5,20.0,0.1,orientation,color,size,0.3400000000000001,6.5,18,female,1,1913.8339991000005,0,22,0.0,0.0,1.0,0.0,0.0,0.0,213.0,59.0,0.0
115,116,3.0,2.0,3.0,0.0,8.0,1.6487041999998835,-38.5,20.0,0.42,orientation,color,size,0.3400000000000001,6.5,18,female,1,1913.8339991000005,1,22,0.0,0.0,1.0,0.0,0.0,-1.0,214.0,60.0,0.0
116,117,3.0,5.0,4.0,0.0,8.0,4.8819407000000865,47.0,11.0,0.26,orientation,color,size,0.3400000000000001,6.5,18,female,1,1913.8339991000005,1,22,0.0,0.0,1.0,0.0,0.0,0.0,215.0,61.0,0.0
117,118,3.0,2.0,3.0,0.0,8.0,1.7816909000002852,-7.0,22.0,0.4600000000000001,orientation,color,size,0.3400000000000001,6.5,18,female,1,1913.8339991000005,1,22,0.0,0.0,1.0,0.0,0.0,0.0,216.0,62.0,0.0
118,119,3.0,2.0,2.0,1.0,8.0,5.066006400000333,-65.5,15.0,0.22,orientation,color,size,0.3400000000000001,6.5,18,female,1,1913.8339991000005,1,22,0.0,0.0,0.0,0.0,0.0,0.0,217.0,63.0,0.0
119,120,3.0,1.0,0.0,0.0,8.0,2.7328277999995407,-20.5,2.0,0.14,orientation,color,size,0.3400000000000001,6.5,18,female,1,1913.8339991000005,0,22,0.0,0.0,1.0,0.0,0.0,1.0,218.0,64.0,0.0
120,121,3.0,2.0,2.0,1.0,8.0,2.764210600000297,-16.0,15.0,0.22,orientation,color,size,0.3400000000000001,6.5,18,female,1,1913.8339991000005,1,22,0.0,0.0,0.0,0.0,0.0,-1.0,219.0,65.0,0.0
121,122,3.0,1.0,1.0,1.0,8.0,1.1509356999995362,-79.0,2.0,0.42,orientation,color,size,0.3400000000000001,6.5,18,female,1,1913.8339991000005,0,22,0.0,0.0,0.0,0.0,0.0,1.0,220.0,66.0,0.0
122,123,3.0,5.0,4.0,0.0,8.0,3.3816335999999865,6.5,4.0,0.22,orientation,color,size,0.3400000000000001,6.5,18,female,1,1913.8339991000005,0,22,0.0,0.0,1.0,0.0,0.0,0.0,221.0,67.0,0.0
123,124,3.0,6.0,6.0,1.0,8.0,3.04948289999993,51.5,24.0,0.1,orientation,color,size,0.3400000000000001,6.5,18,female,1,1913.8339991000005,1,22,0.0,0.0,0.0,0.0,0.0,-1.0,222.0,68.0,0.0
124,125,3.0,1.0,0.0,0.0,8.0,5.5497488999999405,-7.0,2.0,0.14,orientation,color,size,0.3400000000000001,6.5,18,female,1,1913.8339991000005,0,22,0.0,0.0,1.0,0.0,0.0,1.0,223.0,69.0,0.0
125,126,3.0,1.0,1.0,1.0,8.0,7.89939239999967,-88.0,10.0,0.3400000000000001,orientation,color,size,0.3400000000000001,6.5,18,female,1,1913.8339991000005,1,22,0.0,0.0,0.0,0.0,0.0,-1.0,224.0,70.0,0.0
126,127,3.0,5.0,5.0,1.0,8.0,9.350233899999694,83.0,11.0,0.42,orientation,color,size,0.3400000000000001,6.5,18,female,1,1913.8339991000005,0,22,0.0,0.0,0.0,0.0,0.0,1.0,225.0,71.0,0.0
127,128,3.0,6.0,6.0,1.0,8.0,5.517420700000002,51.5,13.0,0.18,orientation,color,size,0.3400000000000001,6.5,18,female,1,1913.8339991000005,0,22,0.0,0.0,0.0,0.0,0.0,0.0,226.0,72.0,0.0
128,129,3.0,5.0,5.0,1.0,8.0,4.166984899999989,65.0,5.0,0.3400000000000001,orientation,color,size,0.3400000000000001,6.5,18,female,1,1913.8339991000005,0,22,0.0,0.0,0.0,0.0,0.0,0.0,227.0,73.0,0.0
129,130,3.0,7.0,6.0,0.0,8.0,2.6173973999993905,42.5,15.0,0.14,orientation,color,size,0.3400000000000001,6.5,18,female,1,1913.8339991000005,0,22,0.0,0.0,1.0,0.0,0.0,0.0,228.0,74.0,0.0
130,131,3.0,5.0,5.0,1.0,8.0,2.499729000000116,6.5,2.0,0.42,orientation,color,size,0.3400000000000001,6.5,18,female,1,1913.8339991000005,1,22,0.0,0.0,0.0,0.0,0.0,-1.0,229.0,75.0,0.0
131,132,3.0,6.0,6.0,1.0,8.0,1.3833881000000474,33.5,14.0,0.14,orientation,color,size,0.3400000000000001,6.5,18,female,1,1913.8339991000005,0,22,0.0,0.0,0.0,0.0,0.0,1.0,230.0,76.0,0.0
132,133,3.0,5.0,5.0,1.0,8.0,0.9163075999995272,65.0,0.0,0.4600000000000001,orientation,color,size,0.3400000000000001,6.5,18,female,1,1913.8339991000005,0,22,0.0,0.0,0.0,0.0,0.0,0.0,231.0,77.0,0.0
133,134,3.0,5.0,5.0,1.0,8.0,0.999906099999862,42.5,4.0,0.42,orientation,color,size,0.3400000000000001,6.5,18,female,1,1913.8339991000005,0,22,0.0,0.0,0.0,0.0,0.0,0.0,232.0,78.0,0.0
134,135,3.0,2.0,3.0,0.0,8.0,3.3167436999992788,-52.0,14.0,0.3400000000000001,orientation,color,size,0.3400000000000001,6.5,18,female,1,1913.8339991000005,0,22,0.0,0.0,1.0,0.0,0.0,0.0,233.0,79.0,0.0
135,136,3.0,6.0,7.0,0.0,8.0,1.6832784999996877,38.0,21.0,0.38,orientation,color,size,0.3400000000000001,6.5,18,female,1,1913.8339991000005,1,22,0.0,0.0,1.0,0.0,0.0,-1.0,234.0,80.0,0.0
136,137,3.0,3.0,3.0,1.0,8.0,2.615372799999932,-34.0,14.0,0.4600000000000001,orientation,color,size,0.3400000000000001,6.5,18,female,1,1913.8339991000005,1,22,0.0,0.0,0.0,0.0,0.0,0.0,235.0,81.0,0.0
137,138,3.0,0.0,0.0,1.0,8.0,2.8831407999996372,-11.5,10.0,0.1,orientation,color,size,0.3400000000000001,6.5,18,female,1,1913.8339991000005,0,22,0.0,0.0,0.0,0.0,0.0,1.0,236.0,82.0,0.0
138,139,3.0,5.0,1.0,0.0,8.0,5.682697399999597,2.0,8.0,0.3400000000000001,orientation,color,size,0.3400000000000001,6.5,18,female,1,1913.8339991000005,0,22,0.0,0.0,1.0,0.0,0.0,0.0,237.0,83.0,0.0
139,140,3.0,6.0,6.0,1.0,8.0,6.28267760000017,11.0,16.0,0.18,orientation,color,size,0.3400000000000001,6.5,18,female,1,1913.8339991000005,1,22,0.0,0.0,0.0,0.0,0.0,-1.0,238.0,84.0,0.0
140,141,3.0,1.0,1.0,1.0,8.0,1.5493546999996397,-38.5,1.0,0.4600000000000001,orientation,color,size,0.3400000000000001,6.5,18,female,1,1913.8339991000005,0,22,0.0,0.0,0.0,0.0,0.0,1.0,239.0,85.0,0.0
141,142,3.0,1.0,1.0,1.0,8.0,2.3004854000000705,-61.0,12.0,0.42,orientation,color,size,0.3400000000000001,6.5,18,female,1,1913.8339991000005,0,22,0.0,0.0,0.0,0.0,0.0,0.0,240.0,86.0,0.0
142,143,3.0,3.0,0.0,0.0,8.0,5.1845234000002165,-83.5,6.0,0.22,orientation,color,size,0.3400000000000001,6.5,18,female,1,1913.8339991000005,0,22,0.0,0.0,2.0,0.0,0.0,0.0,241.0,87.0,0.0
143,144,3.0,6.0,6.0,1.0,8.0,2.166203800000403,38.0,19.0,0.18,orientation,color,size,0.3400000000000001,6.5,18,female,1,1913.8339991000005,1,22,0.0,0.0,0.0,0.0,0.0,-2.0,242.0,88.0,0.0
144,145,3.0,5.0,5.0,1.0,8.0,1.0000837999996293,42.5,0.0,0.42,orientation,color,size,0.3400000000000001,6.5,18,female,1,1913.8339991000005,0,22,0.0,0.0,0.0,0.0,0.0,2.0,243.0,89.0,0.0
145,146,3.0,1.0,1.0,1.0,8.0,1.3000708999998096,-7.0,11.0,0.3400000000000001,orientation,color,size,0.3400000000000001,6.5,18,female,1,1913.8339991000005,0,22,0.0,0.0,0.0,0.0,0.0,0.0,244.0,90.0,0.0
146,147,3.0,2.0,2.0,1.0,8.0,2.733479799999259,-61.0,13.0,0.3,orientation,color,size,0.3400000000000001,6.5,18,female,1,1913.8339991000005,0,22,0.0,0.0,0.0,0.0,0.0,0.0,245.0,91.0,0.0
147,148,3.0,1.0,1.0,1.0,8.0,2.54986319999989,-43.0,8.0,0.3400000000000001,orientation,color,size,0.3400000000000001,6.5,18,female,1,1913.8339991000005,0,22,0.0,0.0,0.0,0.0,0.0,0.0,246.0,92.0,0.0
148,149,3.0,7.0,6.0,0.0,8.0,2.5996162999999797,74.0,13.0,0.18,orientation,color,size,0.3400000000000001,6.5,18,female,1,1913.8339991000005,0,22,0.0,0.0,1.0,0.0,0.0,0.0,247.0,93.0,0.0
149,150,3.0,2.0,3.0,0.0,8.0,1.683390000000145,-11.5,23.0,0.3400000000000001,orientation,color,size,0.3400000000000001,6.5,18,female,1,1913.8339991000005,1,22,0.0,0.0,1.0,0.0,0.0,-1.0,248.0,94.0,0.0
150,151,3.0,6.0,7.0,0.0,8.0,1.1321519000002809,29.0,13.0,0.4600000000000001,orientation,color,size,0.3400000000000001,6.5,18,female,1,1913.8339991000005,1,22,0.0,0.0,1.0,0.0,0.0,0.0,249.0,95.0,0.0
151,152,3.0,2.0,2.0,1.0,8.0,2.216716899999483,-2.5,14.0,0.14,orientation,color,size,0.3400000000000001,6.5,18,female,1,1913.8339991000005,1,22,0.0,0.0,0.0,0.0,0.0,0.0,250.0,96.0,0.0
152,153,3.0,1.0,1.0,1.0,8.0,1.884197800000038,-56.5,7.0,0.3400000000000001,orientation,color,size,0.3400000000000001,6.5,18,female,1,1913.8339991000005,0,22,0.0,0.0,0.0,0.0,0.0,1.0,251.0,97.0,0.0
153,154,3.0,5.0,5.0,1.0,8.0,1.750108199999886,33.5,3.0,0.42,orientation,color,size,0.3400000000000001,6.5,18,female,1,1913.8339991000005,0,22,0.0,0.0,0.0,0.0,0.0,0.0,252.0,98.0,0.0
154,155,3.0,2.0,3.0,0.0,8.0,1.7998741999999766,-38.5,23.0,0.3400000000000001,orientation,color,size,0.3400000000000001,6.5,18,female,1,1913.8339991000005,0,22,0.0,0.0,1.0,0.0,0.0,0.0,253.0,99.0,0.0
155,156,3.0,6.0,6.0,1.0,8.0,2.3483060000007754,56.0,17.0,0.22,orientation,color,size,0.3400000000000001,6.5,18,female,1,1913.8339991000005,1,22,0.0,0.0,0.0,0.0,0.0,-1.0,254.0,100.0,0.0
156,157,3.0,5.0,4.0,0.0,8.0,1.1335439999993469,83.0,11.0,0.3,orientation,color,size,0.3400000000000001,6.5,18,female,1,1913.8339991000005,0,22,0.0,0.0,1.0,0.0,0.0,1.0,255.0,101.0,0.0
157,158,3.0,5.0,5.0,1.0,8.0,1.2660469000002197,60.5,7.0,0.38,orientation,color,size,0.3400000000000001,6.5,18,female,1,1913.8339991000005,1,22,0.0,0.0,0.0,0.0,0.0,-1.0,256.0,102.0,0.0
158,159,3.0,6.0,7.0,0.0,8.0,1.350247099999251,20.0,15.0,0.3400000000000001,orientation,color,size,0.3400000000000001,6.5,18,female,1,1913.8339991000005,0,22,0.0,0.0,1.0,0.0,0.0,1.0,257.0,103.0,0.0
159,160,3.0,1.0,1.0,1.0,8.0,2.01595559999987,-20.5,8.0,0.3400000000000001,orientation,color,size,0.3400000000000001,6.5,18,female,1,1913.8339991000005,1,22,0.0,0.0,0.0,0.0,0.0,-1.0,258.0,104.0,0.0
160,161,3.0,1.0,1.0,1.0,8.0,1.6667724999997515,-20.5,6.0,0.3400000000000001,orientation,color,size,0.3400000000000001,6.5,18,female,1,1913.8339991000005,0,22,0.0,0.0,0.0,0.0,0.0,1.0,259.0,105.0,0.0
161,162,3.0,6.0,6.0,1.0,8.0,4.115583900000274,24.5,24.0,0.14,orientation,color,size,0.3400000000000001,6.5,18,female,1,1913.8339991000005,0,22,0.0,0.0,0.0,0.0,0.0,0.0,260.0,106.0,0.0
162,163,3.0,5.0,4.0,0.0,8.0,5.000054400000408,24.5,2.0,0.1,orientation,color,size,0.3400000000000001,6.5,18,female,1,1913.8339991000005,0,22,0.0,0.0,1.0,0.0,0.0,0.0,261.0,107.0,0.0
163,164,3.0,7.0,7.0,1.0,8.0,2.9494784999997137,24.5,14.0,0.4600000000000001,orientation,color,size,0.3400000000000001,6.5,18,female,1,1913.8339991000005,1,22,0.0,0.0,0.0,0.0,0.0,-1.0,262.0,108.0,0.0
164,165,3.0,5.0,4.0,0.0,8.0,2.348866899999848,74.0,6.0,0.3,orientation,color,size,0.3400000000000001,6.5,18,female,1,1913.8339991000005,0,22,0.0,0.0,1.0,0.0,0.0,1.0,263.0,109.0,0.0
165,166,3.0,6.0,6.0,1.0,8.0,1.0665403000002698,65.0,21.0,0.26,orientation,color,size,0.3400000000000001,6.5,18,female,1,1913.8339991000005,1,22,0.0,0.0,0.0,0.0,0.0,-1.0,264.0,110.0,0.0
166,167,3.0,5.0,4.0,0.0,8.0,4.250236500000028,78.5,9.0,0.22,orientation,color,size,0.3400000000000001,6.5,18,female,1,1913.8339991000005,0,22,0.0,0.0,1.0,0.0,0.0,1.0,265.0,111.0,0.0
167,168,3.0,1.0,0.0,0.0,8.0,1.5159271999991688,-7.0,2.0,0.22,orientation,color,size,0.3400000000000001,6.5,18,female,1,1913.8339991000005,1,22,0.0,0.0,1.0,0.0,0.0,-1.0,266.0,112.0,0.0
168,169,3.0,0.0,0.0,1.0,8.0,1.282764199999292,-43.0,2.0,0.1,orientation,color,size,0.3400000000000001,6.5,18,female,1,1913.8339991000005,1,22,0.0,0.0,0.0,0.0,0.0,0.0,267.0,113.0,0.0
169,170,3.0,2.0,2.0,1.0,8.0,1.6168336999999156,-38.5,20.0,0.3,orientation,color,size,0.3400000000000001,6.5,18,female,1,1913.8339991000005,0,22,0.0,0.0,0.0,0.0,0.0,1.0,268.0,114.0,0.0
170,171,3.0,1.0,1.0,1.0,8.0,1.367559400000573,-83.5,8.0,0.42,orientation,color,size,0.3400000000000001,6.5,18,female,1,1913.8339991000005,0,22,0.0,0.0,0.0,0.0,0.0,0.0,269.0,115.0,0.0
171,172,3.0,3.0,2.0,0.0,8.0,1.5502308000004632,-74.5,20.0,0.18,orientation,color,size,0.3400000000000001,6.5,18,female,1,1913.8339991000005,0,22,0.0,0.0,1.0,0.0,0.0,0.0,270.0,116.0,0.0
172,173,3.0,4.0,4.0,1.0,8.0,4.632044799999676,74.0,12.0,0.3,orientation,color,size,0.3400000000000001,6.5,18,female,1,1913.8339991000005,1,22,0.0,0.0,0.0,0.0,0.0,-1.0,271.0,117.0,0.0
173,174,3.0,7.0,6.0,0.0,8.0,6.817633300000125,29.0,16.0,0.14,orientation,color,size,0.3400000000000001,6.5,18,female,1,1913.8339991000005,0,22,0.0,0.0,1.0,0.0,0.0,1.0,272.0,118.0,0.0
174,175,3.0,2.0,2.0,1.0,8.0,2.332250700000259,-43.0,17.0,0.22,orientation,color,size,0.3400000000000001,6.5,18,female,1,1913.8339991000005,1,22,0.0,0.0,0.0,0.0,0.0,-1.0,273.0,119.0,0.0
175,176,3.0,2.0,2.0,1.0,8.0,3.783481299999949,-25.0,21.0,0.14,orientation,color,size,0.3400000000000001,6.5,18,female,1,1913.8339991000005,0,22,0.0,0.0,0.0,0.0,0.0,1.0,274.0,120.0,0.0
176,177,3.0,1.0,0.0,0.0,8.0,2.732641199999307,-25.0,7.0,0.22,orientation,color,size,0.3400000000000001,6.5,18,female,1,1913.8339991000005,0,22,0.0,0.0,1.0,0.0,0.0,0.0,275.0,121.0,0.0
177,178,3.0,3.0,3.0,1.0,8.0,2.282581599999503,-20.5,13.0,0.4600000000000001,orientation,color,size,0.3400000000000001,6.5,18,female,1,1913.8339991000005,1,22,0.0,0.0,0.0,0.0,0.0,-1.0,276.0,122.0,0.0
178,179,3.0,4.0,4.0,1.0,8.0,5.23334370000066,24.5,5.0,0.18,orientation,color,size,0.3400000000000001,6.5,18,female,1,1913.8339991000005,0,22,0.0,0.0,0.0,0.0,0.0,1.0,277.0,123.0,0.0
179,180,3.0,6.0,2.0,0.0,8.0,4.816532900000311,2.0,18.0,0.14,orientation,color,size,0.3400000000000001,6.5,18,female,1,1913.8339991000005,0,22,0.0,0.0,1.0,0.0,0.0,0.0,278.0,124.0,0.0
180,181,3.0,1.0,0.0,0.0,8.0,1.6329591000003347,-52.0,5.0,0.3,orientation,color,size,0.3400000000000001,6.5,18,female,1,1913.8339991000005,1,22,0.0,0.0,1.0,0.0,0.0,-1.0,279.0,125.0,0.0
181,182,3.0,0.0,0.0,1.0,8.0,2.4832273000001805,-56.5,0.0,0.1,orientation,color,size,0.3400000000000001,6.5,18,female,1,1913.8339991000005,1,22,0.0,0.0,0.0,0.0,0.0,0.0,280.0,126.0,0.0
182,183,3.0,2.0,7.0,0.0,8.0,2.0499931000003926,69.5,18.0,0.38,orientation,color,size,0.3400000000000001,6.5,18,female,1,1913.8339991000005,0,22,0.0,0.0,2.0,0.0,0.0,1.0,281.0,127.0,0.0
183,184,3.0,3.0,2.0,0.0,8.0,3.6495027000000846,-34.0,16.0,0.14,orientation,color,size,0.3400000000000001,6.5,18,female,1,1913.8339991000005,1,22,0.0,0.0,1.0,0.0,0.0,-2.0,282.0,128.0,0.0
184,185,3.0,2.0,3.0,0.0,8.0,2.499256799999785,-61.0,24.0,0.42,orientation,color,size,0.3400000000000001,6.5,18,female,1,1913.8339991000005,1,22,0.0,0.0,1.0,0.0,0.0,1.0,283.0,129.0,0.0
185,186,3.0,7.0,7.0,1.0,8.0,3.198830899999848,56.0,14.0,0.38,orientation,color,size,0.3400000000000001,6.5,18,female,1,1913.8339991000005,1,22,0.0,0.0,0.0,0.0,0.0,0.0,284.0,130.0,0.0
186,187,3.0,2.0,2.0,1.0,8.0,2.5172167000000627,-70.0,22.0,0.22,orientation,color,size,0.3400000000000001,6.5,18,female,1,1913.8339991000005,0,22,0.0,0.0,0.0,0.0,0.0,1.0,285.0,131.0,0.0
187,188,3.0,6.0,6.0,1.0,8.0,3.165708600000471,74.0,23.0,0.18,orientation,color,size,0.3400000000000001,6.5,18,female,1,1913.8339991000005,0,22,0.0,0.0,0.0,0.0,0.0,0.0,286.0,132.0,0.0
188,189,3.0,4.0,5.0,0.0,8.0,5.716220700000122,78.5,11.0,0.4600000000000001,orientation,color,size,0.3400000000000001,6.5,18,female,1,1913.8339991000005,0,22,0.0,0.0,1.0,0.0,0.0,0.0,287.0,133.0,0.0
189,190,3.0,6.0,6.0,1.0,8.0,1.6990804000006392,11.0,22.0,0.22,orientation,color,size,0.3400000000000001,6.5,18,female,1,1913.8339991000005,1,22,0.0,0.0,0.0,0.0,0.0,-1.0,288.0,134.0,0.0
190,191,3.0,6.0,6.0,1.0,8.0,1.3999427999997351,33.5,23.0,0.26,orientation,color,size,0.3400000000000001,6.5,18,female,1,1913.8339991000005,0,22,0.0,0.0,0.0,0.0,0.0,1.0,289.0,135.0,0.0
191,192,3.0,1.0,1.0,1.0,8.0,4.215784899999562,-47.5,4.0,0.42,orientation,color,size,0.3400000000000001,6.5,18,female,1,1913.8339991000005,0,22,0.0,0.0,0.0,0.0,0.0,0.0,290.0,136.0,0.0
192,193,3.0,4.0,5.0,0.0,8.0,8.132989400000042,87.5,9.0,0.4600000000000001,orientation,color,size,0.3400000000000001,6.5,18,female,1,1913.8339991000005,0,22,0.0,0.0,1.0,0.0,0.0,0.0,291.0,137.0,0.0
193,194,3.0,4.0,4.0,1.0,8.0,3.216240000000653,47.0,12.0,0.22,orientation,color,size,0.3400000000000001,6.5,18,female,1,1913.8339991000005,1,22,0.0,0.0,0.0,0.0,0.0,-1.0,292.0,138.0,0.0
194,195,3.0,4.0,4.0,1.0,8.0,1.0491706000002523,42.5,6.0,0.26,orientation,color,size,0.3400000000000001,6.5,18,female,1,1913.8339991000005,0,22,0.0,0.0,0.0,0.0,0.0,1.0,293.0,139.0,0.0
195,196,3.0,1.0,1.0,1.0,8.0,4.216258599999492,-34.0,11.0,0.4600000000000001,orientation,color,size,0.3400000000000001,6.5,18,female,1,1913.8339991000005,0,22,0.0,0.0,0.0,0.0,0.0,0.0,294.0,140.0,0.0
196,197,3.0,6.0,6.0,1.0,8.0,3.366706699999668,65.0,19.0,0.22,orientation,color,size,0.3400000000000001,6.5,18,female,1,1913.8339991000005,0,22,0.0,0.0,0.0,0.0,0.0,0.0,295.0,141.0,0.0
197,198,3.0,4.0,4.0,1.0,8.0,5.8996078000000125,56.0,9.0,0.26,orientation,color,size,0.3400000000000001,6.5,18,female,1,1913.8339991000005,0,22,0.0,0.0,0.0,0.0,0.0,0.0,296.0,142.0,0.0
198,199,3.0,1.0,1.0,1.0,8.0,3.999154500000259,-25.0,8.0,0.38,orientation,color,size,0.3400000000000001,6.5,18,female,1,1913.8339991000005,0,22,0.0,0.0,0.0,0.0,0.0,0.0,297.0,143.0,0.0
199,200,3.0,5.0,5.0,1.0,8.0,3.0995814999996583,42.5,11.0,0.4600000000000001,orientation,color,size,0.3400000000000001,6.5,18,female,1,1913.8339991000005,0,22,0.0,0.0,0.0,0.0,0.0,0.0,298.0,144.0,0.0
200,201,3.0,6.0,6.0,1.0,8.0,6.366927800000667,33.5,24.0,0.3,orientation,color,size,0.3400000000000001,6.5,18,female,1,1913.8339991000005,0,22,0.0,0.0,0.0,0.0,0.0,0.0,299.0,145.0,0.0
201,202,3.0,6.0,6.0,1.0,8.0,2.449595500000214,11.0,23.0,0.1,orientation,color,size,0.3400000000000001,6.5,18,female,1,1913.8339991000005,0,22,0.0,0.0,0.0,0.0,0.0,0.0,300.0,146.0,0.0
202,203,3.0,5.0,5.0,1.0,8.0,3.1665837999998985,15.5,5.0,0.4600000000000001,orientation,color,size,0.3400000000000001,6.5,18,female,1,1913.8339991000005,0,22,0.0,0.0,0.0,0.0,0.0,0.0,301.0,147.0,0.0
203,204,1.0,1.0,1.0,1.0,2.0,2.9775559999998222,47.0,2.0,0.38,orientation,color,size,0.3400000000000001,6.5,18,female,1,1913.8339991000005,1,22,0.0,0.0,0.0,0.0,0.0,0.0,0.0,148.0,1.0
204,205,1.0,1.0,1.0,1.0,2.0,3.000552399999833,65.0,14.0,0.3400000000000001,orientation,color,size,0.3400000000000001,6.5,18,female,1,1913.8339991000005,0,22,0.0,0.0,0.0,0.0,0.0,0.0,0.0,149.0,2.0
205,206,1.0,0.0,0.0,1.0,2.0,1.1342236999998931,-20.5,8.0,0.22,orientation,color,size,0.3400000000000001,6.5,18,female,1,1913.8339991000005,0,22,0.0,0.0,0.0,0.0,0.0,0.0,0.0,150.0,3.0
206,207,1.0,0.0,0.0,1.0,2.0,1.0006300000004558,-25.0,4.0,0.14,orientation,color,size,0.3400000000000001,6.5,18,female,1,1913.8339991000005,0,22,0.0,0.0,0.0,0.0,0.0,0.0,0.0,151.0,4.0
207,208,1.0,0.0,0.0,1.0,2.0,1.867067500000303,-2.5,5.0,0.4600000000000001,orientation,color,size,0.3400000000000001,6.5,18,female,1,1913.8339991000005,0,22,0.0,0.0,0.0,0.0,0.0,0.0,0.0,152.0,5.0
208,209,1.0,1.0,1.0,1.0,2.0,1.7004332999995313,60.5,24.0,0.38,orientation,color,size,0.3400000000000001,6.5,18,female,1,1913.8339991000005,0,22,0.0,0.0,0.0,0.0,0.0,0.0,0.0,153.0,6.0
209,210,1.0,1.0,1.0,1.0,2.0,1.450670700000046,65.0,6.0,0.14,orientation,color,size,0.3400000000000001,6.5,18,female,1,1913.8339991000005,0,22,0.0,0.0,0.0,0.0,0.0,0.0,0.0,154.0,7.0
210,211,1.0,0.0,0.0,1.0,2.0,1.0999390000006315,-52.0,21.0,0.1,orientation,color,size,0.3400000000000001,6.5,18,female,1,1913.8339991000005,0,22,0.0,0.0,0.0,0.0,0.0,0.0,0.0,155.0,8.0
211,212,1.0,1.0,0.0,0.0,2.0,8.118139499999415,2.0,17.0,0.18,orientation,color,size,0.3400000000000001,6.5,18,female,1,1913.8339991000005,0,22,1.0,0.0,0.0,0.0,0.0,0.0,0.0,156.0,9.0
212,213,1.0,1.0,1.0,1.0,2.0,1.5280479000002742,83.0,11.0,0.22,orientation,color,size,0.3400000000000001,6.5,18,female,1,1913.8339991000005,1,22,0.0,0.0,0.0,-1.0,0.0,0.0,0.0,157.0,10.0
213,214,1.0,0.0,0.0,1.0,2.0,2.384178199999951,-52.0,13.0,0.3,orientation,color,size,0.3400000000000001,6.5,18,female,1,1913.8339991000005,0,22,0.0,0.0,0.0,1.0,0.0,0.0,0.0,158.0,11.0
214,215,1.0,1.0,1.0,1.0,2.0,0.9332002999999532,56.0,9.0,0.38,orientation,color,size,0.3400000000000001,6.5,18,female,1,1913.8339991000005,0,22,0.0,0.0,0.0,0.0,0.0,0.0,0.0,159.0,12.0
215,216,1.0,1.0,1.0,1.0,2.0,0.8006630999998379,47.0,9.0,0.1,orientation,color,size,0.3400000000000001,6.5,18,female,1,1913.8339991000005,0,22,0.0,0.0,0.0,0.0,0.0,0.0,0.0,160.0,13.0
216,217,1.0,0.0,0.0,1.0,2.0,1.6163329999999403,-79.0,1.0,0.22,orientation,color,size,0.3400000000000001,6.5,18,female,1,1913.8339991000005,0,22,0.0,0.0,0.0,0.0,0.0,0.0,0.0,161.0,14.0
217,218,1.0,0.0,0.0,1.0,2.0,1.1500321000003169,-65.5,23.0,0.26,orientation,color,size,0.3400000000000001,6.5,18,female,1,1913.8339991000005,0,22,0.0,0.0,0.0,0.0,0.0,0.0,0.0,162.0,15.0
218,219,1.0,1.0,1.0,1.0,2.0,1.6511936999995669,6.5,20.0,0.3,orientation,color,size,0.3400000000000001,6.5,18,female,1,1913.8339991000005,0,22,0.0,0.0,0.0,0.0,0.0,0.0,0.0,163.0,16.0
219,220,1.0,0.0,0.0,1.0,2.0,1.250565800000004,-52.0,4.0,0.4600000000000001,orientation,color,size,0.3400000000000001,6.5,18,female,1,1913.8339991000005,0,22,0.0,0.0,0.0,0.0,0.0,0.0,0.0,164.0,17.0
220,221,1.0,1.0,1.0,1.0,2.0,1.0009225000003426,51.5,9.0,0.4600000000000001,orientation,color,size,0.3400000000000001,6.5,18,female,1,1913.8339991000005,0,22,0.0,0.0,0.0,0.0,0.0,0.0,0.0,165.0,18.0
221,222,1.0,1.0,1.0,1.0,2.0,0.7001313000000664,42.5,19.0,0.38,orientation,color,size,0.3400000000000001,6.5,18,female,1,1913.8339991000005,0,22,0.0,0.0,0.0,0.0,0.0,0.0,0.0,166.0,19.0
222,223,2.0,2.0,3.0,0.0,4.0,4.332705300000271,47.0,17.0,0.26,orientation,color,size,0.3400000000000001,6.5,18,female,1,1913.8339991000005,1,22,0.0,1.0,0.0,0.0,0.0,0.0,1.0,0.0,20.0
223,224,2.0,2.0,2.0,1.0,4.0,4.549199600000065,47.0,6.0,0.26,orientation,color,size,0.3400000000000001,6.5,18,female,1,1913.8339991000005,1,22,0.0,0.0,0.0,0.0,-1.0,0.0,2.0,0.0,21.0
224,225,2.0,2.0,2.0,1.0,4.0,1.6347825000002558,24.5,9.0,0.18,orientation,color,size,0.3400000000000001,6.5,18,female,1,1913.8339991000005,0,22,0.0,0.0,0.0,0.0,1.0,0.0,3.0,0.0,22.0
225,226,2.0,2.0,2.0,1.0,4.0,1.7000235000004975,83.0,6.0,0.14,orientation,color,size,0.3400000000000001,6.5,18,female,1,1913.8339991000005,0,22,0.0,0.0,0.0,0.0,0.0,0.0,4.0,0.0,23.0
226,227,2.0,3.0,3.0,1.0,4.0,1.9323191000003137,56.0,14.0,0.22,orientation,color,size,0.3400000000000001,6.5,18,female,1,1913.8339991000005,0,22,0.0,0.0,0.0,0.0,0.0,0.0,5.0,0.0,24.0
227,228,2.0,3.0,3.0,1.0,4.0,1.9345812999999907,15.5,23.0,0.38,orientation,color,size,0.3400000000000001,6.5,18,female,1,1913.8339991000005,0,22,0.0,0.0,0.0,0.0,0.0,0.0,6.0,0.0,25.0
228,229,2.0,3.0,3.0,1.0,4.0,1.1337507999996888,38.0,16.0,0.22,orientation,color,size,0.3400000000000001,6.5,18,female,1,1913.8339991000005,0,22,0.0,0.0,0.0,0.0,0.0,0.0,7.0,0.0,26.0
229,230,2.0,0.0,0.0,1.0,4.0,1.9672740000005433,-74.5,6.0,0.42,orientation,color,size,0.3400000000000001,6.5,18,female,1,1913.8339991000005,0,22,0.0,0.0,0.0,0.0,0.0,0.0,8.0,0.0,27.0
230,231,2.0,0.0,0.0,1.0,4.0,1.166922600000362,-20.5,10.0,0.4600000000000001,orientation,color,size,0.3400000000000001,6.5,18,female,1,1913.8339991000005,0,22,0.0,0.0,0.0,0.0,0.0,0.0,9.0,0.0,28.0
231,232,2.0,3.0,3.0,1.0,4.0,1.633690900000147,11.0,15.0,0.3400000000000001,orientation,color,size,0.3400000000000001,6.5,18,female,1,1913.8339991000005,0,22,0.0,0.0,0.0,0.0,0.0,0.0,10.0,0.0,29.0
232,233,2.0,0.0,0.0,1.0,4.0,5.066596799999388,-70.0,7.0,0.38,orientation,color,size,0.3400000000000001,6.5,18,female,1,1913.8339991000005,0,22,0.0,0.0,0.0,0.0,0.0,0.0,11.0,0.0,30.0
233,234,1.0,0.0,0.0,1.0,2.0,0.8289810999995098,-74.5,3.0,0.22,orientation,color,size,0.3400000000000001,6.5,18,female,1,1913.8339991000005,1,22,0.0,0.0,0.0,0.0,0.0,0.0,0.0,1.0,31.0
234,235,1.0,0.0,0.0,1.0,2.0,2.8830238999998983,-7.0,13.0,0.18,orientation,color,size,0.3400000000000001,6.5,18,female,1,1913.8339991000005,0,22,0.0,0.0,0.0,0.0,0.0,0.0,0.0,2.0,32.0
235,236,1.0,0.0,0.0,1.0,2.0,0.7998937000002115,-25.0,10.0,0.3,orientation,color,size,0.3400000000000001,6.5,18,female,1,1913.8339991000005,0,22,0.0,0.0,0.0,0.0,0.0,0.0,0.0,3.0,33.0
236,237,1.0,0.0,0.0,1.0,2.0,0.6180076999999073,-47.5,16.0,0.18,orientation,color,size,0.3400000000000001,6.5,18,female,1,1913.8339991000005,0,22,0.0,0.0,0.0,0.0,0.0,0.0,0.0,4.0,34.0
237,238,1.0,1.0,1.0,1.0,2.0,1.2508216999995057,33.5,13.0,0.3,orientation,color,size,0.3400000000000001,6.5,18,female,1,1913.8339991000005,0,22,0.0,0.0,0.0,0.0,0.0,0.0,0.0,5.0,35.0
238,239,1.0,1.0,1.0,1.0,2.0,4.084148500000083,87.5,17.0,0.3400000000000001,orientation,color,size,0.3400000000000001,6.5,18,female,1,1913.8339991000005,0,22,0.0,0.0,0.0,0.0,0.0,0.0,0.0,6.0,36.0
239,240,1.0,0.0,0.0,1.0,2.0,1.683263299999453,-29.5,17.0,0.22,orientation,color,size,0.3400000000000001,6.5,18,female,1,1913.8339991000005,0,22,0.0,0.0,0.0,0.0,0.0,0.0,0.0,7.0,37.0
240,241,1.0,1.0,1.0,1.0,2.0,1.0003209999995306,20.0,14.0,0.14,orientation,color,size,0.3400000000000001,6.5,18,female,1,1913.8339991000005,0,22,0.0,0.0,0.0,0.0,0.0,0.0,0.0,8.0,38.0
241,242,1.0,0.0,0.0,1.0,2.0,1.2008623000001537,-70.0,3.0,0.26,orientation,color,size,0.3400000000000001,6.5,18,female,1,1913.8339991000005,0,22,0.0,0.0,0.0,0.0,0.0,0.0,0.0,9.0,39.0
242,243,1.0,0.0,0.0,1.0,2.0,1.3832295000001975,-34.0,1.0,0.3400000000000001,orientation,color,size,0.3400000000000001,6.5,18,female,1,1913.8339991000005,0,22,0.0,0.0,0.0,0.0,0.0,0.0,0.0,10.0,40.0
243,244,3.0,1.0,1.0,1.0,8.0,7.782865700000002,-2.5,10.0,0.4600000000000001,orientation,color,size,0.3400000000000001,6.5,18,female,1,1913.8339991000005,1,22,0.0,0.0,0.0,0.0,0.0,0.0,1.0,11.0,0.0
244,245,3.0,2.0,2.0,1.0,8.0,3.065724699999919,-70.0,16.0,0.3,orientation,color,size,0.3400000000000001,6.5,18,female,1,1913.8339991000005,0,22,0.0,0.0,0.0,0.0,0.0,0.0,2.0,12.0,0.0
245,246,3.0,3.0,3.0,1.0,8.0,1.400058600000193,-25.0,24.0,0.4600000000000001,orientation,color,size,0.3400000000000001,6.5,18,female,1,1913.8339991000005,0,22,0.0,0.0,0.0,0.0,0.0,0.0,3.0,13.0,0.0
246,247,3.0,4.0,4.0,1.0,8.0,4.016126299999996,78.5,5.0,0.3,orientation,color,size,0.3400000000000001,6.5,18,female,1,1913.8339991000005,0,22,0.0,0.0,0.0,0.0,0.0,0.0,4.0,14.0,0.0
247,248,3.0,2.0,2.0,1.0,8.0,1.7162889999999609,-34.0,19.0,0.26,orientation,color,size,0.3400000000000001,6.5,18,female,1,1913.8339991000005,0,22,0.0,0.0,0.0,0.0,0.0,0.0,5.0,15.0,0.0
248,249,3.0,7.0,3.0,0.0,8.0,3.83234899999934,2.0,23.0,0.42,orientation,color,size,0.3400000000000001,6.5,18,female,1,1913.8339991000005,0,22,0.0,0.0,1.0,0.0,0.0,0.0,6.0,16.0,0.0
249,250,3.0,2.0,2.0,1.0,8.0,3.0822964999997566,-74.5,14.0,0.26,orientation,color,size,0.3400000000000001,6.5,18,female,1,1913.8339991000005,1,22,0.0,0.0,0.0,0.0,0.0,-1.0,7.0,17.0,0.0
250,251,3.0,2.0,2.0,1.0,8.0,1.083090699999957,-83.5,21.0,0.18,orientation,color,size,0.3400000000000001,6.5,18,female,1,1913.8339991000005,0,22,0.0,0.0,0.0,0.0,0.0,1.0,8.0,18.0,0.0
251,252,3.0,2.0,2.0,1.0,8.0,0.9999510999996346,-29.5,14.0,0.14,orientation,color,size,0.3400000000000001,6.5,18,female,1,1913.8339991000005,0,22,0.0,0.0,0.0,0.0,0.0,0.0,9.0,19.0,0.0
252,253,3.0,6.0,6.0,1.0,8.0,4.5500970999992205,38.0,18.0,0.3,orientation,color,size,0.3400000000000001,6.5,18,female,1,1913.8339991000005,0,22,0.0,0.0,0.0,0.0,0.0,0.0,10.0,20.0,0.0
253,254,3.0,6.0,6.0,1.0,8.0,1.7499307999996745,65.0,24.0,0.18,orientation,color,size,0.3400000000000001,6.5,18,female,1,1913.8339991000005,0,22,0.0,0.0,0.0,0.0,0.0,0.0,11.0,21.0,0.0
254,255,3.0,2.0,2.0,1.0,8.0,1.9667701999997007,-20.5,18.0,0.18,orientation,color,size,0.3400000000000001,6.5,18,female,1,1913.8339991000005,0,22,0.0,0.0,0.0,0.0,0.0,0.0,12.0,22.0,0.0
255,256,3.0,3.0,3.0,1.0,8.0,2.3006189999996423,-43.0,24.0,0.3400000000000001,orientation,color,size,0.3400000000000001,6.5,18,female,1,1913.8339991000005,0,22,0.0,0.0,0.0,0.0,0.0,0.0,13.0,23.0,0.0
256,257,3.0,4.0,4.0,1.0,8.0,4.850137500000528,20.0,10.0,0.1,orientation,color,size,0.3400000000000001,6.5,18,female,1,1913.8339991000005,0,22,0.0,0.0,0.0,0.0,0.0,0.0,14.0,24.0,0.0
257,258,3.0,5.0,5.0,1.0,8.0,1.5998628000006647,6.5,11.0,0.4600000000000001,orientation,color,size,0.3400000000000001,6.5,18,female,1,1913.8339991000005,0,22,0.0,0.0,0.0,0.0,0.0,0.0,15.0,25.0,0.0
258,259,3.0,2.0,3.0,0.0,8.0,2.9997223000000304,-34.0,16.0,0.3400000000000001,orientation,color,size,0.3400000000000001,6.5,18,female,1,1913.8339991000005,0,22,0.0,0.0,1.0,0.0,0.0,0.0,16.0,26.0,0.0
259,260,3.0,7.0,7.0,1.0,8.0,6.898182000000816,83.0,17.0,0.42,orientation,color,size,0.3400000000000001,6.5,18,female,1,1913.8339991000005,1,22,0.0,0.0,0.0,0.0,0.0,-1.0,17.0,27.0,0.0
260,261,3.0,3.0,3.0,1.0,8.0,3.533317999999781,-61.0,13.0,0.4600000000000001,orientation,color,size,0.3400000000000001,6.5,18,female,1,1913.8339991000005,0,22,0.0,0.0,0.0,0.0,0.0,1.0,18.0,28.0,0.0
261,262,3.0,4.0,4.0,1.0,8.0,3.750350399999661,47.0,1.0,0.26,orientation,color,size,0.3400000000000001,6.5,18,female,1,1913.8339991000005,0,22,0.0,0.0,0.0,0.0,0.0,0.0,19.0,29.0,0.0
262,263,3.0,6.0,6.0,1.0,8.0,1.600479599999744,65.0,15.0,0.14,orientation,color,size,0.3400000000000001,6.5,18,female,1,1913.8339991000005,0,22,0.0,0.0,0.0,0.0,0.0,0.0,20.0,30.0,0.0
263,264,3.0,2.0,2.0,1.0,8.0,12.000108700000055,-83.5,14.0,0.26,orientation,color,size,0.3400000000000001,6.5,18,female,1,1913.8339991000005,0,22,0.0,0.0,0.0,0.0,0.0,0.0,21.0,31.0,0.0
264,265,3.0,5.0,6.0,0.0,8.0,1.8333819999998011,47.0,14.0,0.22,orientation,color,size,0.3400000000000001,6.5,18,female,1,1913.8339991000005,0,22,0.0,0.0,2.0,0.0,0.0,0.0,22.0,32.0,0.0
265,266,3.0,1.0,1.0,1.0,8.0,2.781784799999514,-74.5,7.0,0.4600000000000001,orientation,color,size,0.3400000000000001,6.5,18,female,1,1913.8339991000005,1,22,0.0,0.0,0.0,0.0,0.0,-2.0,23.0,33.0,0.0
266,267,3.0,6.0,6.0,1.0,8.0,6.415935900000477,60.5,20.0,0.26,orientation,color,size,0.3400000000000001,6.5,18,female,1,1913.8339991000005,0,22,0.0,0.0,0.0,0.0,0.0,2.0,24.0,34.0,0.0
267,268,3.0,1.0,0.0,0.0,8.0,4.566428600000108,-88.0,0.0,0.1,orientation,color,size,0.3400000000000001,6.5,18,female,1,1913.8339991000005,0,22,0.0,0.0,1.0,0.0,0.0,0.0,25.0,35.0,0.0
268,269,3.0,2.0,2.0,1.0,8.0,6.398801999999705,-2.5,19.0,0.26,orientation,color,size,0.3400000000000001,6.5,18,female,1,1913.8339991000005,1,22,0.0,0.0,0.0,0.0,0.0,-1.0,26.0,36.0,0.0
269,270,3.0,1.0,1.0,1.0,8.0,1.8177880000002915,-29.5,5.0,0.4600000000000001,orientation,color,size,0.3400000000000001,6.5,18,female,1,1913.8339991000005,0,22,0.0,0.0,0.0,0.0,0.0,1.0,27.0,37.0,0.0
270,271,3.0,4.0,4.0,1.0,8.0,3.4174396999997043,69.5,9.0,0.22,orientation,color,size,0.3400000000000001,6.5,18,female,1,1913.8339991000005,0,22,0.0,0.0,0.0,0.0,0.0,0.0,28.0,38.0,0.0
271,272,3.0,5.0,5.0,1.0,8.0,2.166164000000208,20.0,1.0,0.4600000000000001,orientation,color,size,0.3400000000000001,6.5,18,female,1,1913.8339991000005,0,22,0.0,0.0,0.0,0.0,0.0,0.0,29.0,39.0,0.0
272,273,3.0,3.0,3.0,1.0,8.0,3.949165200000607,-65.5,22.0,0.42,orientation,color,size,0.3400000000000001,6.5,18,female,1,1913.8339991000005,0,22,0.0,0.0,0.0,0.0,0.0,0.0,30.0,40.0,0.0
273,274,3.0,0.0,0.0,1.0,8.0,4.883509899999808,-61.0,1.0,0.3,orientation,color,size,0.3400000000000001,6.5,18,female,1,1913.8339991000005,0,22,0.0,0.0,0.0,0.0,0.0,0.0,31.0,41.0,0.0
274,275,3.0,4.0,4.0,1.0,8.0,8.516224999999395,51.5,7.0,0.26,orientation,color,size,0.3400000000000001,6.5,18,female,1,1913.8339991000005,0,22,0.0,0.0,0.0,0.0,0.0,0.0,32.0,42.0,0.0
275,276,3.0,5.0,5.0,1.0,8.0,2.1996564999999464,33.5,7.0,0.38,orientation,color,size,0.3400000000000001,6.5,18,female,1,1913.8339991000005,0,22,0.0,0.0,0.0,0.0,0.0,0.0,33.0,43.0,0.0
276,277,3.0,2.0,2.0,1.0,8.0,4.700087600000188,-61.0,15.0,0.14,orientation,color,size,0.3400000000000001,6.5,18,female,1,1913.8339991000005,0,22,0.0,0.0,0.0,0.0,0.0,0.0,34.0,44.0,0.0
277,278,3.0,6.0,6.0,1.0,8.0,2.983071800000289,51.5,20.0,0.18,orientation,color,size,0.3400000000000001,6.5,18,female,1,1913.8339991000005,0,22,0.0,0.0,0.0,0.0,0.0,0.0,35.0,45.0,0.0
278,279,2.0,1.0,1.0,1.0,4.0,4.066601600000467,-83.5,19.0,0.4600000000000001,orientation,color,size,0.3400000000000001,6.5,18,female,1,1913.8339991000005,1,22,0.0,0.0,0.0,0.0,0.0,0.0,36.0,0.0,1.0
279,280,2.0,0.0,0.0,1.0,4.0,1.1335128000000625,-52.0,9.0,0.38,orientation,color,size,0.3400000000000001,6.5,18,female,1,1913.8339991000005,0,22,0.0,0.0,0.0,0.0,0.0,0.0,37.0,0.0,2.0
280,281,2.0,3.0,3.0,1.0,4.0,1.9508328000001711,83.0,15.0,0.14,orientation,color,size,0.3400000000000001,6.5,18,female,1,1913.8339991000005,0,22,0.0,0.0,0.0,0.0,0.0,0.0,38.0,0.0,3.0
281,282,2.0,1.0,1.0,1.0,4.0,1.2831317000000126,-34.0,18.0,0.38,orientation,color,size,0.3400000000000001,6.5,18,female,1,1913.8339991000005,0,22,0.0,0.0,0.0,0.0,0.0,0.0,39.0,0.0,4.0
282,283,2.0,2.0,2.0,1.0,4.0,1.0671284000000014,11.0,1.0,0.22,orientation,color,size,0.3400000000000001,6.5,18,female,1,1913.8339991000005,0,22,0.0,0.0,0.0,0.0,0.0,0.0,40.0,0.0,5.0
283,284,2.0,0.0,0.0,1.0,4.0,0.96737419999954,-38.5,5.0,0.18,orientation,color,size,0.3400000000000001,6.5,18,female,1,1913.8339991000005,0,22,0.0,0.0,0.0,0.0,0.0,0.0,41.0,0.0,6.0
284,285,2.0,2.0,2.0,1.0,4.0,6.583321499999329,33.5,2.0,0.26,orientation,color,size,0.3400000000000001,6.5,18,female,1,1913.8339991000005,0,22,0.0,0.0,0.0,0.0,0.0,0.0,42.0,0.0,7.0
285,286,2.0,0.0,0.0,1.0,4.0,1.4508701999993718,-56.5,10.0,0.22,orientation,color,size,0.3400000000000001,6.5,18,female,1,1913.8339991000005,0,22,0.0,0.0,0.0,0.0,0.0,0.0,43.0,0.0,8.0
286,287,2.0,3.0,3.0,1.0,4.0,1.9663518999996088,15.5,24.0,0.3400000000000001,orientation,color,size,0.3400000000000001,6.5,18,female,1,1913.8339991000005,0,22,0.0,0.0,0.0,0.0,0.0,0.0,44.0,0.0,9.0
287,288,2.0,3.0,3.0,1.0,4.0,1.9332574000000025,33.5,13.0,0.22,orientation,color,size,0.3400000000000001,6.5,18,female,1,1913.8339991000005,0,22,0.0,0.0,0.0,0.0,0.0,0.0,45.0,0.0,10.0
288,289,1.0,0.0,0.0,1.0,2.0,0.9288550999999644,-70.0,0.0,0.22,orientation,color,size,0.3400000000000001,6.5,18,female,1,1913.8339991000005,1,22,0.0,0.0,0.0,0.0,0.0,0.0,0.0,1.0,11.0
289,290,1.0,0.0,0.0,1.0,2.0,1.3168910000003962,-11.5,20.0,0.3400000000000001,orientation,color,size,0.3400000000000001,6.5,18,female,1,1913.8339991000005,0,22,0.0,0.0,0.0,0.0,0.0,0.0,0.0,2.0,12.0
290,291,1.0,1.0,1.0,1.0,2.0,1.9170993999996424,38.0,8.0,0.26,orientation,color,size,0.3400000000000001,6.5,18,female,1,1913.8339991000005,0,22,0.0,0.0,0.0,0.0,0.0,0.0,0.0,3.0,13.0
291,292,1.0,1.0,1.0,1.0,2.0,0.8343181000000186,24.5,3.0,0.38,orientation,color,size,0.3400000000000001,6.5,18,female,1,1913.8339991000005,0,22,0.0,0.0,0.0,0.0,0.0,0.0,0.0,4.0,14.0
292,293,1.0,1.0,1.0,1.0,2.0,0.7006052999995518,47.0,12.0,0.4600000000000001,orientation,color,size,0.3400000000000001,6.5,18,female,1,1913.8339991000005,0,22,0.0,0.0,0.0,0.0,0.0,0.0,0.0,5.0,15.0
293,294,1.0,0.0,0.0,1.0,2.0,1.300197799999296,-7.0,23.0,0.4600000000000001,orientation,color,size,0.3400000000000001,6.5,18,female,1,1913.8339991000005,0,22,0.0,0.0,0.0,0.0,0.0,0.0,0.0,6.0,16.0
294,295,1.0,0.0,0.0,1.0,2.0,0.9836225999997624,-25.0,20.0,0.14,orientation,color,size,0.3400000000000001,6.5,18,female,1,1913.8339991000005,0,22,0.0,0.0,0.0,0.0,0.0,0.0,0.0,7.0,17.0
295,296,1.0,0.0,0.0,1.0,2.0,0.917413099999976,-83.5,5.0,0.3400000000000001,orientation,color,size,0.3400000000000001,6.5,18,female,1,1913.8339991000005,0,22,0.0,0.0,0.0,0.0,0.0,0.0,0.0,8.0,18.0
296,297,1.0,1.0,1.0,1.0,2.0,1.0833465999994587,51.5,9.0,0.4600000000000001,orientation,color,size,0.3400000000000001,6.5,18,female,1,1913.8339991000005,0,22,0.0,0.0,0.0,0.0,0.0,0.0,0.0,9.0,19.0
297,298,1.0,1.0,1.0,1.0,2.0,1.367208199999368,20.0,0.0,0.1,orientation,color,size,0.3400000000000001,6.5,18,female,1,1913.8339991000005,0,22,0.0,0.0,0.0,0.0,0.0,0.0,0.0,10.0,20.0
