,Trial_number,Chosen_castle,Chosen_location,Correct_location,Accuracy,Number_of_doors,RT,Current_orientation,Current_color,Current_size,First_feature,Second_feature,Third_feature,Participant_size,Participant_orientation,Participant_number,Participant_gender,Early_exit,Training_time,Meta_trial,Participant_age,PE_1,PE_2,PE_3,LP_1,LP_2,LP_3,Nov_1,Nov_2,Nov_3
0,1,3.0,4.0,6.0,0.0,8.0,6.28226810000001,83.0,12.0,0.38,orientation,size,color,0.38,11.0,2,female,1,2537.0593455999997,1,21,0.0,0.0,0.0,0.0,0.0,0.0,99.0,99.0,0.0
1,2,3.0,1.0,2.0,0.0,8.0,1.532795999999962,-83.5,2.0,0.4600000000000001,orientation,size,color,0.38,11.0,2,female,1,2537.0593455999997,1,21,0.0,0.0,2.0,0.0,0.0,0.0,100.0,100.0,0.0
2,3,3.0,1.0,1.0,1.0,8.0,4.850579599999946,-65.5,17.0,0.3400000000000001,orientation,size,color,0.38,11.0,2,female,1,2537.0593455999997,1,21,0.0,0.0,0.0,0.0,0.0,-2.0,101.0,101.0,0.0
3,4,3.0,7.0,4.0,0.0,8.0,1.8838459000000969,33.5,11.0,0.22,orientation,size,color,0.38,11.0,2,female,1,2537.0593455999997,0,21,0.0,0.0,2.0,0.0,0.0,2.0,102.0,102.0,0.0
4,5,3.0,3.0,2.0,0.0,8.0,3.549712199999931,-38.5,3.0,0.4600000000000001,orientation,size,color,0.38,11.0,2,female,1,2537.0593455999997,1,21,0.0,0.0,1.0,0.0,0.0,-2.0,103.0,103.0,0.0
5,6,3.0,4.0,6.0,0.0,8.0,2.816337400000066,78.5,7.0,0.4600000000000001,orientation,size,color,0.38,11.0,2,female,1,2537.0593455999997,1,21,0.0,0.0,1.0,0.0,0.0,1.0,104.0,104.0,0.0
6,7,3.0,0.0,1.0,0.0,8.0,2.4332864000000427,-43.0,16.0,0.18,orientation,size,color,0.38,11.0,2,female,1,2537.0593455999997,1,21,0.0,0.0,1.0,0.0,0.0,0.0,105.0,105.0,0.0
7,8,3.0,1.0,1.0,1.0,8.0,9.848931700000094,-56.5,23.0,0.22,orientation,size,color,0.38,11.0,2,female,1,2537.0593455999997,1,21,0.0,0.0,0.0,0.0,0.0,0.0,106.0,106.0,0.0
8,9,3.0,6.0,5.0,0.0,8.0,3.0505328000001555,29.0,24.0,0.3,orientation,size,color,0.38,11.0,2,female,1,2537.0593455999997,0,21,0.0,0.0,2.0,0.0,0.0,1.0,107.0,107.0,0.0
9,10,3.0,2.0,2.0,1.0,8.0,4.033349999999928,-38.5,1.0,0.38,orientation,size,color,0.38,11.0,2,female,1,2537.0593455999997,1,21,0.0,0.0,0.0,0.0,0.0,-2.0,108.0,108.0,0.0
10,11,3.0,3.0,0.0,0.0,8.0,1.1501160000000257,-70.0,8.0,0.22,orientation,size,color,0.38,11.0,2,female,1,2537.0593455999997,0,21,0.0,0.0,2.0,0.0,0.0,2.0,109.0,109.0,0.0
11,12,3.0,5.0,7.0,0.0,8.0,2.632393200000024,60.5,19.0,0.4600000000000001,orientation,size,color,0.38,11.0,2,female,1,2537.0593455999997,1,21,0.0,0.0,1.0,0.0,0.0,-2.0,110.0,110.0,0.0
12,13,3.0,3.0,0.0,0.0,8.0,7.983484499999804,-20.5,5.0,0.18,orientation,size,color,0.38,11.0,2,female,1,2537.0593455999997,1,21,0.0,0.0,2.0,0.0,0.0,1.0,111.0,111.0,0.0
13,14,3.0,0.0,1.0,0.0,8.0,6.515989300000001,-43.0,14.0,0.14,orientation,size,color,0.38,11.0,2,female,1,2537.0593455999997,1,21,0.0,0.0,1.0,0.0,0.0,-1.0,112.0,112.0,0.0
14,15,3.0,7.0,7.0,1.0,8.0,2.082884199999853,78.5,16.0,0.38,orientation,size,color,0.38,11.0,2,female,1,2537.0593455999997,1,21,0.0,0.0,0.0,0.0,0.0,1.0,113.0,113.0,0.0
15,16,3.0,6.0,5.0,0.0,8.0,6.232701399999996,69.5,21.0,0.22,orientation,size,color,0.38,11.0,2,female,1,2537.0593455999997,0,21,0.0,0.0,2.0,0.0,0.0,1.0,114.0,114.0,0.0
16,17,3.0,4.0,6.0,0.0,8.0,1.4656443000001218,78.5,12.0,0.38,orientation,size,color,0.38,11.0,2,female,1,2537.0593455999997,1,21,0.0,0.0,1.0,0.0,0.0,-2.0,115.0,115.0,0.0
17,18,3.0,4.0,6.0,0.0,8.0,5.699390699999867,83.0,7.0,0.38,orientation,size,color,0.38,11.0,2,female,1,2537.0593455999997,1,21,0.0,0.0,1.0,0.0,0.0,1.0,116.0,116.0,0.0
18,19,3.0,1.0,2.0,0.0,8.0,1.733270100000027,-56.5,9.0,0.4600000000000001,orientation,size,color,0.38,11.0,2,female,1,2537.0593455999997,1,21,0.0,0.0,2.0,0.0,0.0,0.0,117.0,117.0,0.0
19,20,3.0,7.0,5.0,0.0,8.0,9.499962000000096,65.0,14.0,0.18,orientation,size,color,0.38,11.0,2,female,1,2537.0593455999997,1,21,0.0,0.0,1.0,0.0,0.0,-1.0,118.0,118.0,0.0
20,21,3.0,3.0,5.0,0.0,8.0,6.533500700000104,60.5,13.0,0.1,orientation,size,color,0.38,11.0,2,female,1,2537.0593455999997,1,21,0.0,0.0,2.0,0.0,0.0,1.0,119.0,119.0,0.0
21,22,3.0,5.0,7.0,0.0,8.0,3.398615800000016,69.5,20.0,0.38,orientation,size,color,0.38,11.0,2,female,1,2537.0593455999997,1,21,0.0,0.0,1.0,0.0,0.0,-1.0,120.0,120.0,0.0
22,23,3.0,7.0,7.0,1.0,8.0,1.3158270000001266,51.5,24.0,0.42,orientation,size,color,0.38,11.0,2,female,1,2537.0593455999997,1,21,0.0,0.0,0.0,0.0,0.0,1.0,121.0,121.0,0.0
23,24,3.0,6.0,6.0,1.0,8.0,2.250408200000038,29.0,6.0,0.4600000000000001,orientation,size,color,0.38,11.0,2,female,1,2537.0593455999997,0,21,0.0,0.0,0.0,0.0,0.0,1.0,122.0,122.0,0.0
24,25,3.0,4.0,4.0,1.0,8.0,2.934089399999948,78.5,11.0,0.3400000000000001,orientation,size,color,0.38,11.0,2,female,1,2537.0593455999997,0,21,0.0,0.0,0.0,0.0,0.0,0.0,123.0,123.0,0.0
25,26,3.0,2.0,0.0,0.0,8.0,8.465427500000033,-52.0,8.0,0.14,orientation,size,color,0.38,11.0,2,female,1,2537.0593455999997,0,21,0.0,0.0,1.0,0.0,0.0,0.0,124.0,124.0,0.0
26,27,3.0,2.0,0.0,0.0,8.0,1.983907299999828,-38.5,2.0,0.22,orientation,size,color,0.38,11.0,2,female,1,2537.0593455999997,1,21,0.0,0.0,1.0,0.0,0.0,-1.0,125.0,125.0,0.0
27,28,3.0,6.0,6.0,1.0,8.0,3.4491048999998384,60.5,2.0,0.42,orientation,size,color,0.38,11.0,2,female,1,2537.0593455999997,1,21,0.0,0.0,0.0,0.0,0.0,0.0,126.0,126.0,0.0
28,29,3.0,4.0,0.0,0.0,8.0,3.3161497999999483,-88.0,9.0,0.1,orientation,size,color,0.38,11.0,2,female,1,2537.0593455999997,0,21,0.0,0.0,1.0,0.0,0.0,1.0,127.0,127.0,0.0
29,30,3.0,6.0,4.0,0.0,8.0,4.11677050000003,60.5,4.0,0.18,orientation,size,color,0.38,11.0,2,female,1,2537.0593455999997,1,21,0.0,0.0,1.0,0.0,0.0,-1.0,128.0,128.0,0.0
30,31,3.0,7.0,4.0,0.0,8.0,9.482619500000055,47.0,8.0,0.1,orientation,size,color,0.38,11.0,2,female,1,2537.0593455999997,1,21,0.0,0.0,2.0,0.0,0.0,0.0,129.0,129.0,0.0
31,32,3.0,6.0,7.0,0.0,8.0,1.4331952,69.5,16.0,0.4600000000000001,orientation,size,color,0.38,11.0,2,female,1,2537.0593455999997,1,21,0.0,0.0,1.0,0.0,0.0,-1.0,130.0,130.0,0.0
32,33,3.0,7.0,5.0,0.0,8.0,1.3492113000002064,47.0,20.0,0.26,orientation,size,color,0.38,11.0,2,female,1,2537.0593455999997,1,21,0.0,0.0,1.0,0.0,0.0,1.0,131.0,131.0,0.0
33,34,3.0,2.0,2.0,1.0,8.0,5.733358599999974,-11.5,0.0,0.4600000000000001,orientation,size,color,0.38,11.0,2,female,1,2537.0593455999997,1,21,0.0,0.0,0.0,0.0,0.0,0.0,132.0,132.0,0.0
34,35,3.0,7.0,5.0,0.0,8.0,6.816693500000156,42.5,21.0,0.1,orientation,size,color,0.38,11.0,2,female,1,2537.0593455999997,0,21,0.0,0.0,1.0,0.0,0.0,1.0,133.0,133.0,0.0
35,36,2.0,0.0,0.0,1.0,4.0,3.400535199999922,-34.0,3.0,0.3,orientation,size,color,0.38,11.0,2,female,1,2537.0593455999997,1,21,0.0,0.0,1.0,0.0,0.0,1.0,134.0,0.0,1.0
36,37,2.0,3.0,3.0,1.0,4.0,1.2335680999999568,65.0,18.0,0.38,orientation,size,color,0.38,11.0,2,female,1,2537.0593455999997,0,21,0.0,0.0,1.0,0.0,0.0,1.0,135.0,0.0,2.0
37,38,2.0,1.0,1.0,1.0,4.0,1.5665328000000045,-88.0,9.0,0.38,orientation,size,color,0.38,11.0,2,female,1,2537.0593455999997,0,21,0.0,0.0,1.0,0.0,0.0,1.0,136.0,0.0,3.0
38,39,2.0,2.0,3.0,0.0,4.0,0.7013730999999552,74.0,19.0,0.38,orientation,size,color,0.38,11.0,2,female,1,2537.0593455999997,0,21,0.0,1.0,1.0,0.0,0.0,1.0,137.0,0.0,4.0
39,40,1.0,1.0,1.0,1.0,2.0,3.3028644000000895,56.0,10.0,0.3,orientation,size,color,0.38,11.0,2,female,1,2537.0593455999997,1,21,0.0,1.0,1.0,0.0,0.0,1.0,0.0,1.0,5.0
40,41,1.0,1.0,1.0,1.0,2.0,1.0328713999999763,60.5,8.0,0.18,orientation,size,color,0.38,11.0,2,female,1,2537.0593455999997,0,21,0.0,1.0,1.0,0.0,0.0,1.0,0.0,2.0,6.0
41,42,1.0,0.0,0.0,1.0,2.0,1.4666522999998506,-11.5,14.0,0.18,orientation,size,color,0.38,11.0,2,female,1,2537.0593455999997,0,21,0.0,1.0,1.0,0.0,0.0,1.0,0.0,3.0,7.0
42,43,1.0,1.0,1.0,1.0,2.0,1.000030899999956,83.0,1.0,0.4600000000000001,orientation,size,color,0.38,11.0,2,female,1,2537.0593455999997,0,21,0.0,1.0,1.0,0.0,0.0,1.0,0.0,4.0,8.0
43,44,1.0,1.0,1.0,1.0,2.0,0.966878700000052,87.5,10.0,0.1,orientation,size,color,0.38,11.0,2,female,1,2537.0593455999997,0,21,0.0,1.0,1.0,0.0,0.0,1.0,0.0,5.0,9.0
44,45,1.0,1.0,1.0,1.0,2.0,0.6177279999999428,33.5,4.0,0.1,orientation,size,color,0.38,11.0,2,female,1,2537.0593455999997,0,21,0.0,1.0,1.0,0.0,0.0,1.0,0.0,6.0,10.0
45,46,1.0,1.0,1.0,1.0,2.0,0.7672741999999744,20.0,2.0,0.3400000000000001,orientation,size,color,0.38,11.0,2,female,1,2537.0593455999997,0,21,0.0,1.0,1.0,0.0,0.0,1.0,0.0,7.0,11.0
46,47,1.0,0.0,0.0,1.0,2.0,0.9170106999999916,-38.5,22.0,0.42,orientation,size,color,0.38,11.0,2,female,1,2537.0593455999997,0,21,0.0,1.0,1.0,0.0,0.0,1.0,0.0,8.0,12.0
47,48,1.0,0.0,1.0,0.0,2.0,0.4333306000000902,65.0,13.0,0.3400000000000001,orientation,size,color,0.38,11.0,2,female,1,2537.0593455999997,0,21,1.0,1.0,1.0,0.0,0.0,1.0,0.0,9.0,13.0
48,49,1.0,1.0,1.0,1.0,2.0,0.8402326000000357,69.5,3.0,0.42,orientation,size,color,0.38,11.0,2,female,1,2537.0593455999997,1,21,0.0,1.0,1.0,-1.0,0.0,1.0,0.0,10.0,14.0
49,50,1.0,1.0,1.0,1.0,2.0,0.3838557999999921,51.5,10.0,0.18,orientation,size,color,0.38,11.0,2,female,1,2537.0593455999997,0,21,0.0,1.0,1.0,1.0,0.0,1.0,0.0,11.0,15.0
50,51,1.0,0.0,0.0,1.0,2.0,1.9840014999999769,-2.5,17.0,0.3400000000000001,orientation,size,color,0.38,11.0,2,female,1,2537.0593455999997,0,21,0.0,1.0,1.0,0.0,0.0,1.0,0.0,12.0,16.0
51,52,1.0,1.0,0.0,0.0,2.0,1.1833954999999603,2.0,10.0,0.4600000000000001,orientation,size,color,0.38,11.0,2,female,1,2537.0593455999997,0,21,1.0,1.0,1.0,0.0,0.0,1.0,0.0,13.0,17.0
52,53,1.0,0.0,0.0,1.0,2.0,1.3402951000000485,-43.0,10.0,0.3400000000000001,orientation,size,color,0.38,11.0,2,female,1,2537.0593455999997,1,21,0.0,1.0,1.0,-1.0,0.0,1.0,0.0,14.0,18.0
53,54,1.0,0.0,0.0,1.0,2.0,1.083922399999892,-47.5,14.0,0.42,orientation,size,color,0.38,11.0,2,female,1,2537.0593455999997,0,21,0.0,1.0,1.0,1.0,0.0,1.0,0.0,15.0,19.0
54,55,1.0,0.0,0.0,1.0,2.0,0.5336539000002176,-38.5,1.0,0.3400000000000001,orientation,size,color,0.38,11.0,2,female,1,2537.0593455999997,0,21,0.0,1.0,1.0,0.0,0.0,1.0,0.0,16.0,20.0
55,56,1.0,0.0,0.0,1.0,2.0,0.7846253000000161,-7.0,7.0,0.38,orientation,size,color,0.38,11.0,2,female,1,2537.0593455999997,0,21,0.0,1.0,1.0,0.0,0.0,1.0,0.0,17.0,21.0
56,57,1.0,1.0,0.0,0.0,2.0,1.1001092999999855,2.0,21.0,0.4600000000000001,orientation,size,color,0.38,11.0,2,female,1,2537.0593455999997,0,21,1.0,1.0,1.0,0.0,0.0,1.0,0.0,18.0,22.0
57,58,1.0,0.0,0.0,1.0,2.0,0.6740939999999682,-38.5,19.0,0.22,orientation,size,color,0.38,11.0,2,female,1,2537.0593455999997,1,21,0.0,1.0,1.0,-1.0,0.0,1.0,0.0,19.0,23.0
58,59,1.0,0.0,0.0,1.0,2.0,0.8167146999999204,-74.5,2.0,0.26,orientation,size,color,0.38,11.0,2,female,1,2537.0593455999997,0,21,0.0,1.0,1.0,1.0,0.0,1.0,0.0,20.0,24.0
59,60,1.0,1.0,1.0,1.0,2.0,0.8503534999999829,51.5,13.0,0.4600000000000001,orientation,size,color,0.38,11.0,2,female,1,2537.0593455999997,0,21,0.0,1.0,1.0,0.0,0.0,1.0,0.0,21.0,25.0
60,61,1.0,1.0,0.0,0.0,2.0,0.6168921000000864,6.5,11.0,0.26,orientation,size,color,0.38,11.0,2,female,1,2537.0593455999997,0,21,1.0,1.0,1.0,0.0,0.0,1.0,0.0,22.0,26.0
61,62,1.0,0.0,0.0,1.0,2.0,0.9544893999998294,-34.0,10.0,0.38,orientation,size,color,0.38,11.0,2,female,1,2537.0593455999997,1,21,0.0,1.0,1.0,-1.0,0.0,1.0,0.0,23.0,27.0
62,63,1.0,0.0,0.0,1.0,2.0,1.2841809999999896,-7.0,21.0,0.1,orientation,size,color,0.38,11.0,2,female,1,2537.0593455999997,0,21,0.0,1.0,1.0,1.0,0.0,1.0,0.0,24.0,28.0
63,64,1.0,0.0,0.0,1.0,2.0,0.7000302999999803,-70.0,19.0,0.26,orientation,size,color,0.38,11.0,2,female,1,2537.0593455999997,0,21,0.0,1.0,1.0,0.0,0.0,1.0,0.0,25.0,29.0
64,65,1.0,0.0,0.0,1.0,2.0,0.5176394999998593,-34.0,9.0,0.3400000000000001,orientation,size,color,0.38,11.0,2,female,1,2537.0593455999997,0,21,0.0,1.0,1.0,0.0,0.0,1.0,0.0,26.0,30.0
65,66,1.0,1.0,1.0,1.0,2.0,1.134346800000003,38.0,7.0,0.3,orientation,size,color,0.38,11.0,2,female,1,2537.0593455999997,0,21,0.0,1.0,1.0,0.0,0.0,1.0,0.0,27.0,31.0
66,67,1.0,0.0,0.0,1.0,2.0,1.2508306000001994,-56.5,1.0,0.3400000000000001,orientation,size,color,0.38,11.0,2,female,1,2537.0593455999997,0,21,0.0,1.0,1.0,0.0,0.0,1.0,0.0,28.0,32.0
67,68,1.0,1.0,1.0,1.0,2.0,2.1838509000001523,87.5,8.0,0.26,orientation,size,color,0.38,11.0,2,female,1,2537.0593455999997,0,21,0.0,1.0,1.0,0.0,0.0,1.0,0.0,29.0,33.0
68,69,1.0,0.0,0.0,1.0,2.0,1.1340181000000484,-79.0,9.0,0.3,orientation,size,color,0.38,11.0,2,female,1,2537.0593455999997,0,21,0.0,1.0,1.0,0.0,0.0,1.0,0.0,30.0,34.0
69,70,1.0,1.0,1.0,1.0,2.0,0.966660499999989,38.0,9.0,0.42,orientation,size,color,0.38,11.0,2,female,1,2537.0593455999997,0,21,0.0,1.0,1.0,0.0,0.0,1.0,0.0,31.0,35.0
70,71,1.0,0.0,0.0,1.0,2.0,0.9503030999999282,-11.5,13.0,0.18,orientation,size,color,0.38,11.0,2,female,1,2537.0593455999997,0,21,0.0,1.0,1.0,0.0,0.0,1.0,0.0,32.0,36.0
71,72,2.0,3.0,2.0,0.0,4.0,1.1998382000001584,20.0,9.0,0.22,orientation,size,color,0.38,11.0,2,female,1,2537.0593455999997,1,21,0.0,1.0,1.0,0.0,0.0,1.0,1.0,0.0,37.0
72,73,2.0,1.0,1.0,1.0,4.0,1.250261900000169,-88.0,19.0,0.42,orientation,size,color,0.38,11.0,2,female,1,2537.0593455999997,1,21,0.0,0.0,1.0,0.0,0.0,1.0,2.0,0.0,38.0
73,74,2.0,2.0,3.0,0.0,4.0,0.8002087999998366,87.5,7.0,0.4600000000000001,orientation,size,color,0.38,11.0,2,female,1,2537.0593455999997,0,21,0.0,1.0,1.0,0.0,1.0,1.0,3.0,0.0,39.0
74,75,2.0,0.0,0.0,1.0,4.0,1.8666395999998713,-25.0,15.0,0.3400000000000001,orientation,size,color,0.38,11.0,2,female,1,2537.0593455999997,1,21,0.0,0.0,1.0,0.0,-1.0,1.0,4.0,0.0,40.0
75,76,2.0,1.0,0.0,0.0,4.0,1.6340708999996425,-16.0,16.0,0.1,orientation,size,color,0.38,11.0,2,female,1,2537.0593455999997,0,21,0.0,1.0,1.0,0.0,1.0,1.0,5.0,0.0,41.0
76,77,2.0,3.0,2.0,0.0,4.0,3.0674191999996765,87.5,3.0,0.3,orientation,size,color,0.38,11.0,2,female,1,2537.0593455999997,1,21,0.0,1.0,1.0,0.0,-1.0,1.0,6.0,0.0,42.0
77,78,2.0,3.0,0.0,0.0,4.0,2.682839299999614,6.5,16.0,0.22,orientation,size,color,0.38,11.0,2,female,1,2537.0593455999997,1,21,0.0,2.0,1.0,0.0,0.0,1.0,7.0,0.0,43.0
78,79,2.0,1.0,2.0,0.0,4.0,1.2997387999998864,87.5,16.0,0.3,orientation,size,color,0.38,11.0,2,female,1,2537.0593455999997,1,21,0.0,2.0,1.0,0.0,-1.0,1.0,8.0,0.0,44.0
79,80,2.0,1.0,0.0,0.0,4.0,1.3991509000002225,-16.0,7.0,0.14,orientation,size,color,0.38,11.0,2,female,1,2537.0593455999997,1,21,0.0,1.0,1.0,0.0,0.0,1.0,9.0,0.0,45.0
80,81,2.0,1.0,0.0,0.0,4.0,1.515670499999942,-70.0,8.0,0.3,orientation,size,color,0.38,11.0,2,female,1,2537.0593455999997,1,21,0.0,1.0,1.0,0.0,1.0,1.0,10.0,0.0,46.0
81,82,2.0,0.0,1.0,0.0,4.0,1.3002341999999771,-74.5,8.0,0.38,orientation,size,color,0.38,11.0,2,female,1,2537.0593455999997,1,21,0.0,1.0,1.0,0.0,0.0,1.0,11.0,0.0,47.0
82,83,2.0,3.0,0.0,0.0,4.0,1.1833237999999255,2.0,19.0,0.26,orientation,size,color,0.38,11.0,2,female,1,2537.0593455999997,1,21,0.0,2.0,1.0,0.0,0.0,1.0,12.0,0.0,48.0
83,84,2.0,1.0,1.0,1.0,4.0,5.517014600000039,-83.5,4.0,0.4600000000000001,orientation,size,color,0.38,11.0,2,female,1,2537.0593455999997,1,21,0.0,0.0,1.0,0.0,-1.0,1.0,13.0,0.0,49.0
84,85,2.0,0.0,0.0,1.0,4.0,1.6172481999997217,-25.0,3.0,0.3400000000000001,orientation,size,color,0.38,11.0,2,female,1,2537.0593455999997,0,21,0.0,0.0,1.0,0.0,2.0,1.0,14.0,0.0,50.0
85,86,2.0,2.0,0.0,0.0,4.0,2.166283900000053,2.0,24.0,0.3400000000000001,orientation,size,color,0.38,11.0,2,female,1,2537.0593455999997,0,21,0.0,1.0,1.0,0.0,0.0,1.0,15.0,0.0,51.0
86,87,2.0,2.0,0.0,0.0,4.0,1.7502325999998902,6.5,19.0,0.14,orientation,size,color,0.38,11.0,2,female,1,2537.0593455999997,1,21,0.0,1.0,1.0,0.0,-1.0,1.0,16.0,0.0,52.0
87,88,2.0,1.0,1.0,1.0,4.0,1.3000435999997535,-70.0,16.0,0.42,orientation,size,color,0.38,11.0,2,female,1,2537.0593455999997,1,21,0.0,0.0,1.0,0.0,0.0,1.0,17.0,0.0,53.0
88,89,2.0,2.0,3.0,0.0,4.0,1.8013507000000573,15.5,13.0,0.4600000000000001,orientation,size,color,0.38,11.0,2,female,1,2537.0593455999997,0,21,0.0,1.0,1.0,0.0,1.0,1.0,18.0,0.0,54.0
89,90,2.0,3.0,3.0,1.0,4.0,1.5328706999998758,51.5,2.0,0.42,orientation,size,color,0.38,11.0,2,female,1,2537.0593455999997,1,21,0.0,0.0,1.0,0.0,-1.0,1.0,19.0,0.0,55.0
90,91,2.0,1.0,0.0,0.0,4.0,2.267268700000386,-83.5,7.0,0.22,orientation,size,color,0.38,11.0,2,female,1,2537.0593455999997,0,21,0.0,1.0,1.0,0.0,1.0,1.0,20.0,0.0,56.0
91,92,2.0,0.0,0.0,1.0,4.0,3.09950230000004,-88.0,16.0,0.18,orientation,size,color,0.38,11.0,2,female,1,2537.0593455999997,1,21,0.0,0.0,1.0,0.0,-1.0,1.0,21.0,0.0,57.0
92,93,2.0,0.0,0.0,1.0,4.0,1.4171094999996967,-7.0,24.0,0.14,orientation,size,color,0.38,11.0,2,female,1,2537.0593455999997,0,21,0.0,0.0,1.0,0.0,1.0,1.0,22.0,0.0,58.0
93,94,2.0,1.0,0.0,0.0,4.0,2.950741900000139,-65.5,6.0,0.3,orientation,size,color,0.38,11.0,2,female,1,2537.0593455999997,0,21,0.0,1.0,1.0,0.0,0.0,1.0,23.0,0.0,59.0
94,95,2.0,1.0,1.0,1.0,4.0,3.283691699999963,-11.5,22.0,0.42,orientation,size,color,0.38,11.0,2,female,1,2537.0593455999997,1,21,0.0,0.0,1.0,0.0,-1.0,1.0,24.0,0.0,60.0
95,96,2.0,0.0,0.0,1.0,4.0,3.732546600000205,-56.5,4.0,0.18,orientation,size,color,0.38,11.0,2,female,1,2537.0593455999997,0,21,0.0,0.0,1.0,0.0,1.0,1.0,25.0,0.0,61.0
96,97,2.0,1.0,0.0,0.0,4.0,6.050642599999719,-11.5,23.0,0.3,orientation,size,color,0.38,11.0,2,female,1,2537.0593455999997,0,21,0.0,1.0,1.0,0.0,0.0,1.0,26.0,0.0,62.0
97,98,2.0,3.0,2.0,0.0,4.0,2.6664749999999913,15.5,17.0,0.14,orientation,size,color,0.38,11.0,2,female,1,2537.0593455999997,1,21,0.0,1.0,1.0,0.0,-1.0,1.0,27.0,0.0,63.0
98,99,2.0,0.0,0.0,1.0,4.0,1.9332871999999952,-29.5,24.0,0.18,orientation,size,color,0.38,11.0,2,female,1,2537.0593455999997,1,21,0.0,0.0,1.0,0.0,0.0,1.0,28.0,0.0,64.0
99,100,2.0,0.0,0.0,1.0,4.0,1.86696400000028,-34.0,5.0,0.3,orientation,size,color,0.38,11.0,2,female,1,2537.0593455999997,0,21,0.0,0.0,1.0,0.0,1.0,1.0,29.0,0.0,65.0
100,101,2.0,0.0,1.0,0.0,4.0,0.8833615999997164,-34.0,9.0,0.38,orientation,size,color,0.38,11.0,2,female,1,2537.0593455999997,0,21,0.0,1.0,1.0,0.0,0.0,1.0,30.0,0.0,66.0
101,102,2.0,3.0,2.0,0.0,4.0,2.4345032000001083,11.0,14.0,0.22,orientation,size,color,0.38,11.0,2,female,1,2537.0593455999997,1,21,0.0,1.0,1.0,0.0,-1.0,1.0,31.0,0.0,67.0
102,103,2.0,1.0,1.0,1.0,4.0,1.632679399999688,-83.5,0.0,0.38,orientation,size,color,0.38,11.0,2,female,1,2537.0593455999997,1,21,0.0,0.0,1.0,0.0,0.0,1.0,32.0,0.0,68.0
103,104,2.0,0.0,0.0,1.0,4.0,7.332686399999602,-25.0,21.0,0.3400000000000001,orientation,size,color,0.38,11.0,2,female,1,2537.0593455999997,0,21,0.0,0.0,1.0,0.0,1.0,1.0,33.0,0.0,69.0
104,105,2.0,2.0,3.0,0.0,4.0,4.200087000000167,38.0,8.0,0.42,orientation,size,color,0.38,11.0,2,female,1,2537.0593455999997,0,21,0.0,1.0,1.0,0.0,0.0,1.0,34.0,0.0,70.0
105,106,2.0,2.0,2.0,1.0,4.0,1.1175162999998065,78.5,5.0,0.18,orientation,size,color,0.38,11.0,2,female,1,2537.0593455999997,1,21,0.0,0.0,1.0,0.0,-1.0,1.0,35.0,0.0,71.0
106,107,2.0,1.0,1.0,1.0,4.0,4.517010500000197,-47.5,21.0,0.42,orientation,size,color,0.38,11.0,2,female,1,2537.0593455999997,0,21,0.0,0.0,1.0,0.0,1.0,1.0,36.0,0.0,72.0
107,108,2.0,2.0,2.0,1.0,4.0,1.7011963999998445,78.5,7.0,0.1,orientation,size,color,0.38,11.0,2,female,1,2537.0593455999997,0,21,0.0,0.0,1.0,0.0,0.0,1.0,37.0,0.0,73.0
108,109,2.0,1.0,1.0,1.0,4.0,2.251024900000175,-74.5,7.0,0.4600000000000001,orientation,size,color,0.38,11.0,2,female,1,2537.0593455999997,0,21,0.0,0.0,1.0,0.0,0.0,1.0,38.0,0.0,74.0
109,110,2.0,3.0,2.0,0.0,4.0,1.9495748000003912,65.0,7.0,0.3,orientation,size,color,0.38,11.0,2,female,1,2537.0593455999997,0,21,0.0,1.0,1.0,0.0,0.0,1.0,39.0,0.0,75.0
110,111,2.0,0.0,0.0,1.0,4.0,9.300544700000046,-65.5,8.0,0.1,orientation,size,color,0.38,11.0,2,female,1,2537.0593455999997,1,21,0.0,0.0,1.0,0.0,-1.0,1.0,40.0,0.0,76.0
111,112,2.0,0.0,0.0,1.0,4.0,5.366801499999838,-83.5,11.0,0.3400000000000001,orientation,size,color,0.38,11.0,2,female,1,2537.0593455999997,0,21,0.0,0.0,1.0,0.0,1.0,1.0,41.0,0.0,77.0
112,113,2.0,0.0,0.0,1.0,4.0,1.9173311999998075,-7.0,0.0,0.26,orientation,size,color,0.38,11.0,2,female,1,2537.0593455999997,0,21,0.0,0.0,1.0,0.0,0.0,1.0,42.0,0.0,78.0
113,114,2.0,1.0,1.0,1.0,4.0,1.2007088000000294,-47.5,11.0,0.4600000000000001,orientation,size,color,0.38,11.0,2,female,1,2537.0593455999997,0,21,0.0,0.0,1.0,0.0,0.0,1.0,43.0,0.0,79.0
114,115,2.0,0.0,0.0,1.0,4.0,1.4004516999998486,-65.5,6.0,0.3,orientation,size,color,0.38,11.0,2,female,1,2537.0593455999997,0,21,0.0,0.0,1.0,0.0,0.0,1.0,44.0,0.0,80.0
115,116,2.0,0.0,0.0,1.0,4.0,2.0006766000001335,-47.5,14.0,0.26,orientation,size,color,0.38,11.0,2,female,1,2537.0593455999997,0,21,0.0,0.0,1.0,0.0,0.0,1.0,45.0,0.0,81.0
116,117,2.0,2.0,2.0,1.0,4.0,4.150807500000155,29.0,17.0,0.1,orientation,size,color,0.38,11.0,2,female,1,2537.0593455999997,0,21,0.0,0.0,1.0,0.0,0.0,1.0,46.0,0.0,82.0
117,118,2.0,2.0,2.0,1.0,4.0,0.86709350000001,51.5,9.0,0.14,orientation,size,color,0.38,11.0,2,female,1,2537.0593455999997,0,21,0.0,0.0,1.0,0.0,0.0,1.0,47.0,0.0,83.0
118,119,2.0,1.0,1.0,1.0,4.0,8.33335999999963,-34.0,9.0,0.38,orientation,size,color,0.38,11.0,2,female,1,2537.0593455999997,0,21,0.0,0.0,1.0,0.0,0.0,1.0,48.0,0.0,84.0
119,120,2.0,2.0,2.0,1.0,4.0,5.38342560000001,65.0,10.0,0.26,orientation,size,color,0.38,11.0,2,female,1,2537.0593455999997,0,21,0.0,0.0,1.0,0.0,0.0,1.0,49.0,0.0,85.0
120,121,1.0,1.0,1.0,1.0,2.0,2.669059400000151,56.0,18.0,0.4600000000000001,orientation,size,color,0.38,11.0,2,female,1,2537.0593455999997,1,21,0.0,0.0,1.0,0.0,0.0,1.0,0.0,1.0,86.0
121,122,1.0,1.0,1.0,1.0,2.0,0.466550599999664,42.5,18.0,0.4600000000000001,orientation,size,color,0.38,11.0,2,female,1,2537.0593455999997,0,21,0.0,0.0,1.0,0.0,0.0,1.0,0.0,2.0,87.0
122,123,1.0,1.0,1.0,1.0,2.0,1.0504393999999593,65.0,9.0,0.38,orientation,size,color,0.38,11.0,2,female,1,2537.0593455999997,0,21,0.0,0.0,1.0,0.0,0.0,1.0,0.0,3.0,88.0
123,124,1.0,0.0,0.0,1.0,2.0,1.00052740000001,-7.0,6.0,0.3,orientation,size,color,0.38,11.0,2,female,1,2537.0593455999997,0,21,0.0,0.0,1.0,0.0,0.0,1.0,0.0,4.0,89.0
124,125,1.0,0.0,0.0,1.0,2.0,0.4502419000000373,-25.0,22.0,0.26,orientation,size,color,0.38,11.0,2,female,1,2537.0593455999997,0,21,0.0,0.0,1.0,0.0,0.0,1.0,0.0,5.0,90.0
125,126,1.0,0.0,0.0,1.0,2.0,1.4172555999998622,-88.0,6.0,0.42,orientation,size,color,0.38,11.0,2,female,1,2537.0593455999997,0,21,0.0,0.0,1.0,0.0,0.0,1.0,0.0,6.0,91.0
126,127,1.0,0.0,0.0,1.0,2.0,0.7335692000001472,-25.0,24.0,0.26,orientation,size,color,0.38,11.0,2,female,1,2537.0593455999997,0,21,0.0,0.0,1.0,0.0,0.0,1.0,0.0,7.0,92.0
127,128,1.0,1.0,1.0,1.0,2.0,1.933074200000192,78.5,16.0,0.26,orientation,size,color,0.38,11.0,2,female,1,2537.0593455999997,0,21,0.0,0.0,1.0,0.0,0.0,1.0,0.0,8.0,93.0
128,129,1.0,0.0,0.0,1.0,2.0,1.0680677000000287,-20.5,24.0,0.4600000000000001,orientation,size,color,0.38,11.0,2,female,1,2537.0593455999997,0,21,0.0,0.0,1.0,0.0,0.0,1.0,0.0,9.0,94.0
129,130,1.0,1.0,1.0,1.0,2.0,1.2673313000000237,47.0,24.0,0.14,orientation,size,color,0.38,11.0,2,female,1,2537.0593455999997,0,21,0.0,0.0,1.0,0.0,0.0,1.0,0.0,10.0,95.0
130,131,2.0,1.0,1.0,1.0,4.0,2.9839414999996734,-7.0,19.0,0.42,orientation,size,color,0.38,11.0,2,female,1,2537.0593455999997,1,21,0.0,0.0,1.0,0.0,0.0,1.0,1.0,0.0,96.0
131,132,2.0,2.0,2.0,1.0,4.0,1.06656380000004,47.0,6.0,0.22,orientation,size,color,0.38,11.0,2,female,1,2537.0593455999997,0,21,0.0,0.0,1.0,0.0,0.0,1.0,2.0,0.0,97.0
132,133,2.0,0.0,0.0,1.0,4.0,1.5836362999998528,-61.0,15.0,0.3,orientation,size,color,0.38,11.0,2,female,1,2537.0593455999997,0,21,0.0,0.0,1.0,0.0,0.0,1.0,3.0,0.0,98.0
133,134,2.0,2.0,2.0,1.0,4.0,1.8337337999996637,11.0,17.0,0.22,orientation,size,color,0.38,11.0,2,female,1,2537.0593455999997,0,21,0.0,0.0,1.0,0.0,0.0,1.0,4.0,0.0,99.0
134,135,2.0,2.0,2.0,1.0,4.0,0.7325937000000522,65.0,24.0,0.14,orientation,size,color,0.38,11.0,2,female,1,2537.0593455999997,0,21,0.0,0.0,1.0,0.0,0.0,1.0,5.0,0.0,100.0
135,136,2.0,3.0,0.0,0.0,4.0,1.833676299999752,2.0,16.0,0.3400000000000001,orientation,size,color,0.38,11.0,2,female,1,2537.0593455999997,0,21,0.0,2.0,1.0,0.0,0.0,1.0,6.0,0.0,101.0
136,137,2.0,1.0,0.0,0.0,4.0,1.4340822999997729,-47.5,15.0,0.3,orientation,size,color,0.38,11.0,2,female,1,2537.0593455999997,1,21,0.0,1.0,1.0,0.0,-2.0,1.0,7.0,0.0,102.0
137,138,2.0,0.0,0.0,1.0,4.0,1.5664068000000952,-11.5,4.0,0.18,orientation,size,color,0.38,11.0,2,female,1,2537.0593455999997,1,21,0.0,0.0,1.0,0.0,1.0,1.0,8.0,0.0,103.0
138,139,2.0,2.0,2.0,1.0,4.0,2.6173807999998644,74.0,2.0,0.3,orientation,size,color,0.38,11.0,2,female,1,2537.0593455999997,0,21,0.0,0.0,1.0,0.0,1.0,1.0,9.0,0.0,104.0
139,140,2.0,2.0,2.0,1.0,4.0,2.416472700000213,20.0,19.0,0.3400000000000001,orientation,size,color,0.38,11.0,2,female,1,2537.0593455999997,0,21,0.0,0.0,1.0,0.0,0.0,1.0,10.0,0.0,105.0
140,141,2.0,0.0,0.0,1.0,4.0,2.3166728999999577,-7.0,16.0,0.1,orientation,size,color,0.38,11.0,2,female,1,2537.0593455999997,0,21,0.0,0.0,1.0,0.0,0.0,1.0,11.0,0.0,106.0
141,142,2.0,0.0,0.0,1.0,4.0,2.633642200000395,-29.5,16.0,0.1,orientation,size,color,0.38,11.0,2,female,1,2537.0593455999997,0,21,0.0,0.0,1.0,0.0,0.0,1.0,12.0,0.0,107.0
142,143,2.0,1.0,1.0,1.0,4.0,1.2502937999997812,-56.5,17.0,0.4600000000000001,orientation,size,color,0.38,11.0,2,female,1,2537.0593455999997,0,21,0.0,0.0,1.0,0.0,0.0,1.0,13.0,0.0,108.0
143,144,2.0,0.0,0.0,1.0,4.0,1.483757699999842,-16.0,12.0,0.22,orientation,size,color,0.38,11.0,2,female,1,2537.0593455999997,0,21,0.0,0.0,1.0,0.0,0.0,1.0,14.0,0.0,109.0
144,145,2.0,2.0,2.0,1.0,4.0,2.08407649999981,56.0,22.0,0.18,orientation,size,color,0.38,11.0,2,female,1,2537.0593455999997,0,21,0.0,0.0,1.0,0.0,0.0,1.0,15.0,0.0,110.0
145,146,2.0,1.0,1.0,1.0,4.0,2.7170014000002993,-88.0,11.0,0.4600000000000001,orientation,size,color,0.38,11.0,2,female,1,2537.0593455999997,0,21,0.0,0.0,1.0,0.0,0.0,1.0,16.0,0.0,111.0
146,147,2.0,0.0,0.0,1.0,4.0,3.5676069999999527,6.5,24.0,0.3,orientation,size,color,0.38,11.0,2,female,1,2537.0593455999997,0,21,0.0,0.0,1.0,0.0,0.0,1.0,17.0,0.0,112.0
147,148,3.0,2.0,0.0,0.0,8.0,9.44909430000007,-88.0,1.0,0.1,orientation,size,color,0.38,11.0,2,female,1,2537.0593455999997,1,21,0.0,0.0,1.0,0.0,0.0,0.0,18.0,1.0,0.0
148,149,3.0,3.0,3.0,1.0,8.0,5.70036970000001,-47.5,13.0,0.4600000000000001,orientation,size,color,0.38,11.0,2,female,1,2537.0593455999997,1,21,0.0,0.0,0.0,0.0,0.0,0.0,19.0,2.0,0.0
149,150,3.0,4.0,6.0,0.0,8.0,1.3670452000001203,33.5,9.0,0.4600000000000001,orientation,size,color,0.38,11.0,2,female,1,2537.0593455999997,0,21,0.0,0.0,1.0,0.0,0.0,1.0,20.0,3.0,0.0
150,151,3.0,2.0,2.0,1.0,8.0,5.516599199999746,-65.5,1.0,0.38,orientation,size,color,0.38,11.0,2,female,1,2537.0593455999997,1,21,0.0,0.0,0.0,0.0,0.0,-1.0,21.0,4.0,0.0
151,152,3.0,4.0,4.0,1.0,8.0,6.517443199999889,33.5,3.0,0.14,orientation,size,color,0.38,11.0,2,female,1,2537.0593455999997,0,21,0.0,0.0,0.0,0.0,0.0,1.0,22.0,5.0,0.0
152,153,3.0,6.0,4.0,0.0,8.0,20.784070200000315,83.0,0.0,0.3400000000000001,orientation,size,color,0.38,11.0,2,female,1,2537.0593455999997,0,21,0.0,0.0,1.0,0.0,0.0,0.0,23.0,6.0,0.0
153,154,3.0,6.0,7.0,0.0,8.0,2.8505630999998175,60.5,23.0,0.38,orientation,size,color,0.38,11.0,2,female,1,2537.0593455999997,1,21,0.0,0.0,1.0,0.0,0.0,-1.0,24.0,7.0,0.0
154,155,3.0,1.0,1.0,1.0,8.0,6.199667999999747,-38.5,16.0,0.18,orientation,size,color,0.38,11.0,2,female,1,2537.0593455999997,1,21,0.0,0.0,0.0,0.0,0.0,0.0,25.0,8.0,0.0
155,156,3.0,0.0,0.0,1.0,8.0,3.265844300000026,-47.5,9.0,0.1,orientation,size,color,0.38,11.0,2,female,1,2537.0593455999997,0,21,0.0,0.0,0.0,0.0,0.0,1.0,26.0,9.0,0.0
156,157,3.0,2.0,0.0,0.0,8.0,1.333523100000093,-38.5,4.0,0.18,orientation,size,color,0.38,11.0,2,female,1,2537.0593455999997,0,21,0.0,0.0,1.0,0.0,0.0,0.0,27.0,10.0,0.0
157,158,3.0,7.0,5.0,0.0,8.0,2.2001036999999997,69.5,21.0,0.1,orientation,size,color,0.38,11.0,2,female,1,2537.0593455999997,1,21,0.0,0.0,1.0,0.0,0.0,-1.0,28.0,11.0,0.0
158,159,3.0,7.0,1.0,0.0,8.0,1.6159166000002188,6.5,14.0,0.18,orientation,size,color,0.38,11.0,2,female,1,2537.0593455999997,1,21,0.0,0.0,2.0,0.0,0.0,0.0,29.0,12.0,0.0
159,160,3.0,6.0,4.0,0.0,8.0,3.1666167000003043,60.5,11.0,0.26,orientation,size,color,0.38,11.0,2,female,1,2537.0593455999997,1,21,0.0,0.0,1.0,0.0,0.0,-1.0,30.0,13.0,0.0
160,161,3.0,4.0,4.0,1.0,8.0,5.467175299999781,69.5,5.0,0.22,orientation,size,color,0.38,11.0,2,female,1,2537.0593455999997,1,21,0.0,0.0,0.0,0.0,0.0,1.0,31.0,14.0,0.0
161,162,3.0,5.0,7.0,0.0,8.0,2.383100999999897,69.5,14.0,0.4600000000000001,orientation,size,color,0.38,11.0,2,female,1,2537.0593455999997,0,21,0.0,0.0,1.0,0.0,0.0,1.0,32.0,15.0,0.0
162,163,3.0,1.0,1.0,1.0,8.0,6.849741800000174,-38.5,13.0,0.26,orientation,size,color,0.38,11.0,2,female,1,2537.0593455999997,1,21,0.0,0.0,0.0,0.0,0.0,-1.0,33.0,16.0,0.0
163,164,3.0,7.0,1.0,0.0,8.0,9.650458300000082,-2.5,24.0,0.22,orientation,size,color,0.38,11.0,2,female,1,2537.0593455999997,0,21,0.0,0.0,2.0,0.0,0.0,1.0,34.0,17.0,0.0
164,165,3.0,5.0,5.0,1.0,8.0,2.332877499999995,51.5,15.0,0.3,orientation,size,color,0.38,11.0,2,female,1,2537.0593455999997,1,21,0.0,0.0,0.0,0.0,0.0,-2.0,35.0,18.0,0.0
165,166,3.0,0.0,0.0,1.0,8.0,6.650496499999917,-7.0,3.0,0.14,orientation,size,color,0.38,11.0,2,female,1,2537.0593455999997,0,21,0.0,0.0,0.0,0.0,0.0,2.0,36.0,19.0,0.0
166,167,3.0,2.0,0.0,0.0,8.0,5.917240299999776,-70.0,6.0,0.22,orientation,size,color,0.38,11.0,2,female,1,2537.0593455999997,0,21,0.0,0.0,1.0,0.0,0.0,0.0,37.0,20.0,0.0
167,168,3.0,6.0,6.0,1.0,8.0,2.6166690000000017,60.5,8.0,0.42,orientation,size,color,0.38,11.0,2,female,1,2537.0593455999997,1,21,0.0,0.0,0.0,0.0,0.0,-1.0,38.0,21.0,0.0
168,169,3.0,1.0,1.0,1.0,8.0,5.249748700000055,-11.5,13.0,0.18,orientation,size,color,0.38,11.0,2,female,1,2537.0593455999997,0,21,0.0,0.0,0.0,0.0,0.0,1.0,39.0,22.0,0.0
169,170,3.0,5.0,5.0,1.0,8.0,7.682789500000126,69.5,14.0,0.1,orientation,size,color,0.38,11.0,2,female,1,2537.0593455999997,0,21,0.0,0.0,0.0,0.0,0.0,0.0,40.0,23.0,0.0
170,171,3.0,4.0,6.0,0.0,8.0,3.683335100000022,87.5,9.0,0.42,orientation,size,color,0.38,11.0,2,female,1,2537.0593455999997,0,21,0.0,0.0,1.0,0.0,0.0,0.0,41.0,24.0,0.0
171,172,3.0,5.0,5.0,1.0,8.0,28.983775499999865,60.5,13.0,0.1,orientation,size,color,0.38,11.0,2,female,1,2537.0593455999997,1,21,0.0,0.0,0.0,0.0,0.0,-1.0,42.0,25.0,0.0
172,173,3.0,7.0,7.0,1.0,8.0,1.6324803000002248,15.5,21.0,0.42,orientation,size,color,0.38,11.0,2,female,1,2537.0593455999997,0,21,0.0,0.0,0.0,0.0,0.0,1.0,43.0,26.0,0.0
173,174,3.0,7.0,7.0,1.0,8.0,1.0348314000002574,56.0,21.0,0.4600000000000001,orientation,size,color,0.38,11.0,2,female,1,2537.0593455999997,0,21,0.0,0.0,0.0,0.0,0.0,0.0,44.0,27.0,0.0
174,175,3.0,1.0,1.0,1.0,8.0,3.0335406000003786,-20.5,13.0,0.3400000000000001,orientation,size,color,0.38,11.0,2,female,1,2537.0593455999997,0,21,0.0,0.0,0.0,0.0,0.0,0.0,45.0,28.0,0.0
175,176,3.0,1.0,3.0,0.0,8.0,0.9831856999999218,-20.5,16.0,0.4600000000000001,orientation,size,color,0.38,11.0,2,female,1,2537.0593455999997,0,21,0.0,0.0,1.0,0.0,0.0,0.0,46.0,29.0,0.0
176,177,3.0,4.0,4.0,1.0,8.0,13.633767100000114,74.0,5.0,0.22,orientation,size,color,0.38,11.0,2,female,1,2537.0593455999997,1,21,0.0,0.0,0.0,0.0,0.0,-1.0,47.0,30.0,0.0
177,178,3.0,6.0,4.0,0.0,8.0,2.451049299999795,20.0,4.0,0.26,orientation,size,color,0.38,11.0,2,female,1,2537.0593455999997,0,21,0.0,0.0,1.0,0.0,0.0,1.0,48.0,31.0,0.0
178,179,3.0,4.0,4.0,1.0,8.0,1.216184500000054,60.5,9.0,0.18,orientation,size,color,0.38,11.0,2,female,1,2537.0593455999997,1,21,0.0,0.0,0.0,0.0,0.0,-1.0,49.0,32.0,0.0
179,180,3.0,6.0,4.0,0.0,8.0,1.3344927000002826,29.0,9.0,0.18,orientation,size,color,0.38,11.0,2,female,1,2537.0593455999997,0,21,0.0,0.0,1.0,0.0,0.0,1.0,50.0,33.0,0.0
180,181,3.0,5.0,5.0,1.0,8.0,2.9482326000002104,74.0,15.0,0.1,orientation,size,color,0.38,11.0,2,female,1,2537.0593455999997,1,21,0.0,0.0,0.0,0.0,0.0,-1.0,51.0,34.0,0.0
181,182,3.0,1.0,1.0,1.0,8.0,2.55054089999976,-70.0,22.0,0.26,orientation,size,color,0.38,11.0,2,female,1,2537.0593455999997,0,21,0.0,0.0,0.0,0.0,0.0,1.0,52.0,35.0,0.0
182,183,3.0,6.0,4.0,0.0,8.0,5.750513800000135,51.5,5.0,0.18,orientation,size,color,0.38,11.0,2,female,1,2537.0593455999997,0,21,0.0,0.0,1.0,0.0,0.0,0.0,53.0,36.0,0.0
183,184,3.0,4.0,4.0,1.0,8.0,1.7342428000001746,51.5,11.0,0.14,orientation,size,color,0.38,11.0,2,female,1,2537.0593455999997,1,21,0.0,0.0,0.0,0.0,0.0,-1.0,54.0,37.0,0.0
184,185,3.0,1.0,1.0,1.0,8.0,2.6838715999997476,-25.0,21.0,0.22,orientation,size,color,0.38,11.0,2,female,1,2537.0593455999997,0,21,0.0,0.0,0.0,0.0,0.0,1.0,55.0,38.0,0.0
185,186,3.0,1.0,0.0,0.0,8.0,8.63346270000011,-34.0,12.0,0.1,orientation,size,color,0.38,11.0,2,female,1,2537.0593455999997,0,21,0.0,0.0,1.0,0.0,0.0,0.0,56.0,39.0,0.0
186,187,3.0,7.0,1.0,0.0,8.0,4.566940799999884,2.0,20.0,0.26,orientation,size,color,0.38,11.0,2,female,1,2537.0593455999997,1,21,0.0,0.0,2.0,0.0,0.0,-1.0,57.0,40.0,0.0
187,188,3.0,4.0,4.0,1.0,8.0,2.4166101999999228,69.5,11.0,0.22,orientation,size,color,0.38,11.0,2,female,1,2537.0593455999997,1,21,0.0,0.0,0.0,0.0,0.0,-1.0,58.0,41.0,0.0
188,189,3.0,5.0,5.0,1.0,8.0,3.1505906999996114,78.5,23.0,0.22,orientation,size,color,0.38,11.0,2,female,1,2537.0593455999997,0,21,0.0,0.0,0.0,0.0,0.0,2.0,59.0,42.0,0.0
189,190,3.0,3.0,1.0,0.0,8.0,1.5340424999999414,-88.0,16.0,0.1,orientation,size,color,0.38,11.0,2,female,1,2537.0593455999997,0,21,0.0,0.0,1.0,0.0,0.0,0.0,60.0,43.0,0.0
190,191,3.0,6.0,6.0,1.0,8.0,2.0171198000002732,11.0,6.0,0.4600000000000001,orientation,size,color,0.38,11.0,2,female,1,2537.0593455999997,1,21,0.0,0.0,0.0,0.0,0.0,-1.0,61.0,44.0,0.0
191,192,3.0,6.0,6.0,1.0,8.0,3.166828699999769,65.0,2.0,0.42,orientation,size,color,0.38,11.0,2,female,1,2537.0593455999997,0,21,0.0,0.0,0.0,0.0,0.0,1.0,62.0,45.0,0.0
192,193,3.0,4.0,6.0,0.0,8.0,2.750872199999776,83.0,5.0,0.38,orientation,size,color,0.38,11.0,2,female,1,2537.0593455999997,0,21,0.0,0.0,1.0,0.0,0.0,0.0,63.0,46.0,0.0
193,194,3.0,3.0,1.0,0.0,8.0,4.800419900000179,-65.5,13.0,0.14,orientation,size,color,0.38,11.0,2,female,1,2537.0593455999997,1,21,0.0,0.0,1.0,0.0,0.0,-1.0,64.0,47.0,0.0
194,195,3.0,4.0,4.0,1.0,8.0,6.450122999999621,83.0,4.0,0.3400000000000001,orientation,size,color,0.38,11.0,2,female,1,2537.0593455999997,1,21,0.0,0.0,0.0,0.0,0.0,0.0,65.0,48.0,0.0
195,196,3.0,2.0,2.0,1.0,8.0,2.099857300000167,-79.0,10.0,0.4600000000000001,orientation,size,color,0.38,11.0,2,female,1,2537.0593455999997,0,21,0.0,0.0,0.0,0.0,0.0,1.0,66.0,49.0,0.0
196,197,3.0,6.0,6.0,1.0,8.0,1.850880099999813,51.5,12.0,0.42,orientation,size,color,0.38,11.0,2,female,1,2537.0593455999997,0,21,0.0,0.0,0.0,0.0,0.0,0.0,67.0,50.0,0.0
197,198,3.0,6.0,4.0,0.0,8.0,1.5169448999999986,11.0,12.0,0.22,orientation,size,color,0.38,11.0,2,female,1,2537.0593455999997,0,21,0.0,0.0,1.0,0.0,0.0,0.0,68.0,51.0,0.0
198,199,3.0,2.0,1.0,0.0,8.0,4.849101400000109,-83.5,16.0,0.18,orientation,size,color,0.38,11.0,2,female,1,2537.0593455999997,1,21,0.0,0.0,2.0,0.0,0.0,-1.0,69.0,52.0,0.0
199,200,3.0,7.0,5.0,0.0,8.0,4.665752699999757,15.5,19.0,0.3400000000000001,orientation,size,color,0.38,11.0,2,female,1,2537.0593455999997,1,21,0.0,0.0,1.0,0.0,0.0,-1.0,70.0,53.0,0.0
200,201,3.0,2.0,0.0,0.0,8.0,11.1336096,-25.0,10.0,0.14,orientation,size,color,0.38,11.0,2,female,1,2537.0593455999997,1,21,0.0,0.0,1.0,0.0,0.0,1.0,71.0,54.0,0.0
201,202,3.0,3.0,1.0,0.0,8.0,11.34987289999981,-56.5,17.0,0.3,orientation,size,color,0.38,11.0,2,female,1,2537.0593455999997,1,21,0.0,0.0,1.0,0.0,0.0,0.0,72.0,55.0,0.0
202,203,3.0,1.0,1.0,1.0,8.0,1.6664858999997705,-65.5,18.0,0.26,orientation,size,color,0.38,11.0,2,female,1,2537.0593455999997,1,21,0.0,0.0,0.0,0.0,0.0,0.0,73.0,56.0,0.0
203,204,3.0,6.0,4.0,0.0,8.0,2.000227900000027,20.0,8.0,0.3,orientation,size,color,0.38,11.0,2,female,1,2537.0593455999997,0,21,0.0,0.0,1.0,0.0,0.0,1.0,74.0,57.0,0.0
204,205,3.0,0.0,0.0,1.0,8.0,2.883339800000158,-38.5,6.0,0.1,orientation,size,color,0.38,11.0,2,female,1,2537.0593455999997,1,21,0.0,0.0,0.0,0.0,0.0,-1.0,75.0,58.0,0.0
205,206,3.0,2.0,2.0,1.0,8.0,3.700388599999769,-25.0,12.0,0.42,orientation,size,color,0.38,11.0,2,female,1,2537.0593455999997,0,21,0.0,0.0,0.0,0.0,0.0,1.0,76.0,59.0,0.0
206,207,3.0,1.0,1.0,1.0,8.0,2.700859799999762,-2.5,13.0,0.3,orientation,size,color,0.38,11.0,2,female,1,2537.0593455999997,0,21,0.0,0.0,0.0,0.0,0.0,0.0,77.0,60.0,0.0
207,208,3.0,2.0,2.0,1.0,8.0,3.1181235999997625,-47.5,0.0,0.42,orientation,size,color,0.38,11.0,2,female,1,2537.0593455999997,0,21,0.0,0.0,0.0,0.0,0.0,0.0,78.0,61.0,0.0
208,209,3.0,1.0,1.0,1.0,8.0,1.6158156999999846,-16.0,20.0,0.14,orientation,size,color,0.38,11.0,2,female,1,2537.0593455999997,0,21,0.0,0.0,0.0,0.0,0.0,0.0,79.0,62.0,0.0
209,210,3.0,6.0,4.0,0.0,8.0,8.25074820000009,51.5,2.0,0.22,orientation,size,color,0.38,11.0,2,female,1,2537.0593455999997,0,21,0.0,0.0,1.0,0.0,0.0,0.0,80.0,63.0,0.0
210,211,3.0,1.0,1.0,1.0,8.0,2.098834700000225,-11.5,21.0,0.14,orientation,size,color,0.38,11.0,2,female,1,2537.0593455999997,1,21,0.0,0.0,0.0,0.0,0.0,-1.0,81.0,64.0,0.0
211,212,3.0,4.0,4.0,1.0,8.0,4.565795600000001,87.5,6.0,0.26,orientation,size,color,0.38,11.0,2,female,1,2537.0593455999997,0,21,0.0,0.0,0.0,0.0,0.0,1.0,82.0,65.0,0.0
212,213,3.0,1.0,1.0,1.0,8.0,2.449111500000072,-16.0,13.0,0.1,orientation,size,color,0.38,11.0,2,female,1,2537.0593455999997,0,21,0.0,0.0,0.0,0.0,0.0,0.0,83.0,66.0,0.0
213,214,3.0,5.0,5.0,1.0,8.0,3.6669487999997727,56.0,20.0,0.14,orientation,size,color,0.38,11.0,2,female,1,2537.0593455999997,0,21,0.0,0.0,0.0,0.0,0.0,0.0,84.0,67.0,0.0
214,215,3.0,2.0,0.0,0.0,8.0,6.217582200000379,-56.5,9.0,0.18,orientation,size,color,0.38,11.0,2,female,1,2537.0593455999997,0,21,0.0,0.0,1.0,0.0,0.0,0.0,85.0,68.0,0.0
215,216,3.0,6.0,6.0,1.0,8.0,7.899952199999916,29.0,9.0,0.4600000000000001,orientation,size,color,0.38,11.0,2,female,1,2537.0593455999997,1,21,0.0,0.0,0.0,0.0,0.0,-1.0,86.0,69.0,0.0
216,217,3.0,1.0,3.0,0.0,8.0,2.0839108000000124,-20.5,22.0,0.42,orientation,size,color,0.38,11.0,2,female,1,2537.0593455999997,0,21,0.0,0.0,1.0,0.0,0.0,1.0,87.0,70.0,0.0
217,218,3.0,5.0,5.0,1.0,8.0,4.416584900000089,20.0,24.0,0.26,orientation,size,color,0.38,11.0,2,female,1,2537.0593455999997,1,21,0.0,0.0,0.0,0.0,0.0,-1.0,88.0,71.0,0.0
218,219,3.0,2.0,2.0,1.0,8.0,4.86730499999976,-74.5,2.0,0.38,orientation,size,color,0.38,11.0,2,female,1,2537.0593455999997,0,21,0.0,0.0,0.0,0.0,0.0,1.0,89.0,72.0,0.0
219,220,3.0,2.0,0.0,0.0,8.0,1.4160554000000047,-70.0,3.0,0.26,orientation,size,color,0.38,11.0,2,female,1,2537.0593455999997,0,21,0.0,0.0,1.0,0.0,0.0,0.0,90.0,73.0,0.0
220,221,3.0,2.0,0.0,0.0,8.0,1.8324944999999389,-65.5,2.0,0.3,orientation,size,color,0.38,11.0,2,female,1,2537.0593455999997,1,21,0.0,0.0,1.0,0.0,0.0,-1.0,91.0,74.0,0.0
221,222,3.0,1.0,3.0,0.0,8.0,1.3326796999999715,-65.5,20.0,0.42,orientation,size,color,0.38,11.0,2,female,1,2537.0593455999997,1,21,0.0,0.0,1.0,0.0,0.0,0.0,92.0,75.0,0.0
222,223,3.0,3.0,3.0,1.0,8.0,2.5327806999998757,-65.5,20.0,0.42,orientation,size,color,0.38,11.0,2,female,1,2537.0593455999997,1,21,0.0,0.0,0.0,0.0,0.0,0.0,93.0,76.0,0.0
223,224,3.0,1.0,3.0,0.0,8.0,1.3006532999997944,-25.0,13.0,0.42,orientation,size,color,0.38,11.0,2,female,1,2537.0593455999997,0,21,0.0,0.0,1.0,0.0,0.0,1.0,94.0,77.0,0.0
224,225,3.0,6.0,4.0,0.0,8.0,14.53309169999966,47.0,9.0,0.14,orientation,size,color,0.38,11.0,2,female,1,2537.0593455999997,1,21,0.0,0.0,1.0,0.0,0.0,-1.0,95.0,78.0,0.0
225,226,3.0,1.0,1.0,1.0,8.0,5.667302000000291,-11.5,22.0,0.14,orientation,size,color,0.38,11.0,2,female,1,2537.0593455999997,1,21,0.0,0.0,0.0,0.0,0.0,0.0,96.0,79.0,0.0
226,227,3.0,0.0,2.0,0.0,8.0,4.650014199999987,-7.0,12.0,0.4600000000000001,orientation,size,color,0.38,11.0,2,female,1,2537.0593455999997,0,21,0.0,0.0,1.0,0.0,0.0,1.0,97.0,80.0,0.0
227,228,3.0,2.0,2.0,1.0,8.0,6.415371699999923,-70.0,5.0,0.4600000000000001,orientation,size,color,0.38,11.0,2,female,1,2537.0593455999997,1,21,0.0,0.0,0.0,0.0,0.0,-1.0,98.0,81.0,0.0
228,229,3.0,1.0,1.0,1.0,8.0,4.866822800000136,-2.5,18.0,0.3,orientation,size,color,0.38,11.0,2,female,1,2537.0593455999997,0,21,0.0,0.0,0.0,0.0,0.0,1.0,99.0,82.0,0.0
229,230,3.0,0.0,0.0,1.0,8.0,1.7170387000001028,-52.0,0.0,0.18,orientation,size,color,0.38,11.0,2,female,1,2537.0593455999997,0,21,0.0,0.0,0.0,0.0,0.0,0.0,100.0,83.0,0.0
230,231,3.0,4.0,4.0,1.0,8.0,4.68464270000004,42.5,11.0,0.22,orientation,size,color,0.38,11.0,2,female,1,2537.0593455999997,0,21,0.0,0.0,0.0,0.0,0.0,0.0,101.0,84.0,0.0
231,232,3.0,0.0,0.0,1.0,8.0,1.9000043999999432,-25.0,5.0,0.1,orientation,size,color,0.38,11.0,2,female,1,2537.0593455999997,0,21,0.0,0.0,0.0,0.0,0.0,0.0,102.0,85.0,0.0
232,233,3.0,6.0,2.0,0.0,8.0,3.7167132999998103,2.0,1.0,0.4600000000000001,orientation,size,color,0.38,11.0,2,female,1,2537.0593455999997,0,21,0.0,0.0,1.0,0.0,0.0,0.0,103.0,86.0,0.0
233,234,3.0,4.0,4.0,1.0,8.0,4.300162900000032,60.5,1.0,0.26,orientation,size,color,0.38,11.0,2,female,1,2537.0593455999997,1,21,0.0,0.0,0.0,0.0,0.0,-1.0,104.0,87.0,0.0
234,235,3.0,2.0,0.0,0.0,8.0,2.815703499999927,-29.5,11.0,0.26,orientation,size,color,0.38,11.0,2,female,1,2537.0593455999997,0,21,0.0,0.0,1.0,0.0,0.0,1.0,105.0,88.0,0.0
235,236,3.0,3.0,2.0,0.0,8.0,1.583236499999657,-88.0,5.0,0.38,orientation,size,color,0.38,11.0,2,female,1,2537.0593455999997,1,21,0.0,0.0,1.0,0.0,0.0,-1.0,106.0,89.0,0.0
236,237,3.0,1.0,1.0,1.0,8.0,1.917130199999974,-11.5,16.0,0.3400000000000001,orientation,size,color,0.38,11.0,2,female,1,2537.0593455999997,1,21,0.0,0.0,0.0,0.0,0.0,0.0,107.0,90.0,0.0
237,238,3.0,7.0,7.0,1.0,8.0,5.9667624999997315,11.0,24.0,0.42,orientation,size,color,0.38,11.0,2,female,1,2537.0593455999997,0,21,0.0,0.0,0.0,0.0,0.0,1.0,108.0,91.0,0.0
238,239,3.0,5.0,5.0,1.0,8.0,3.9002543999999943,60.5,19.0,0.26,orientation,size,color,0.38,11.0,2,female,1,2537.0593455999997,0,21,0.0,0.0,0.0,0.0,0.0,0.0,109.0,92.0,0.0
239,240,3.0,5.0,7.0,0.0,8.0,1.433508300000085,65.0,18.0,0.42,orientation,size,color,0.38,11.0,2,female,1,2537.0593455999997,0,21,0.0,0.0,1.0,0.0,0.0,0.0,110.0,93.0,0.0
240,241,3.0,7.0,3.0,0.0,8.0,1.5337188000003152,6.5,22.0,0.42,orientation,size,color,0.38,11.0,2,female,1,2537.0593455999997,1,21,0.0,0.0,1.0,0.0,0.0,-1.0,111.0,94.0,0.0
241,242,3.0,5.0,5.0,1.0,8.0,12.066159099999824,65.0,14.0,0.22,orientation,size,color,0.38,11.0,2,female,1,2537.0593455999997,1,21,0.0,0.0,0.0,0.0,0.0,0.0,112.0,95.0,0.0
242,243,3.0,7.0,5.0,0.0,8.0,2.116589700000077,11.0,20.0,0.1,orientation,size,color,0.38,11.0,2,female,1,2537.0593455999997,0,21,0.0,0.0,1.0,0.0,0.0,1.0,113.0,96.0,0.0
243,244,3.0,3.0,2.0,0.0,8.0,2.299893699999757,-70.0,12.0,0.4600000000000001,orientation,size,color,0.38,11.0,2,female,1,2537.0593455999997,1,21,0.0,0.0,1.0,0.0,0.0,-1.0,114.0,97.0,0.0
244,245,3.0,7.0,5.0,0.0,8.0,2.7836883999998463,20.0,23.0,0.3,orientation,size,color,0.38,11.0,2,female,1,2537.0593455999997,1,21,0.0,0.0,1.0,0.0,0.0,0.0,115.0,98.0,0.0
245,246,3.0,0.0,0.0,1.0,8.0,3.999277100000199,-2.5,12.0,0.26,orientation,size,color,0.38,11.0,2,female,1,2537.0593455999997,1,21,0.0,0.0,0.0,0.0,0.0,0.0,116.0,99.0,0.0
246,247,3.0,5.0,5.0,1.0,8.0,3.4666415000001507,11.0,13.0,0.18,orientation,size,color,0.38,11.0,2,female,1,2537.0593455999997,0,21,0.0,0.0,0.0,0.0,0.0,1.0,117.0,100.0,0.0
247,248,3.0,5.0,5.0,1.0,8.0,3.5511491000002025,78.5,20.0,0.26,orientation,size,color,0.38,11.0,2,female,1,2537.0593455999997,0,21,0.0,0.0,0.0,0.0,0.0,0.0,118.0,101.0,0.0
248,249,3.0,1.0,3.0,0.0,8.0,2.9009313999999904,-7.0,15.0,0.4600000000000001,orientation,size,color,0.38,11.0,2,female,1,2537.0593455999997,0,21,0.0,0.0,1.0,0.0,0.0,0.0,119.0,102.0,0.0
249,250,3.0,1.0,1.0,1.0,8.0,6.065978499999801,-65.5,14.0,0.14,orientation,size,color,0.38,11.0,2,female,1,2537.0593455999997,1,21,0.0,0.0,0.0,0.0,0.0,-1.0,120.0,103.0,0.0
250,251,3.0,2.0,2.0,1.0,8.0,3.850378300000102,-83.5,9.0,0.38,orientation,size,color,0.38,11.0,2,female,1,2537.0593455999997,0,21,0.0,0.0,0.0,0.0,0.0,1.0,121.0,104.0,0.0
251,252,3.0,1.0,1.0,1.0,8.0,2.766589400000157,-61.0,16.0,0.1,orientation,size,color,0.38,11.0,2,female,1,2537.0593455999997,0,21,0.0,0.0,0.0,0.0,0.0,0.0,122.0,105.0,0.0
252,253,3.0,1.0,1.0,1.0,8.0,2.5998648999998295,-70.0,15.0,0.22,orientation,size,color,0.38,11.0,2,female,1,2537.0593455999997,0,21,0.0,0.0,0.0,0.0,0.0,0.0,123.0,106.0,0.0
253,254,3.0,5.0,5.0,1.0,8.0,4.266593599999851,87.5,23.0,0.26,orientation,size,color,0.38,11.0,2,female,1,2537.0593455999997,0,21,0.0,0.0,0.0,0.0,0.0,0.0,124.0,107.0,0.0
254,255,3.0,5.0,7.0,0.0,8.0,4.3323145999997905,24.5,22.0,0.42,orientation,size,color,0.38,11.0,2,female,1,2537.0593455999997,0,21,0.0,0.0,1.0,0.0,0.0,0.0,125.0,108.0,0.0
255,256,3.0,5.0,5.0,1.0,8.0,1.8655029000001375,33.5,14.0,0.22,orientation,size,color,0.38,11.0,2,female,1,2537.0593455999997,1,21,0.0,0.0,0.0,0.0,0.0,-1.0,126.0,109.0,0.0
256,257,3.0,2.0,2.0,1.0,8.0,6.200280399999883,-83.5,4.0,0.38,orientation,size,color,0.38,11.0,2,female,1,2537.0593455999997,0,21,0.0,0.0,0.0,0.0,0.0,1.0,127.0,110.0,0.0
257,258,3.0,4.0,4.0,1.0,8.0,8.68396810000013,51.5,2.0,0.1,orientation,size,color,0.38,11.0,2,female,1,2537.0593455999997,0,21,0.0,0.0,0.0,0.0,0.0,0.0,128.0,111.0,0.0
258,259,3.0,3.0,1.0,0.0,8.0,7.316675600000053,-56.5,18.0,0.3400000000000001,orientation,size,color,0.38,11.0,2,female,1,2537.0593455999997,0,21,0.0,0.0,1.0,0.0,0.0,0.0,129.0,112.0,0.0
259,260,3.0,6.0,5.0,0.0,8.0,2.7331214000000728,11.0,17.0,0.14,orientation,size,color,0.38,11.0,2,female,1,2537.0593455999997,1,21,0.0,0.0,2.0,0.0,0.0,-1.0,130.0,113.0,0.0
260,261,3.0,2.0,1.0,0.0,8.0,5.716777099999945,-52.0,15.0,0.22,orientation,size,color,0.38,11.0,2,female,1,2537.0593455999997,1,21,0.0,0.0,2.0,0.0,0.0,-1.0,131.0,114.0,0.0
261,262,3.0,6.0,0.0,0.0,8.0,2.2830369000002975,6.5,12.0,0.3400000000000001,orientation,size,color,0.38,11.0,2,female,1,2537.0593455999997,1,21,0.0,0.0,2.0,0.0,0.0,0.0,132.0,115.0,0.0
262,263,3.0,3.0,1.0,0.0,8.0,4.199724300000071,-74.5,13.0,0.22,orientation,size,color,0.38,11.0,2,female,1,2537.0593455999997,1,21,0.0,0.0,1.0,0.0,0.0,0.0,133.0,116.0,0.0
263,264,3.0,1.0,1.0,1.0,8.0,1.5166620999998486,-65.5,21.0,0.18,orientation,size,color,0.38,11.0,2,female,1,2537.0593455999997,1,21,0.0,0.0,0.0,0.0,0.0,1.0,134.0,117.0,0.0
264,265,3.0,2.0,0.0,0.0,8.0,3.2167914000001474,-16.0,12.0,0.3400000000000001,orientation,size,color,0.38,11.0,2,female,1,2537.0593455999997,0,21,0.0,0.0,1.0,0.0,0.0,1.0,135.0,118.0,0.0
265,266,3.0,0.0,0.0,1.0,8.0,1.5829781000002183,-7.0,8.0,0.3400000000000001,orientation,size,color,0.38,11.0,2,female,1,2537.0593455999997,1,21,0.0,0.0,0.0,0.0,0.0,-1.0,136.0,119.0,0.0
266,267,3.0,0.0,0.0,1.0,8.0,1.4839559000001827,-29.5,12.0,0.1,orientation,size,color,0.38,11.0,2,female,1,2537.0593455999997,0,21,0.0,0.0,0.0,0.0,0.0,1.0,137.0,120.0,0.0
267,268,3.0,4.0,4.0,1.0,8.0,17.18445070000007,87.5,0.0,0.1,orientation,size,color,0.38,11.0,2,female,1,2537.0593455999997,0,21,0.0,0.0,0.0,0.0,0.0,0.0,138.0,121.0,0.0
268,269,3.0,2.0,0.0,0.0,8.0,2.4165561999998317,-56.5,2.0,0.26,orientation,size,color,0.38,11.0,2,female,1,2537.0593455999997,0,21,0.0,0.0,1.0,0.0,0.0,0.0,139.0,122.0,0.0
269,270,3.0,1.0,1.0,1.0,8.0,9.650279800000137,-52.0,15.0,0.14,orientation,size,color,0.38,11.0,2,female,1,2537.0593455999997,1,21,0.0,0.0,0.0,0.0,0.0,-1.0,140.0,123.0,0.0
270,271,3.0,3.0,1.0,0.0,8.0,1.9671196999997849,-83.5,15.0,0.3,orientation,size,color,0.38,11.0,2,female,1,2537.0593455999997,0,21,0.0,0.0,1.0,0.0,0.0,1.0,141.0,124.0,0.0
271,272,3.0,3.0,1.0,0.0,8.0,7.016712199999802,-88.0,16.0,0.26,orientation,size,color,0.38,11.0,2,female,1,2537.0593455999997,1,21,0.0,0.0,1.0,0.0,0.0,-1.0,142.0,125.0,0.0
272,273,3.0,2.0,0.0,0.0,8.0,11.798827300000085,-79.0,7.0,0.3400000000000001,orientation,size,color,0.38,11.0,2,female,1,2537.0593455999997,1,21,0.0,0.0,1.0,0.0,0.0,0.0,143.0,126.0,0.0
273,274,3.0,6.0,4.0,0.0,8.0,4.034158299999945,56.0,1.0,0.18,orientation,size,color,0.38,11.0,2,female,1,2537.0593455999997,1,21,0.0,0.0,1.0,0.0,0.0,0.0,144.0,127.0,0.0
274,275,3.0,3.0,1.0,0.0,8.0,3.11667849999958,-74.5,23.0,0.3400000000000001,orientation,size,color,0.38,11.0,2,female,1,2537.0593455999997,1,21,0.0,0.0,1.0,0.0,0.0,0.0,145.0,128.0,0.0
275,276,3.0,4.0,4.0,1.0,8.0,27.0327870000001,56.0,0.0,0.26,orientation,size,color,0.38,11.0,2,female,1,2537.0593455999997,1,21,0.0,0.0,0.0,0.0,0.0,0.0,146.0,129.0,0.0
276,277,3.0,5.0,7.0,0.0,8.0,3.1838918999997077,42.5,24.0,0.38,orientation,size,color,0.38,11.0,2,female,1,2537.0593455999997,0,21,0.0,0.0,1.0,0.0,0.0,1.0,147.0,130.0,0.0
277,278,3.0,2.0,0.0,0.0,8.0,4.166300599999886,2.0,6.0,0.22,orientation,size,color,0.38,11.0,2,female,1,2537.0593455999997,1,21,0.0,0.0,1.0,0.0,0.0,-1.0,148.0,131.0,0.0
278,279,3.0,6.0,4.0,0.0,8.0,11.882598499999858,38.0,4.0,0.1,orientation,size,color,0.38,11.0,2,female,1,2537.0593455999997,1,21,0.0,0.0,1.0,0.0,0.0,0.0,149.0,132.0,0.0
279,280,3.0,1.0,1.0,1.0,8.0,3.866266200000154,-20.5,23.0,0.26,orientation,size,color,0.38,11.0,2,female,1,2537.0593455999997,1,21,0.0,0.0,0.0,0.0,0.0,0.0,150.0,133.0,0.0
280,281,3.0,3.0,1.0,0.0,8.0,3.951139499999954,-74.5,19.0,0.14,orientation,size,color,0.38,11.0,2,female,1,2537.0593455999997,0,21,0.0,0.0,1.0,0.0,0.0,1.0,151.0,134.0,0.0
281,282,3.0,3.0,1.0,0.0,8.0,3.533500499999718,-88.0,22.0,0.3400000000000001,orientation,size,color,0.38,11.0,2,female,1,2537.0593455999997,1,21,0.0,0.0,1.0,0.0,0.0,-1.0,152.0,135.0,0.0
282,283,3.0,1.0,1.0,1.0,8.0,1.2001915999999255,-47.5,18.0,0.3,orientation,size,color,0.38,11.0,2,female,1,2537.0593455999997,1,21,0.0,0.0,0.0,0.0,0.0,0.0,153.0,136.0,0.0
283,284,3.0,4.0,6.0,0.0,8.0,2.733516900000268,56.0,7.0,0.38,orientation,size,color,0.38,11.0,2,female,1,2537.0593455999997,0,21,0.0,0.0,1.0,0.0,0.0,1.0,154.0,137.0,0.0
284,285,3.0,6.0,6.0,1.0,8.0,1.617281400000138,11.0,8.0,0.42,orientation,size,color,0.38,11.0,2,female,1,2537.0593455999997,1,21,0.0,0.0,0.0,0.0,0.0,-1.0,155.0,138.0,0.0
285,286,3.0,2.0,0.0,0.0,8.0,2.6848313000000417,-29.5,1.0,0.3400000000000001,orientation,size,color,0.38,11.0,2,female,1,2537.0593455999997,0,21,0.0,0.0,1.0,0.0,0.0,1.0,156.0,139.0,0.0
286,287,3.0,1.0,1.0,1.0,8.0,4.3667412999998305,-38.5,19.0,0.1,orientation,size,color,0.38,11.0,2,female,1,2537.0593455999997,1,21,0.0,0.0,0.0,0.0,0.0,-1.0,157.0,140.0,0.0
287,288,3.0,0.0,0.0,1.0,8.0,4.184191599999849,-7.0,10.0,0.3,orientation,size,color,0.38,11.0,2,female,1,2537.0593455999997,0,21,0.0,0.0,0.0,0.0,0.0,1.0,158.0,141.0,0.0
288,289,3.0,5.0,7.0,0.0,8.0,8.849703200000022,60.5,23.0,0.38,orientation,size,color,0.38,11.0,2,female,1,2537.0593455999997,0,21,0.0,0.0,1.0,0.0,0.0,0.0,159.0,142.0,0.0
289,290,3.0,1.0,3.0,0.0,8.0,6.9830911999997625,-74.5,18.0,0.4600000000000001,orientation,size,color,0.38,11.0,2,female,1,2537.0593455999997,1,21,0.0,0.0,1.0,0.0,0.0,-1.0,160.0,143.0,0.0
290,291,3.0,5.0,7.0,0.0,8.0,8.250214799999867,29.0,13.0,0.4600000000000001,orientation,size,color,0.38,11.0,2,female,1,2537.0593455999997,1,21,0.0,0.0,1.0,0.0,0.0,0.0,161.0,144.0,0.0
291,292,3.0,0.0,0.0,1.0,8.0,12.200425100000302,-25.0,11.0,0.3,orientation,size,color,0.38,11.0,2,female,1,2537.0593455999997,1,21,0.0,0.0,0.0,0.0,0.0,0.0,162.0,145.0,0.0
292,293,3.0,7.0,5.0,0.0,8.0,5.700388799999928,15.5,22.0,0.14,orientation,size,color,0.38,11.0,2,female,1,2537.0593455999997,0,21,0.0,0.0,1.0,0.0,0.0,1.0,163.0,146.0,0.0
293,294,3.0,0.0,2.0,0.0,8.0,12.365752900000189,-16.0,0.0,0.4600000000000001,orientation,size,color,0.38,11.0,2,female,1,2537.0593455999997,1,21,0.0,0.0,1.0,0.0,0.0,-1.0,164.0,147.0,0.0
294,295,3.0,7.0,5.0,0.0,8.0,7.33350240000027,38.0,17.0,0.3,orientation,size,color,0.38,11.0,2,female,1,2537.0593455999997,1,21,0.0,0.0,1.0,0.0,0.0,0.0,165.0,148.0,0.0
295,296,3.0,2.0,0.0,0.0,8.0,5.750188299999991,-83.5,6.0,0.18,orientation,size,color,0.38,11.0,2,female,1,2537.0593455999997,1,21,0.0,0.0,1.0,0.0,0.0,0.0,166.0,149.0,0.0
296,297,3.0,2.0,2.0,1.0,8.0,2.450860399999783,-70.0,4.0,0.4600000000000001,orientation,size,color,0.38,11.0,2,female,1,2537.0593455999997,1,21,0.0,0.0,0.0,0.0,0.0,0.0,167.0,150.0,0.0
297,298,3.0,1.0,1.0,1.0,8.0,8.151112499999726,-25.0,21.0,0.26,orientation,size,color,0.38,11.0,2,female,1,2537.0593455999997,0,21,0.0,0.0,0.0,0.0,0.0,1.0,168.0,151.0,0.0
298,299,3.0,1.0,3.0,0.0,8.0,3.950231599999825,-47.5,18.0,0.4600000000000001,orientation,size,color,0.38,11.0,2,female,1,2537.0593455999997,0,21,0.0,0.0,1.0,0.0,0.0,0.0,169.0,152.0,0.0
299,300,3.0,4.0,4.0,1.0,8.0,10.299852600000122,87.5,2.0,0.26,orientation,size,color,0.38,11.0,2,female,1,2537.0593455999997,1,21,0.0,0.0,0.0,0.0,0.0,-1.0,170.0,153.0,0.0
300,301,3.0,1.0,1.0,1.0,8.0,6.033921400000054,-20.5,18.0,0.18,orientation,size,color,0.38,11.0,2,female,1,2537.0593455999997,0,21,0.0,0.0,0.0,0.0,0.0,1.0,171.0,154.0,0.0
301,302,3.0,2.0,2.0,1.0,8.0,4.732817799999793,-11.5,10.0,0.4600000000000001,orientation,size,color,0.38,11.0,2,female,1,2537.0593455999997,0,21,0.0,0.0,0.0,0.0,0.0,0.0,172.0,155.0,0.0
302,303,3.0,1.0,1.0,1.0,8.0,2.999485100000129,-52.0,17.0,0.3,orientation,size,color,0.38,11.0,2,female,1,2537.0593455999997,0,21,0.0,0.0,0.0,0.0,0.0,0.0,173.0,156.0,0.0
303,304,3.0,5.0,7.0,0.0,8.0,6.300406500000008,29.0,15.0,0.42,orientation,size,color,0.38,11.0,2,female,1,2537.0593455999997,0,21,0.0,0.0,1.0,0.0,0.0,0.0,174.0,157.0,0.0
304,305,3.0,0.0,0.0,1.0,8.0,9.516126100000292,-56.5,9.0,0.22,orientation,size,color,0.38,11.0,2,female,1,2537.0593455999997,1,21,0.0,0.0,0.0,0.0,0.0,-1.0,175.0,158.0,0.0
305,306,3.0,6.0,6.0,1.0,8.0,3.1999822000002496,60.5,10.0,0.4600000000000001,orientation,size,color,0.38,11.0,2,female,1,2537.0593455999997,0,21,0.0,0.0,0.0,0.0,0.0,1.0,176.0,159.0,0.0
306,307,3.0,2.0,2.0,1.0,8.0,2.766497200000231,-70.0,0.0,0.4600000000000001,orientation,size,color,0.38,11.0,2,female,1,2537.0593455999997,0,21,0.0,0.0,0.0,0.0,0.0,0.0,177.0,160.0,0.0
307,308,3.0,6.0,4.0,0.0,8.0,3.617070799999965,65.0,6.0,0.14,orientation,size,color,0.38,11.0,2,female,1,2537.0593455999997,0,21,0.0,0.0,1.0,0.0,0.0,0.0,178.0,161.0,0.0
308,309,3.0,4.0,5.0,0.0,8.0,6.849933599999986,83.0,20.0,0.22,orientation,size,color,0.38,11.0,2,female,1,2537.0593455999997,1,21,0.0,0.0,1.0,0.0,0.0,-1.0,179.0,162.0,0.0
309,310,3.0,1.0,3.0,0.0,8.0,7.433031399999891,-61.0,14.0,0.42,orientation,size,color,0.38,11.0,2,female,1,2537.0593455999997,1,21,0.0,0.0,1.0,0.0,0.0,0.0,180.0,163.0,0.0
310,311,3.0,0.0,0.0,1.0,8.0,1.4999084999999468,-16.0,12.0,0.18,orientation,size,color,0.38,11.0,2,female,1,2537.0593455999997,1,21,0.0,0.0,0.0,0.0,0.0,0.0,181.0,164.0,0.0
311,312,3.0,1.0,3.0,0.0,8.0,2.317512000000079,-7.0,19.0,0.38,orientation,size,color,0.38,11.0,2,female,1,2537.0593455999997,0,21,0.0,0.0,1.0,0.0,0.0,1.0,182.0,165.0,0.0
312,313,3.0,0.0,0.0,1.0,8.0,2.9156944999999723,-83.5,2.0,0.1,orientation,size,color,0.38,11.0,2,female,1,2537.0593455999997,1,21,0.0,0.0,0.0,0.0,0.0,-1.0,183.0,166.0,0.0
313,314,3.0,2.0,2.0,1.0,8.0,6.700022900000022,2.0,10.0,0.42,orientation,size,color,0.38,11.0,2,female,1,2537.0593455999997,0,21,0.0,0.0,0.0,0.0,0.0,1.0,184.0,167.0,0.0
314,315,3.0,5.0,5.0,1.0,8.0,10.649657099999786,42.5,15.0,0.1,orientation,size,color,0.38,11.0,2,female,1,2537.0593455999997,0,21,0.0,0.0,0.0,0.0,0.0,0.0,185.0,168.0,0.0
315,316,3.0,1.0,1.0,1.0,8.0,6.000762300000133,-16.0,23.0,0.18,orientation,size,color,0.38,11.0,2,female,1,2537.0593455999997,0,21,0.0,0.0,0.0,0.0,0.0,0.0,186.0,169.0,0.0
316,317,3.0,3.0,3.0,1.0,8.0,6.21725779999997,-56.5,24.0,0.42,orientation,size,color,0.38,11.0,2,female,1,2537.0593455999997,0,21,0.0,0.0,0.0,0.0,0.0,0.0,187.0,170.0,0.0
317,318,3.0,3.0,3.0,1.0,8.0,2.7340641999999207,-83.5,23.0,0.38,orientation,size,color,0.38,11.0,2,female,1,2537.0593455999997,0,21,0.0,0.0,0.0,0.0,0.0,0.0,188.0,171.0,0.0
318,319,3.0,7.0,7.0,1.0,8.0,7.699291699999776,24.5,21.0,0.4600000000000001,orientation,size,color,0.38,11.0,2,female,1,2537.0593455999997,0,21,0.0,0.0,0.0,0.0,0.0,0.0,189.0,172.0,0.0
319,320,3.0,5.0,5.0,1.0,8.0,3.6159100999998377,42.5,22.0,0.1,orientation,size,color,0.38,11.0,2,female,1,2537.0593455999997,0,21,0.0,0.0,0.0,0.0,0.0,0.0,190.0,173.0,0.0
320,321,3.0,1.0,3.0,0.0,8.0,4.86853659999997,-20.5,22.0,0.38,orientation,size,color,0.38,11.0,2,female,1,2537.0593455999997,0,21,0.0,0.0,1.0,0.0,0.0,0.0,191.0,174.0,0.0
321,322,3.0,1.0,3.0,0.0,8.0,1.3844263999999384,-2.5,19.0,0.38,orientation,size,color,0.38,11.0,2,female,1,2537.0593455999997,1,21,0.0,0.0,1.0,0.0,0.0,-1.0,192.0,175.0,0.0
322,323,3.0,0.0,0.0,1.0,8.0,1.465610100000049,-34.0,5.0,0.22,orientation,size,color,0.38,11.0,2,female,1,2537.0593455999997,1,21,0.0,0.0,0.0,0.0,0.0,0.0,193.0,176.0,0.0
323,324,3.0,2.0,0.0,0.0,8.0,1.8999927999998365,-25.0,3.0,0.3400000000000001,orientation,size,color,0.38,11.0,2,female,1,2537.0593455999997,0,21,0.0,0.0,1.0,0.0,0.0,1.0,194.0,177.0,0.0
324,325,3.0,7.0,5.0,0.0,8.0,2.1001522000001387,20.0,19.0,0.1,orientation,size,color,0.38,11.0,2,female,1,2537.0593455999997,1,21,0.0,0.0,1.0,0.0,0.0,-1.0,195.0,178.0,0.0
325,326,3.0,3.0,1.0,0.0,8.0,4.017067199999929,-34.0,18.0,0.18,orientation,size,color,0.38,11.0,2,female,1,2537.0593455999997,1,21,0.0,0.0,1.0,0.0,0.0,0.0,196.0,179.0,0.0
326,327,3.0,6.0,5.0,0.0,8.0,1.317374700000073,51.5,20.0,0.3,orientation,size,color,0.38,11.0,2,female,1,2537.0593455999997,1,21,0.0,0.0,2.0,0.0,0.0,0.0,197.0,180.0,0.0
327,328,3.0,7.0,4.0,0.0,8.0,9.166390800000045,47.0,6.0,0.14,orientation,size,color,0.38,11.0,2,female,1,2537.0593455999997,1,21,0.0,0.0,2.0,0.0,0.0,-1.0,198.0,181.0,0.0
328,329,3.0,1.0,1.0,1.0,8.0,3.0325085000004037,-83.5,21.0,0.1,orientation,size,color,0.38,11.0,2,female,1,2537.0593455999997,1,21,0.0,0.0,0.0,0.0,0.0,0.0,199.0,182.0,0.0
329,330,3.0,1.0,1.0,1.0,8.0,2.383809900000415,-70.0,17.0,0.1,orientation,size,color,0.38,11.0,2,female,1,2537.0593455999997,0,21,0.0,0.0,0.0,0.0,0.0,2.0,200.0,183.0,0.0
330,331,3.0,6.0,4.0,0.0,8.0,8.68405709999979,33.5,8.0,0.26,orientation,size,color,0.38,11.0,2,female,1,2537.0593455999997,0,21,0.0,0.0,1.0,0.0,0.0,0.0,201.0,184.0,0.0
331,332,3.0,6.0,4.0,0.0,8.0,7.584301100000175,69.5,4.0,0.26,orientation,size,color,0.38,11.0,2,female,1,2537.0593455999997,1,21,0.0,0.0,1.0,0.0,0.0,-1.0,202.0,185.0,0.0
332,333,3.0,2.0,2.0,1.0,8.0,18.966476500000223,-16.0,1.0,0.4600000000000001,orientation,size,color,0.38,11.0,2,female,1,2537.0593455999997,1,21,0.0,0.0,0.0,0.0,0.0,0.0,203.0,186.0,0.0
333,334,3.0,4.0,4.0,1.0,8.0,5.800429599999916,56.0,1.0,0.14,orientation,size,color,0.38,11.0,2,female,1,2537.0593455999997,0,21,0.0,0.0,0.0,0.0,0.0,1.0,204.0,187.0,0.0
334,335,3.0,1.0,3.0,0.0,8.0,4.932954999999765,-83.5,18.0,0.42,orientation,size,color,0.38,11.0,2,female,1,2537.0593455999997,0,21,0.0,0.0,1.0,0.0,0.0,0.0,205.0,188.0,0.0
335,336,3.0,6.0,4.0,0.0,8.0,9.817644300000213,33.5,9.0,0.14,orientation,size,color,0.38,11.0,2,female,1,2537.0593455999997,1,21,0.0,0.0,1.0,0.0,0.0,-1.0,206.0,189.0,0.0
336,337,3.0,5.0,5.0,1.0,8.0,8.699976000000333,83.0,22.0,0.14,orientation,size,color,0.38,11.0,2,female,1,2537.0593455999997,1,21,0.0,0.0,0.0,0.0,0.0,0.0,207.0,190.0,0.0
337,338,3.0,5.0,5.0,1.0,8.0,3.5825479000000087,15.5,16.0,0.18,orientation,size,color,0.38,11.0,2,female,1,2537.0593455999997,0,21,0.0,0.0,0.0,0.0,0.0,1.0,208.0,191.0,0.0
338,339,3.0,0.0,0.0,1.0,8.0,2.3345196000000215,-25.0,7.0,0.18,orientation,size,color,0.38,11.0,2,female,1,2537.0593455999997,0,21,0.0,0.0,0.0,0.0,0.0,0.0,209.0,192.0,0.0
339,340,3.0,2.0,0.0,0.0,8.0,3.400585200000023,-65.5,2.0,0.3,orientation,size,color,0.38,11.0,2,female,1,2537.0593455999997,0,21,0.0,0.0,1.0,0.0,0.0,0.0,210.0,193.0,0.0
340,341,3.0,3.0,1.0,0.0,8.0,2.600299900000209,-79.0,18.0,0.18,orientation,size,color,0.38,11.0,2,female,1,2537.0593455999997,1,21,0.0,0.0,1.0,0.0,0.0,-1.0,211.0,194.0,0.0
341,342,3.0,6.0,6.0,1.0,8.0,3.4001398000000336,24.5,4.0,0.42,orientation,size,color,0.38,11.0,2,female,1,2537.0593455999997,1,21,0.0,0.0,0.0,0.0,0.0,0.0,212.0,195.0,0.0
342,343,3.0,0.0,0.0,1.0,8.0,3.816895399999794,-47.5,8.0,0.22,orientation,size,color,0.38,11.0,2,female,1,2537.0593455999997,0,21,0.0,0.0,0.0,0.0,0.0,1.0,213.0,196.0,0.0
343,344,3.0,6.0,6.0,1.0,8.0,4.949887199999921,47.0,6.0,0.4600000000000001,orientation,size,color,0.38,11.0,2,female,1,2537.0593455999997,0,21,0.0,0.0,0.0,0.0,0.0,0.0,214.0,197.0,0.0
344,345,3.0,4.0,4.0,1.0,8.0,1.9172060000000783,87.5,1.0,0.18,orientation,size,color,0.38,11.0,2,female,1,2537.0593455999997,0,21,0.0,0.0,0.0,0.0,0.0,0.0,215.0,198.0,0.0
345,346,3.0,2.0,0.0,0.0,8.0,5.267660599999999,-25.0,9.0,0.3,orientation,size,color,0.38,11.0,2,female,1,2537.0593455999997,0,21,0.0,0.0,1.0,0.0,0.0,0.0,216.0,199.0,0.0
346,347,3.0,0.0,0.0,1.0,8.0,1.3174017000001186,-16.0,9.0,0.1,orientation,size,color,0.38,11.0,2,female,1,2537.0593455999997,1,21,0.0,0.0,0.0,0.0,0.0,-1.0,217.0,200.0,0.0
347,348,3.0,1.0,3.0,0.0,8.0,2.2341984999998203,-16.0,17.0,0.4600000000000001,orientation,size,color,0.38,11.0,2,female,1,2537.0593455999997,0,21,0.0,0.0,1.0,0.0,0.0,1.0,218.0,201.0,0.0
348,349,3.0,5.0,5.0,1.0,8.0,1.8166699999997036,29.0,17.0,0.26,orientation,size,color,0.38,11.0,2,female,1,2537.0593455999997,1,21,0.0,0.0,0.0,0.0,0.0,-1.0,219.0,202.0,0.0
349,350,3.0,1.0,1.0,1.0,8.0,7.350858900000276,-74.5,14.0,0.14,orientation,size,color,0.38,11.0,2,female,1,2537.0593455999997,0,21,0.0,0.0,0.0,0.0,0.0,1.0,220.0,203.0,0.0
350,351,3.0,1.0,3.0,0.0,8.0,2.6342319999998836,-7.0,24.0,0.38,orientation,size,color,0.38,11.0,2,female,1,2537.0593455999997,0,21,0.0,0.0,1.0,0.0,0.0,0.0,221.0,204.0,0.0
351,352,3.0,4.0,6.0,0.0,8.0,10.133595100000091,56.0,8.0,0.38,orientation,size,color,0.38,11.0,2,female,1,2537.0593455999997,1,21,0.0,0.0,1.0,0.0,0.0,-1.0,222.0,205.0,0.0
352,353,3.0,0.0,0.0,1.0,8.0,2.798776000000089,-20.5,10.0,0.3,orientation,size,color,0.38,11.0,2,female,1,2537.0593455999997,1,21,0.0,0.0,0.0,0.0,0.0,0.0,223.0,206.0,0.0
353,354,3.0,6.0,4.0,0.0,8.0,2.501136299999871,24.5,11.0,0.14,orientation,size,color,0.38,11.0,2,female,1,2537.0593455999997,0,21,0.0,0.0,1.0,0.0,0.0,1.0,224.0,207.0,0.0
354,355,3.0,2.0,2.0,1.0,8.0,1.6325644999997166,-29.5,12.0,0.42,orientation,size,color,0.38,11.0,2,female,1,2537.0593455999997,1,21,0.0,0.0,0.0,0.0,0.0,-1.0,225.0,208.0,0.0
355,356,3.0,2.0,0.0,0.0,8.0,6.850654800000029,6.5,9.0,0.26,orientation,size,color,0.38,11.0,2,female,1,2537.0593455999997,0,21,0.0,0.0,1.0,0.0,0.0,1.0,226.0,209.0,0.0
356,357,3.0,7.0,7.0,1.0,8.0,22.40019489999986,56.0,18.0,0.42,orientation,size,color,0.38,11.0,2,female,1,2537.0593455999997,1,21,0.0,0.0,0.0,0.0,0.0,-1.0,227.0,210.0,0.0
357,358,3.0,0.0,0.0,1.0,8.0,1.932940000000144,-65.5,8.0,0.14,orientation,size,color,0.38,11.0,2,female,1,2537.0593455999997,0,21,0.0,0.0,0.0,0.0,0.0,1.0,228.0,211.0,0.0
358,359,3.0,5.0,5.0,1.0,8.0,6.367478099999971,83.0,20.0,0.1,orientation,size,color,0.38,11.0,2,female,1,2537.0593455999997,0,21,0.0,0.0,0.0,0.0,0.0,0.0,229.0,212.0,0.0
359,360,3.0,7.0,7.0,1.0,8.0,3.0995355000000018,11.0,15.0,0.4600000000000001,orientation,size,color,0.38,11.0,2,female,1,2537.0593455999997,0,21,0.0,0.0,0.0,0.0,0.0,0.0,230.0,213.0,0.0
360,361,3.0,6.0,4.0,0.0,8.0,6.049599200000102,33.5,2.0,0.26,orientation,size,color,0.38,11.0,2,female,1,2537.0593455999997,0,21,0.0,0.0,1.0,0.0,0.0,0.0,231.0,214.0,0.0
361,362,3.0,0.0,0.0,1.0,8.0,2.75053619999926,-74.5,11.0,0.3,orientation,size,color,0.38,11.0,2,female,1,2537.0593455999997,1,21,0.0,0.0,0.0,0.0,0.0,-1.0,232.0,215.0,0.0
362,363,3.0,7.0,7.0,1.0,8.0,2.850088700000015,29.0,15.0,0.38,orientation,size,color,0.38,11.0,2,female,1,2537.0593455999997,0,21,0.0,0.0,0.0,0.0,0.0,1.0,233.0,216.0,0.0
363,364,3.0,6.0,6.0,1.0,8.0,4.616819599999872,29.0,4.0,0.4600000000000001,orientation,size,color,0.38,11.0,2,female,1,2537.0593455999997,0,21,0.0,0.0,0.0,0.0,0.0,0.0,234.0,217.0,0.0
364,365,3.0,5.0,5.0,1.0,8.0,4.450998999999683,29.0,20.0,0.14,orientation,size,color,0.38,11.0,2,female,1,2537.0593455999997,0,21,0.0,0.0,0.0,0.0,0.0,0.0,235.0,218.0,0.0
365,366,3.0,0.0,0.0,1.0,8.0,2.167975000000297,-29.5,7.0,0.3,orientation,size,color,0.38,11.0,2,female,1,2537.0593455999997,0,21,0.0,0.0,0.0,0.0,0.0,0.0,236.0,219.0,0.0
366,367,3.0,1.0,1.0,1.0,8.0,8.083616099999745,-83.5,18.0,0.1,orientation,size,color,0.38,11.0,2,female,1,2537.0593455999997,0,21,0.0,0.0,0.0,0.0,0.0,0.0,237.0,220.0,0.0
367,368,3.0,6.0,6.0,1.0,8.0,7.666845799999464,69.5,4.0,0.38,orientation,size,color,0.38,11.0,2,female,1,2537.0593455999997,0,21,0.0,0.0,0.0,0.0,0.0,0.0,238.0,221.0,0.0
368,369,3.0,0.0,0.0,1.0,8.0,4.066403299999365,-25.0,6.0,0.26,orientation,size,color,0.38,11.0,2,female,1,2537.0593455999997,0,21,0.0,0.0,0.0,0.0,0.0,0.0,239.0,222.0,0.0
369,370,3.0,1.0,1.0,1.0,8.0,7.200274400000126,-74.5,13.0,0.26,orientation,size,color,0.38,11.0,2,female,1,2537.0593455999997,0,21,0.0,0.0,0.0,0.0,0.0,0.0,240.0,223.0,0.0
370,371,3.0,6.0,6.0,1.0,8.0,3.816296599999987,11.0,12.0,0.38,orientation,size,color,0.38,11.0,2,female,1,2537.0593455999997,0,21,0.0,0.0,0.0,0.0,0.0,0.0,241.0,224.0,0.0
