,Trial_number,Chosen_castle,Chosen_location,Correct_location,Accuracy,Number_of_doors,RT,Current_orientation,Current_color,Current_size,First_feature,Second_feature,Third_feature,Participant_size,Participant_orientation,Participant_number,Participant_gender,Early_exit,Training_time,Meta_trial,Participant_age,PE_1,PE_2,PE_3,LP_1,LP_2,LP_3,Nov_1,Nov_2,Nov_3
0,1,1.0,0.0,1.0,0.0,2.0,3.256769699999495,33.5,3.0,0.22,orientation,size,color,0.3,-16.0,5,female,1,2041.0257924,1,26,0.0,0.0,0.0,0.0,0.0,0.0,0.0,99.0,99.0
1,2,1.0,1.0,1.0,1.0,2.0,2.155201200001102,74.0,3.0,0.42,orientation,size,color,0.3,-16.0,5,female,1,2041.0257924,1,26,0.0,0.0,0.0,0.0,0.0,0.0,0.0,100.0,100.0
2,3,1.0,1.0,1.0,1.0,2.0,2.6333238999995956,69.5,14.0,0.18,orientation,size,color,0.3,-16.0,5,female,1,2041.0257924,0,26,0.0,0.0,0.0,0.0,0.0,0.0,0.0,101.0,101.0
3,4,1.0,1.0,1.0,1.0,2.0,2.5841910999988613,2.0,9.0,0.3,orientation,size,color,0.3,-16.0,5,female,1,2041.0257924,0,26,0.0,0.0,0.0,0.0,0.0,0.0,0.0,102.0,102.0
4,5,1.0,0.0,0.0,1.0,2.0,1.666870500001096,-65.5,20.0,0.42,orientation,size,color,0.3,-16.0,5,female,1,2041.0257924,0,26,0.0,0.0,0.0,0.0,0.0,0.0,0.0,103.0,103.0
5,6,1.0,1.0,1.0,1.0,2.0,1.1340029000002687,42.5,6.0,0.26,orientation,size,color,0.3,-16.0,5,female,1,2041.0257924,0,26,0.0,0.0,0.0,0.0,0.0,0.0,0.0,104.0,104.0
6,7,1.0,0.0,0.0,1.0,2.0,1.7008539999987988,-47.5,20.0,0.42,orientation,size,color,0.3,-16.0,5,female,1,2041.0257924,0,26,0.0,0.0,0.0,0.0,0.0,0.0,0.0,105.0,105.0
7,8,1.0,1.0,1.0,1.0,2.0,1.9514877000001432,15.5,19.0,0.38,orientation,size,color,0.3,-16.0,5,female,1,2041.0257924,0,26,0.0,0.0,0.0,0.0,0.0,0.0,0.0,106.0,106.0
8,9,1.0,1.0,1.0,1.0,2.0,0.7174830000003567,51.5,13.0,0.38,orientation,size,color,0.3,-16.0,5,female,1,2041.0257924,0,26,0.0,0.0,0.0,0.0,0.0,0.0,0.0,107.0,107.0
9,10,1.0,0.0,0.0,1.0,2.0,0.917040399999678,-29.5,23.0,0.4600000000000001,orientation,size,color,0.3,-16.0,5,female,1,2041.0257924,0,26,0.0,0.0,0.0,0.0,0.0,0.0,0.0,108.0,108.0
10,11,1.0,1.0,1.0,1.0,2.0,1.4502518999997849,2.0,4.0,0.3400000000000001,orientation,size,color,0.3,-16.0,5,female,1,2041.0257924,0,26,0.0,0.0,0.0,0.0,0.0,0.0,0.0,109.0,109.0
11,12,2.0,1.0,0.0,0.0,4.0,2.78413030000047,-47.5,15.0,0.22,orientation,size,color,0.3,-16.0,5,female,1,2041.0257924,1,26,0.0,1.0,0.0,0.0,0.0,0.0,1.0,0.0,110.0
12,13,2.0,1.0,0.0,0.0,4.0,1.6667954999993526,-83.5,22.0,0.18,orientation,size,color,0.3,-16.0,5,female,1,2041.0257924,1,26,0.0,1.0,0.0,0.0,-1.0,0.0,2.0,0.0,111.0
13,14,2.0,0.0,1.0,0.0,4.0,2.2166614000016125,-79.0,15.0,0.4600000000000001,orientation,size,color,0.3,-16.0,5,female,1,2041.0257924,1,26,0.0,1.0,0.0,0.0,0.0,0.0,3.0,0.0,112.0
14,15,2.0,3.0,2.0,0.0,4.0,2.333225599999423,24.5,3.0,0.18,orientation,size,color,0.3,-16.0,5,female,1,2041.0257924,1,26,0.0,1.0,0.0,0.0,0.0,0.0,4.0,0.0,113.0
15,16,2.0,3.0,0.0,0.0,4.0,1.866636800001288,-20.5,12.0,0.26,orientation,size,color,0.3,-16.0,5,female,1,2041.0257924,1,26,0.0,2.0,0.0,0.0,0.0,0.0,5.0,0.0,114.0
16,17,2.0,3.0,1.0,0.0,4.0,2.999470900000233,-79.0,1.0,0.42,orientation,size,color,0.3,-16.0,5,female,1,2041.0257924,1,26,0.0,1.0,0.0,0.0,-1.0,0.0,6.0,0.0,115.0
17,18,2.0,2.0,2.0,1.0,4.0,1.7820627000000968,6.5,14.0,0.14,orientation,size,color,0.3,-16.0,5,female,1,2041.0257924,1,26,0.0,0.0,0.0,0.0,1.0,0.0,7.0,0.0,116.0
18,19,2.0,3.0,2.0,0.0,4.0,2.8833961999989697,24.5,20.0,0.1,orientation,size,color,0.3,-16.0,5,female,1,2041.0257924,0,26,0.0,1.0,0.0,0.0,1.0,0.0,8.0,0.0,117.0
19,20,2.0,1.0,0.0,0.0,4.0,1.231829599999401,-83.5,18.0,0.1,orientation,size,color,0.3,-16.0,5,female,1,2041.0257924,1,26,0.0,1.0,0.0,0.0,-1.0,0.0,9.0,0.0,118.0
20,21,2.0,2.0,2.0,1.0,4.0,2.78252220000104,60.5,11.0,0.22,orientation,size,color,0.3,-16.0,5,female,1,2041.0257924,1,26,0.0,0.0,0.0,0.0,0.0,0.0,10.0,0.0,119.0
21,22,2.0,0.0,0.0,1.0,4.0,2.449671700000181,-79.0,10.0,0.1,orientation,size,color,0.3,-16.0,5,female,1,2041.0257924,0,26,0.0,0.0,0.0,0.0,1.0,0.0,11.0,0.0,120.0
22,23,2.0,1.0,3.0,0.0,4.0,2.5825323999997636,87.5,0.0,0.3400000000000001,orientation,size,color,0.3,-16.0,5,female,1,2041.0257924,0,26,0.0,1.0,0.0,0.0,0.0,0.0,12.0,0.0,121.0
23,24,2.0,2.0,2.0,1.0,4.0,1.43302439999934,38.0,13.0,0.14,orientation,size,color,0.3,-16.0,5,female,1,2041.0257924,1,26,0.0,0.0,0.0,0.0,-1.0,0.0,13.0,0.0,122.0
24,25,2.0,2.0,2.0,1.0,4.0,1.4165670999991562,69.5,7.0,0.26,orientation,size,color,0.3,-16.0,5,female,1,2041.0257924,0,26,0.0,0.0,0.0,0.0,1.0,0.0,14.0,0.0,123.0
25,26,2.0,3.0,3.0,1.0,4.0,1.200471899999684,38.0,14.0,0.3,orientation,size,color,0.3,-16.0,5,female,1,2041.0257924,0,26,0.0,0.0,0.0,0.0,0.0,0.0,15.0,0.0,124.0
26,27,2.0,1.0,0.0,0.0,4.0,1.817612900000313,-83.5,3.0,0.18,orientation,size,color,0.3,-16.0,5,female,1,2041.0257924,0,26,0.0,1.0,0.0,0.0,0.0,0.0,16.0,0.0,125.0
27,28,2.0,3.0,3.0,1.0,4.0,1.01558070000101,15.5,8.0,0.4600000000000001,orientation,size,color,0.3,-16.0,5,female,1,2041.0257924,1,26,0.0,0.0,0.0,0.0,-1.0,0.0,17.0,0.0,126.0
28,29,2.0,1.0,2.0,0.0,4.0,1.8675426999998308,87.5,24.0,0.26,orientation,size,color,0.3,-16.0,5,female,1,2041.0257924,0,26,0.0,2.0,0.0,0.0,1.0,0.0,18.0,0.0,127.0
29,30,2.0,1.0,0.0,0.0,4.0,1.0822052000003168,-88.0,15.0,0.22,orientation,size,color,0.3,-16.0,5,female,1,2041.0257924,1,26,0.0,1.0,0.0,0.0,-2.0,0.0,19.0,0.0,128.0
30,31,2.0,2.0,2.0,1.0,4.0,1.4664885999991384,60.5,11.0,0.26,orientation,size,color,0.3,-16.0,5,female,1,2041.0257924,1,26,0.0,0.0,0.0,0.0,1.0,0.0,20.0,0.0,129.0
31,32,2.0,1.0,0.0,0.0,4.0,1.7843315999998597,-83.5,4.0,0.26,orientation,size,color,0.3,-16.0,5,female,1,2041.0257924,0,26,0.0,1.0,0.0,0.0,1.0,0.0,21.0,0.0,130.0
32,33,2.0,0.0,1.0,0.0,4.0,1.4495217999992749,-56.5,7.0,0.3,orientation,size,color,0.3,-16.0,5,female,1,2041.0257924,1,26,0.0,1.0,0.0,0.0,-1.0,0.0,22.0,0.0,131.0
33,34,2.0,0.0,2.0,0.0,4.0,2.115527899999506,-11.5,22.0,0.18,orientation,size,color,0.3,-16.0,5,female,1,2041.0257924,1,26,0.0,1.0,0.0,0.0,0.0,0.0,23.0,0.0,132.0
34,35,2.0,3.0,3.0,1.0,4.0,2.0153551000003063,51.5,12.0,0.3,orientation,size,color,0.3,-16.0,5,female,1,2041.0257924,1,26,0.0,0.0,0.0,0.0,0.0,0.0,24.0,0.0,133.0
35,36,2.0,0.0,1.0,0.0,4.0,1.7162227999997413,-65.5,16.0,0.42,orientation,size,color,0.3,-16.0,5,female,1,2041.0257924,0,26,0.0,1.0,0.0,0.0,1.0,0.0,25.0,0.0,134.0
36,37,2.0,1.0,1.0,1.0,4.0,1.2651029999997263,-61.0,23.0,0.4600000000000001,orientation,size,color,0.3,-16.0,5,female,1,2041.0257924,1,26,0.0,0.0,0.0,0.0,-1.0,0.0,26.0,0.0,135.0
37,38,2.0,3.0,1.0,0.0,4.0,2.4167390999991767,-34.0,11.0,0.3400000000000001,orientation,size,color,0.3,-16.0,5,female,1,2041.0257924,0,26,0.0,1.0,0.0,0.0,1.0,0.0,27.0,0.0,136.0
38,39,2.0,2.0,2.0,1.0,4.0,1.1501328000013018,56.0,8.0,0.18,orientation,size,color,0.3,-16.0,5,female,1,2041.0257924,1,26,0.0,0.0,0.0,0.0,-1.0,0.0,28.0,0.0,137.0
39,40,2.0,0.0,1.0,0.0,4.0,1.5508546000000931,-25.0,18.0,0.3,orientation,size,color,0.3,-16.0,5,female,1,2041.0257924,0,26,0.0,1.0,0.0,0.0,1.0,0.0,29.0,0.0,138.0
40,41,2.0,2.0,2.0,1.0,4.0,1.0991859000005206,29.0,22.0,0.22,orientation,size,color,0.3,-16.0,5,female,1,2041.0257924,1,26,0.0,0.0,0.0,0.0,-1.0,0.0,30.0,0.0,139.0
41,42,2.0,3.0,3.0,1.0,4.0,4.4502284999998665,33.5,0.0,0.42,orientation,size,color,0.3,-16.0,5,female,1,2041.0257924,0,26,0.0,0.0,0.0,0.0,1.0,0.0,31.0,0.0,140.0
42,43,2.0,0.0,0.0,1.0,4.0,1.7662655000003724,-47.5,14.0,0.18,orientation,size,color,0.3,-16.0,5,female,1,2041.0257924,0,26,0.0,0.0,0.0,0.0,0.0,0.0,32.0,0.0,141.0
43,44,2.0,0.0,0.0,1.0,4.0,1.6502313999990292,-56.5,20.0,0.14,orientation,size,color,0.3,-16.0,5,female,1,2041.0257924,0,26,0.0,0.0,0.0,0.0,0.0,0.0,33.0,0.0,142.0
44,45,2.0,0.0,0.0,1.0,4.0,1.6503775000001042,-61.0,15.0,0.22,orientation,size,color,0.3,-16.0,5,female,1,2041.0257924,0,26,0.0,0.0,0.0,0.0,0.0,0.0,34.0,0.0,143.0
45,46,2.0,3.0,3.0,1.0,4.0,1.5674760000001695,38.0,18.0,0.3400000000000001,orientation,size,color,0.3,-16.0,5,female,1,2041.0257924,0,26,0.0,0.0,0.0,0.0,0.0,0.0,35.0,0.0,144.0
46,47,2.0,1.0,2.0,0.0,4.0,1.3340580000003683,-2.5,17.0,0.26,orientation,size,color,0.3,-16.0,5,female,1,2041.0257924,0,26,0.0,2.0,0.0,0.0,0.0,0.0,36.0,0.0,145.0
47,48,2.0,0.0,1.0,0.0,4.0,2.7833390000014333,-43.0,10.0,0.3,orientation,size,color,0.3,-16.0,5,female,1,2041.0257924,1,26,0.0,1.0,0.0,0.0,-2.0,0.0,37.0,0.0,146.0
48,49,2.0,0.0,0.0,1.0,4.0,1.1674299000005703,-61.0,13.0,0.14,orientation,size,color,0.3,-16.0,5,female,1,2041.0257924,1,26,0.0,0.0,0.0,0.0,1.0,0.0,38.0,0.0,147.0
49,50,2.0,3.0,3.0,1.0,4.0,0.9838249000003998,20.0,9.0,0.42,orientation,size,color,0.3,-16.0,5,female,1,2041.0257924,0,26,0.0,0.0,0.0,0.0,1.0,0.0,39.0,0.0,148.0
50,51,2.0,0.0,0.0,1.0,4.0,1.1002878999988752,-65.5,14.0,0.26,orientation,size,color,0.3,-16.0,5,female,1,2041.0257924,0,26,0.0,0.0,0.0,0.0,0.0,0.0,40.0,0.0,149.0
51,52,2.0,2.0,2.0,1.0,4.0,1.3678122999990592,38.0,18.0,0.18,orientation,size,color,0.3,-16.0,5,female,1,2041.0257924,0,26,0.0,0.0,0.0,0.0,0.0,0.0,41.0,0.0,150.0
52,53,2.0,3.0,3.0,1.0,4.0,1.301333199999135,60.5,17.0,0.42,orientation,size,color,0.3,-16.0,5,female,1,2041.0257924,0,26,0.0,0.0,0.0,0.0,0.0,0.0,42.0,0.0,151.0
53,54,2.0,3.0,3.0,1.0,4.0,0.9001381999987643,51.5,20.0,0.42,orientation,size,color,0.3,-16.0,5,female,1,2041.0257924,0,26,0.0,0.0,0.0,0.0,0.0,0.0,43.0,0.0,152.0
54,55,2.0,1.0,1.0,1.0,4.0,1.1998070999998165,-20.5,8.0,0.4600000000000001,orientation,size,color,0.3,-16.0,5,female,1,2041.0257924,0,26,0.0,0.0,0.0,0.0,0.0,0.0,44.0,0.0,153.0
55,56,2.0,2.0,2.0,1.0,4.0,2.0002773999985948,38.0,24.0,0.14,orientation,size,color,0.3,-16.0,5,female,1,2041.0257924,0,26,0.0,0.0,0.0,0.0,0.0,0.0,45.0,0.0,154.0
56,57,2.0,3.0,3.0,1.0,4.0,1.3669814999993832,65.0,17.0,0.4600000000000001,orientation,size,color,0.3,-16.0,5,female,1,2041.0257924,0,26,0.0,0.0,0.0,0.0,0.0,0.0,46.0,0.0,155.0
57,58,2.0,1.0,1.0,1.0,4.0,1.2175630000001547,-34.0,5.0,0.42,orientation,size,color,0.3,-16.0,5,female,1,2041.0257924,0,26,0.0,0.0,0.0,0.0,0.0,0.0,47.0,0.0,156.0
58,59,2.0,2.0,2.0,1.0,4.0,1.116040200000498,2.0,17.0,0.18,orientation,size,color,0.3,-16.0,5,female,1,2041.0257924,1,26,0.0,0.0,0.0,0.0,0.0,0.0,48.0,0.0,157.0
59,60,2.0,0.0,0.0,1.0,4.0,1.550676000000749,-56.5,23.0,0.14,orientation,size,color,0.3,-16.0,5,female,1,2041.0257924,0,26,0.0,0.0,0.0,0.0,0.0,0.0,49.0,0.0,158.0
60,61,2.0,2.0,2.0,1.0,4.0,2.082685699999274,83.0,3.0,0.22,orientation,size,color,0.3,-16.0,5,female,1,2041.0257924,0,26,0.0,0.0,0.0,0.0,0.0,0.0,50.0,0.0,159.0
61,62,2.0,3.0,3.0,1.0,4.0,1.1830608000000211,29.0,23.0,0.38,orientation,size,color,0.3,-16.0,5,female,1,2041.0257924,0,26,0.0,0.0,0.0,0.0,0.0,0.0,51.0,0.0,160.0
62,63,2.0,1.0,1.0,1.0,4.0,0.982638899999074,-79.0,7.0,0.42,orientation,size,color,0.3,-16.0,5,female,1,2041.0257924,0,26,0.0,0.0,0.0,0.0,0.0,0.0,52.0,0.0,161.0
63,64,2.0,2.0,3.0,0.0,4.0,2.2332289999994828,83.0,14.0,0.3,orientation,size,color,0.3,-16.0,5,female,1,2041.0257924,0,26,0.0,1.0,0.0,0.0,0.0,0.0,53.0,0.0,162.0
64,65,2.0,2.0,2.0,1.0,4.0,1.7665555000003224,29.0,3.0,0.18,orientation,size,color,0.3,-16.0,5,female,1,2041.0257924,1,26,0.0,0.0,0.0,0.0,-1.0,0.0,54.0,0.0,163.0
65,66,2.0,2.0,2.0,1.0,4.0,0.800053900000421,2.0,13.0,0.22,orientation,size,color,0.3,-16.0,5,female,1,2041.0257924,0,26,0.0,0.0,0.0,0.0,1.0,0.0,55.0,0.0,164.0
66,67,2.0,3.0,3.0,1.0,4.0,1.5166692000002513,74.0,17.0,0.3400000000000001,orientation,size,color,0.3,-16.0,5,female,1,2041.0257924,0,26,0.0,0.0,0.0,0.0,0.0,0.0,56.0,0.0,165.0
67,68,2.0,3.0,3.0,1.0,4.0,0.582689400000163,56.0,20.0,0.4600000000000001,orientation,size,color,0.3,-16.0,5,female,1,2041.0257924,0,26,0.0,0.0,0.0,0.0,0.0,0.0,57.0,0.0,166.0
68,69,2.0,0.0,0.0,1.0,4.0,1.3161278999996284,-70.0,13.0,0.18,orientation,size,color,0.3,-16.0,5,female,1,2041.0257924,0,26,0.0,0.0,0.0,0.0,0.0,0.0,58.0,0.0,167.0
69,70,2.0,1.0,1.0,1.0,4.0,0.8829667999998492,-25.0,13.0,0.3400000000000001,orientation,size,color,0.3,-16.0,5,female,1,2041.0257924,0,26,0.0,0.0,0.0,0.0,0.0,0.0,59.0,0.0,168.0
70,71,2.0,0.0,0.0,1.0,4.0,2.0838478000005125,-74.5,0.0,0.22,orientation,size,color,0.3,-16.0,5,female,1,2041.0257924,0,26,0.0,0.0,0.0,0.0,0.0,0.0,60.0,0.0,169.0
71,72,2.0,0.0,0.0,1.0,4.0,1.4340641999988293,-70.0,18.0,0.14,orientation,size,color,0.3,-16.0,5,female,1,2041.0257924,0,26,0.0,0.0,0.0,0.0,0.0,0.0,61.0,0.0,170.0
72,73,2.0,3.0,3.0,1.0,4.0,4.450783300000694,42.5,22.0,0.3400000000000001,orientation,size,color,0.3,-16.0,5,female,1,2041.0257924,0,26,0.0,0.0,0.0,0.0,0.0,0.0,62.0,0.0,171.0
73,74,2.0,0.0,0.0,1.0,4.0,4.266841900000145,-52.0,1.0,0.18,orientation,size,color,0.3,-16.0,5,female,1,2041.0257924,0,26,0.0,0.0,0.0,0.0,0.0,0.0,63.0,0.0,172.0
74,75,3.0,4.0,6.0,0.0,8.0,7.483138400000826,69.5,1.0,0.3,orientation,size,color,0.3,-16.0,5,female,1,2041.0257924,1,26,0.0,0.0,1.0,0.0,0.0,0.0,64.0,1.0,0.0
75,76,3.0,4.0,7.0,0.0,8.0,2.583049499999106,24.5,23.0,0.38,orientation,size,color,0.3,-16.0,5,female,1,2041.0257924,1,26,0.0,0.0,2.0,0.0,0.0,-1.0,65.0,2.0,0.0
76,77,3.0,4.0,4.0,1.0,8.0,1.131860900000902,20.0,1.0,0.14,orientation,size,color,0.3,-16.0,5,female,1,2041.0257924,1,26,0.0,0.0,0.0,0.0,0.0,-1.0,66.0,3.0,0.0
77,78,3.0,6.0,7.0,0.0,8.0,2.5673559000006207,83.0,21.0,0.42,orientation,size,color,0.3,-16.0,5,female,1,2041.0257924,0,26,0.0,0.0,1.0,0.0,0.0,2.0,67.0,4.0,0.0
78,79,3.0,2.0,1.0,0.0,8.0,1.766054800000347,-61.0,15.0,0.22,orientation,size,color,0.3,-16.0,5,female,1,2041.0257924,1,26,0.0,0.0,2.0,0.0,0.0,-1.0,68.0,5.0,0.0
79,80,3.0,7.0,6.0,0.0,8.0,1.2154655000013008,20.0,4.0,0.42,orientation,size,color,0.3,-16.0,5,female,1,2041.0257924,1,26,0.0,0.0,1.0,0.0,0.0,-1.0,69.0,6.0,0.0
80,81,3.0,3.0,0.0,0.0,8.0,2.999635300000591,-25.0,1.0,0.1,orientation,size,color,0.3,-16.0,5,female,1,2041.0257924,1,26,0.0,0.0,2.0,0.0,0.0,1.0,70.0,7.0,0.0
81,82,3.0,5.0,5.0,1.0,8.0,2.599073599998519,38.0,20.0,0.1,orientation,size,color,0.3,-16.0,5,female,1,2041.0257924,1,26,0.0,0.0,0.0,0.0,0.0,-1.0,71.0,8.0,0.0
82,83,3.0,3.0,2.0,0.0,8.0,1.0664539999997942,-65.5,3.0,0.3,orientation,size,color,0.3,-16.0,5,female,1,2041.0257924,0,26,0.0,0.0,1.0,0.0,0.0,2.0,72.0,9.0,0.0
83,84,3.0,2.0,1.0,0.0,8.0,1.699447599999985,-34.0,17.0,0.1,orientation,size,color,0.3,-16.0,5,female,1,2041.0257924,1,26,0.0,0.0,2.0,0.0,0.0,-1.0,73.0,10.0,0.0
84,85,3.0,4.0,4.0,1.0,8.0,1.6660033000007388,51.5,3.0,0.1,orientation,size,color,0.3,-16.0,5,female,1,2041.0257924,1,26,0.0,0.0,0.0,0.0,0.0,-1.0,74.0,11.0,0.0
85,86,3.0,6.0,4.0,0.0,8.0,2.150056800001039,15.5,9.0,0.26,orientation,size,color,0.3,-16.0,5,female,1,2041.0257924,0,26,0.0,0.0,1.0,0.0,0.0,2.0,75.0,12.0,0.0
86,87,3.0,3.0,2.0,0.0,8.0,1.7978714999990189,-20.5,4.0,0.4600000000000001,orientation,size,color,0.3,-16.0,5,female,1,2041.0257924,1,26,0.0,0.0,1.0,0.0,0.0,-1.0,76.0,13.0,0.0
87,88,3.0,6.0,7.0,0.0,8.0,33.015027100000225,56.0,19.0,0.38,orientation,size,color,0.3,-16.0,5,female,1,2041.0257924,1,26,0.0,0.0,1.0,0.0,0.0,0.0,77.0,14.0,0.0
88,89,3.0,4.0,4.0,1.0,8.0,1.4659272999997484,38.0,12.0,0.1,orientation,size,color,0.3,-16.0,5,female,1,2041.0257924,1,26,0.0,0.0,0.0,0.0,0.0,0.0,78.0,15.0,0.0
89,90,3.0,6.0,6.0,1.0,8.0,1.8665571999990789,29.0,7.0,0.4600000000000001,orientation,size,color,0.3,-16.0,5,female,1,2041.0257924,0,26,0.0,0.0,0.0,0.0,0.0,1.0,79.0,16.0,0.0
90,91,3.0,1.0,2.0,0.0,8.0,1.1334465999989334,-34.0,8.0,0.42,orientation,size,color,0.3,-16.0,5,female,1,2041.0257924,0,26,0.0,0.0,2.0,0.0,0.0,0.0,80.0,17.0,0.0
91,92,3.0,3.0,1.0,0.0,8.0,0.8499037000001408,-83.5,16.0,0.14,orientation,size,color,0.3,-16.0,5,female,1,2041.0257924,1,26,0.0,0.0,1.0,0.0,0.0,-2.0,81.0,18.0,0.0
92,93,3.0,0.0,1.0,0.0,8.0,2.933031700000356,-83.5,16.0,0.22,orientation,size,color,0.3,-16.0,5,female,1,2041.0257924,1,26,0.0,0.0,1.0,0.0,0.0,1.0,82.0,19.0,0.0
93,94,3.0,7.0,7.0,1.0,8.0,1.1822307000002183,69.5,20.0,0.4600000000000001,orientation,size,color,0.3,-16.0,5,female,1,2041.0257924,1,26,0.0,0.0,0.0,0.0,0.0,0.0,83.0,20.0,0.0
94,95,3.0,3.0,1.0,0.0,8.0,1.999902400000792,-79.0,22.0,0.22,orientation,size,color,0.3,-16.0,5,female,1,2041.0257924,0,26,0.0,0.0,1.0,0.0,0.0,1.0,84.0,21.0,0.0
95,96,3.0,7.0,6.0,0.0,8.0,1.5325049999992189,15.5,1.0,0.42,orientation,size,color,0.3,-16.0,5,female,1,2041.0257924,1,26,0.0,0.0,1.0,0.0,0.0,-1.0,85.0,22.0,0.0
96,97,3.0,3.0,7.0,0.0,8.0,2.0664586999992025,-7.0,24.0,0.38,orientation,size,color,0.3,-16.0,5,female,1,2041.0257924,1,26,0.0,0.0,1.0,0.0,0.0,0.0,86.0,23.0,0.0
97,98,3.0,5.0,4.0,0.0,8.0,4.965745400000742,60.5,3.0,0.26,orientation,size,color,0.3,-16.0,5,female,1,2041.0257924,1,26,0.0,0.0,1.0,0.0,0.0,0.0,87.0,24.0,0.0
98,99,3.0,2.0,4.0,0.0,8.0,2.766439099999843,-7.0,6.0,0.26,orientation,size,color,0.3,-16.0,5,female,1,2041.0257924,1,26,0.0,0.0,2.0,0.0,0.0,0.0,88.0,25.0,0.0
99,100,3.0,0.0,0.0,1.0,8.0,1.5003175999991072,-79.0,1.0,0.22,orientation,size,color,0.3,-16.0,5,female,1,2041.0257924,1,26,0.0,0.0,0.0,0.0,0.0,-1.0,89.0,26.0,0.0
100,101,3.0,0.0,0.0,1.0,8.0,2.2001464999993914,-52.0,2.0,0.18,orientation,size,color,0.3,-16.0,5,female,1,2041.0257924,0,26,0.0,0.0,0.0,0.0,0.0,2.0,90.0,27.0,0.0
101,102,3.0,0.0,1.0,0.0,8.0,0.9499278999992384,-74.5,23.0,0.22,orientation,size,color,0.3,-16.0,5,female,1,2041.0257924,0,26,0.0,0.0,1.0,0.0,0.0,0.0,91.0,28.0,0.0
102,103,3.0,5.0,5.0,1.0,8.0,3.1672065000002476,11.0,22.0,0.14,orientation,size,color,0.3,-16.0,5,female,1,2041.0257924,1,26,0.0,0.0,0.0,0.0,0.0,-1.0,92.0,29.0,0.0
103,104,3.0,4.0,4.0,1.0,8.0,1.783166600000186,87.5,8.0,0.18,orientation,size,color,0.3,-16.0,5,female,1,2041.0257924,0,26,0.0,0.0,0.0,0.0,0.0,1.0,93.0,30.0,0.0
104,105,3.0,1.0,1.0,1.0,8.0,8.60121640000034,-20.5,21.0,0.26,orientation,size,color,0.3,-16.0,5,female,1,2041.0257924,0,26,0.0,0.0,0.0,0.0,0.0,0.0,94.0,31.0,0.0
105,106,3.0,6.0,4.0,0.0,8.0,3.734021500000381,29.0,12.0,0.26,orientation,size,color,0.3,-16.0,5,female,1,2041.0257924,0,26,0.0,0.0,1.0,0.0,0.0,0.0,95.0,32.0,0.0
106,107,3.0,3.0,1.0,0.0,8.0,4.600179400000343,-65.5,24.0,0.1,orientation,size,color,0.3,-16.0,5,female,1,2041.0257924,1,26,0.0,0.0,1.0,0.0,0.0,-1.0,96.0,33.0,0.0
107,108,3.0,6.0,6.0,1.0,8.0,2.0661205999986123,56.0,0.0,0.42,orientation,size,color,0.3,-16.0,5,female,1,2041.0257924,1,26,0.0,0.0,0.0,0.0,0.0,0.0,97.0,34.0,0.0
108,109,3.0,2.0,2.0,1.0,8.0,2.882582899999761,-43.0,12.0,0.38,orientation,size,color,0.3,-16.0,5,female,1,2041.0257924,0,26,0.0,0.0,0.0,0.0,0.0,1.0,98.0,35.0,0.0
109,110,3.0,1.0,3.0,0.0,8.0,3.0997819999993226,-52.0,14.0,0.4600000000000001,orientation,size,color,0.3,-16.0,5,female,1,2041.0257924,0,26,0.0,0.0,1.0,0.0,0.0,0.0,99.0,36.0,0.0
110,111,3.0,6.0,4.0,0.0,8.0,3.350619099999676,42.5,0.0,0.26,orientation,size,color,0.3,-16.0,5,female,1,2041.0257924,1,26,0.0,0.0,1.0,0.0,0.0,-1.0,100.0,37.0,0.0
111,112,3.0,6.0,6.0,1.0,8.0,1.6154922999994596,42.5,10.0,0.38,orientation,size,color,0.3,-16.0,5,female,1,2041.0257924,1,26,0.0,0.0,0.0,0.0,0.0,0.0,101.0,38.0,0.0
112,113,3.0,3.0,3.0,1.0,8.0,2.284315400000196,-56.5,16.0,0.3,orientation,size,color,0.3,-16.0,5,female,1,2041.0257924,0,26,0.0,0.0,0.0,0.0,0.0,1.0,102.0,39.0,0.0
113,114,3.0,6.0,6.0,1.0,8.0,2.3666686000015034,60.5,0.0,0.42,orientation,size,color,0.3,-16.0,5,female,1,2041.0257924,0,26,0.0,0.0,0.0,0.0,0.0,0.0,103.0,40.0,0.0
114,115,3.0,2.0,0.0,0.0,8.0,1.8998546000002536,-79.0,11.0,0.22,orientation,size,color,0.3,-16.0,5,female,1,2041.0257924,0,26,0.0,0.0,1.0,0.0,0.0,0.0,104.0,41.0,0.0
115,116,3.0,5.0,5.0,1.0,8.0,3.032022600000346,78.5,14.0,0.18,orientation,size,color,0.3,-16.0,5,female,1,2041.0257924,1,26,0.0,0.0,0.0,0.0,0.0,-1.0,105.0,42.0,0.0
116,117,3.0,6.0,6.0,1.0,8.0,2.7166842000006,83.0,3.0,0.42,orientation,size,color,0.3,-16.0,5,female,1,2041.0257924,0,26,0.0,0.0,0.0,0.0,0.0,1.0,106.0,43.0,0.0
117,118,3.0,7.0,7.0,1.0,8.0,1.5473041999994166,47.0,17.0,0.42,orientation,size,color,0.3,-16.0,5,female,1,2041.0257924,0,26,0.0,0.0,0.0,0.0,0.0,0.0,107.0,44.0,0.0
118,119,3.0,3.0,1.0,0.0,8.0,2.917007199999716,-25.0,24.0,0.18,orientation,size,color,0.3,-16.0,5,female,1,2041.0257924,0,26,0.0,0.0,1.0,0.0,0.0,0.0,108.0,45.0,0.0
119,120,3.0,6.0,6.0,1.0,8.0,1.432901000000129,33.5,10.0,0.4600000000000001,orientation,size,color,0.3,-16.0,5,female,1,2041.0257924,1,26,0.0,0.0,0.0,0.0,0.0,-1.0,109.0,46.0,0.0
120,121,3.0,7.0,7.0,1.0,8.0,1.850130300001183,6.5,17.0,0.38,orientation,size,color,0.3,-16.0,5,female,1,2041.0257924,0,26,0.0,0.0,0.0,0.0,0.0,1.0,110.0,47.0,0.0
121,122,3.0,0.0,2.0,0.0,8.0,1.7503379999998288,-83.5,3.0,0.38,orientation,size,color,0.3,-16.0,5,female,1,2041.0257924,0,26,0.0,0.0,1.0,0.0,0.0,0.0,111.0,48.0,0.0
122,123,3.0,1.0,5.0,0.0,8.0,1.56625189999977,-11.5,23.0,0.18,orientation,size,color,0.3,-16.0,5,female,1,2041.0257924,1,26,0.0,0.0,1.0,0.0,0.0,-1.0,112.0,49.0,0.0
123,124,3.0,3.0,3.0,1.0,8.0,2.51534029999857,-47.5,16.0,0.3400000000000001,orientation,size,color,0.3,-16.0,5,female,1,2041.0257924,1,26,0.0,0.0,0.0,0.0,0.0,0.0,113.0,50.0,0.0
124,125,3.0,2.0,0.0,0.0,8.0,3.815909400000237,-88.0,9.0,0.26,orientation,size,color,0.3,-16.0,5,female,1,2041.0257924,0,26,0.0,0.0,1.0,0.0,0.0,1.0,114.0,51.0,0.0
125,126,3.0,4.0,4.0,1.0,8.0,1.1319186999990052,65.0,3.0,0.14,orientation,size,color,0.3,-16.0,5,female,1,2041.0257924,1,26,0.0,0.0,0.0,0.0,0.0,-1.0,115.0,52.0,0.0
126,127,3.0,4.0,4.0,1.0,8.0,0.967508399999133,51.5,10.0,0.26,orientation,size,color,0.3,-16.0,5,female,1,2041.0257924,0,26,0.0,0.0,0.0,0.0,0.0,1.0,116.0,53.0,0.0
127,128,3.0,4.0,4.0,1.0,8.0,1.43234190000112,-2.5,12.0,0.26,orientation,size,color,0.3,-16.0,5,female,1,2041.0257924,0,26,0.0,0.0,0.0,0.0,0.0,0.0,117.0,54.0,0.0
128,129,3.0,2.0,2.0,1.0,8.0,2.599640200000067,-20.5,6.0,0.42,orientation,size,color,0.3,-16.0,5,female,1,2041.0257924,0,26,0.0,0.0,0.0,0.0,0.0,0.0,118.0,55.0,0.0
129,130,3.0,5.0,5.0,1.0,8.0,2.899936899999375,11.0,14.0,0.22,orientation,size,color,0.3,-16.0,5,female,1,2041.0257924,0,26,0.0,0.0,0.0,0.0,0.0,0.0,119.0,56.0,0.0
130,131,3.0,1.0,1.0,1.0,8.0,2.266916599999604,-38.5,20.0,0.18,orientation,size,color,0.3,-16.0,5,female,1,2041.0257924,0,26,0.0,0.0,0.0,0.0,0.0,0.0,120.0,57.0,0.0
131,132,3.0,2.0,2.0,1.0,8.0,2.1000865999994858,-79.0,4.0,0.4600000000000001,orientation,size,color,0.3,-16.0,5,female,1,2041.0257924,0,26,0.0,0.0,0.0,0.0,0.0,0.0,121.0,58.0,0.0
132,133,3.0,2.0,2.0,1.0,8.0,0.8331992999992508,-56.5,11.0,0.42,orientation,size,color,0.3,-16.0,5,female,1,2041.0257924,0,26,0.0,0.0,0.0,0.0,0.0,0.0,122.0,59.0,0.0
133,134,3.0,3.0,1.0,0.0,8.0,3.649775600000794,-61.0,16.0,0.26,orientation,size,color,0.3,-16.0,5,female,1,2041.0257924,0,26,0.0,0.0,1.0,0.0,0.0,0.0,123.0,60.0,0.0
134,135,3.0,0.0,2.0,0.0,8.0,1.999262200000885,-34.0,7.0,0.3,orientation,size,color,0.3,-16.0,5,female,1,2041.0257924,1,26,0.0,0.0,1.0,0.0,0.0,-1.0,124.0,61.0,0.0
135,136,3.0,3.0,3.0,1.0,8.0,1.5491542999989178,-38.5,20.0,0.42,orientation,size,color,0.3,-16.0,5,female,1,2041.0257924,1,26,0.0,0.0,0.0,0.0,0.0,0.0,125.0,62.0,0.0
136,137,3.0,4.0,4.0,1.0,8.0,2.266026499999498,51.5,6.0,0.26,orientation,size,color,0.3,-16.0,5,female,1,2041.0257924,0,26,0.0,0.0,0.0,0.0,0.0,1.0,126.0,63.0,0.0
137,138,3.0,2.0,2.0,1.0,8.0,2.050519800000984,-52.0,2.0,0.42,orientation,size,color,0.3,-16.0,5,female,1,2041.0257924,0,26,0.0,0.0,0.0,0.0,0.0,0.0,127.0,64.0,0.0
138,139,3.0,6.0,6.0,1.0,8.0,1.532685500000298,78.5,6.0,0.4600000000000001,orientation,size,color,0.3,-16.0,5,female,1,2041.0257924,0,26,0.0,0.0,0.0,0.0,0.0,0.0,128.0,65.0,0.0
139,140,3.0,1.0,1.0,1.0,8.0,5.599677899999733,-47.5,24.0,0.18,orientation,size,color,0.3,-16.0,5,female,1,2041.0257924,0,26,0.0,0.0,0.0,0.0,0.0,0.0,129.0,66.0,0.0
140,141,3.0,2.0,2.0,1.0,8.0,1.4004348999987997,-56.5,0.0,0.38,orientation,size,color,0.3,-16.0,5,female,1,2041.0257924,0,26,0.0,0.0,0.0,0.0,0.0,0.0,130.0,67.0,0.0
141,142,3.0,5.0,5.0,1.0,8.0,2.399994699999297,47.0,20.0,0.14,orientation,size,color,0.3,-16.0,5,female,1,2041.0257924,0,26,0.0,0.0,0.0,0.0,0.0,0.0,131.0,68.0,0.0
142,143,3.0,0.0,0.0,1.0,8.0,1.5175239000000147,-52.0,9.0,0.22,orientation,size,color,0.3,-16.0,5,female,1,2041.0257924,0,26,0.0,0.0,0.0,0.0,0.0,0.0,132.0,69.0,0.0
143,144,3.0,5.0,5.0,1.0,8.0,1.3503236999986257,24.5,22.0,0.22,orientation,size,color,0.3,-16.0,5,female,1,2041.0257924,0,26,0.0,0.0,0.0,0.0,0.0,0.0,133.0,70.0,0.0
144,145,3.0,5.0,5.0,1.0,8.0,1.083599100000356,38.0,22.0,0.26,orientation,size,color,0.3,-16.0,5,female,1,2041.0257924,0,26,0.0,0.0,0.0,0.0,0.0,0.0,134.0,71.0,0.0
145,146,1.0,0.0,1.0,0.0,2.0,1.408652100000836,-11.5,6.0,0.26,orientation,size,color,0.3,-16.0,5,female,1,2041.0257924,1,26,1.0,0.0,0.0,0.0,0.0,0.0,0.0,72.0,1.0
146,147,1.0,1.0,1.0,1.0,2.0,1.692377100000158,51.5,24.0,0.22,orientation,size,color,0.3,-16.0,5,female,1,2041.0257924,1,26,0.0,0.0,0.0,-1.0,0.0,0.0,0.0,73.0,2.0
147,148,1.0,1.0,1.0,1.0,2.0,0.7843656999993982,38.0,7.0,0.3,orientation,size,color,0.3,-16.0,5,female,1,2041.0257924,0,26,0.0,0.0,0.0,1.0,0.0,0.0,0.0,74.0,3.0
148,149,1.0,1.0,1.0,1.0,2.0,0.4841245000006893,42.5,22.0,0.42,orientation,size,color,0.3,-16.0,5,female,1,2041.0257924,0,26,0.0,0.0,0.0,0.0,0.0,0.0,0.0,75.0,4.0
149,150,1.0,1.0,1.0,1.0,2.0,0.7669790999989345,74.0,12.0,0.3,orientation,size,color,0.3,-16.0,5,female,1,2041.0257924,0,26,0.0,0.0,0.0,0.0,0.0,0.0,0.0,76.0,5.0
150,151,1.0,0.0,0.0,1.0,2.0,1.0173240000003716,-25.0,5.0,0.26,orientation,size,color,0.3,-16.0,5,female,1,2041.0257924,0,26,0.0,0.0,0.0,0.0,0.0,0.0,0.0,77.0,6.0
151,152,1.0,0.0,0.0,1.0,2.0,0.967246599999271,-20.5,18.0,0.1,orientation,size,color,0.3,-16.0,5,female,1,2041.0257924,0,26,0.0,0.0,0.0,0.0,0.0,0.0,0.0,78.0,7.0
152,153,1.0,1.0,1.0,1.0,2.0,0.9840985000009824,38.0,12.0,0.14,orientation,size,color,0.3,-16.0,5,female,1,2041.0257924,0,26,0.0,0.0,0.0,0.0,0.0,0.0,0.0,79.0,8.0
153,154,1.0,0.0,0.0,1.0,2.0,1.0506860000004965,-47.5,16.0,0.26,orientation,size,color,0.3,-16.0,5,female,1,2041.0257924,0,26,0.0,0.0,0.0,0.0,0.0,0.0,0.0,80.0,9.0
154,155,1.0,1.0,1.0,1.0,2.0,0.5008937000002334,15.5,18.0,0.3400000000000001,orientation,size,color,0.3,-16.0,5,female,1,2041.0257924,0,26,0.0,0.0,0.0,0.0,0.0,0.0,0.0,81.0,10.0
155,156,1.0,1.0,1.0,1.0,2.0,0.7330794999998034,24.5,11.0,0.18,orientation,size,color,0.3,-16.0,5,female,1,2041.0257924,0,26,0.0,0.0,0.0,0.0,0.0,0.0,0.0,82.0,11.0
156,157,2.0,3.0,3.0,1.0,4.0,2.9487255000003643,60.5,4.0,0.42,orientation,size,color,0.3,-16.0,5,female,1,2041.0257924,1,26,0.0,0.0,0.0,0.0,0.0,0.0,1.0,0.0,12.0
157,158,2.0,2.0,2.0,1.0,4.0,0.8172166999993351,74.0,13.0,0.1,orientation,size,color,0.3,-16.0,5,female,1,2041.0257924,0,26,0.0,0.0,0.0,0.0,0.0,0.0,2.0,0.0,13.0
158,159,2.0,2.0,2.0,1.0,4.0,0.8321717999988323,87.5,10.0,0.14,orientation,size,color,0.3,-16.0,5,female,1,2041.0257924,0,26,0.0,0.0,0.0,0.0,0.0,0.0,3.0,0.0,14.0
159,160,2.0,0.0,1.0,0.0,4.0,0.916657399999167,-43.0,22.0,0.4600000000000001,orientation,size,color,0.3,-16.0,5,female,1,2041.0257924,0,26,0.0,1.0,0.0,0.0,0.0,0.0,4.0,0.0,15.0
160,161,2.0,0.0,0.0,1.0,4.0,0.850003999999899,-34.0,4.0,0.14,orientation,size,color,0.3,-16.0,5,female,1,2041.0257924,1,26,0.0,0.0,0.0,0.0,-1.0,0.0,5.0,0.0,16.0
161,162,2.0,0.0,0.0,1.0,4.0,0.999706700000388,-65.5,13.0,0.1,orientation,size,color,0.3,-16.0,5,female,1,2041.0257924,0,26,0.0,0.0,0.0,0.0,1.0,0.0,6.0,0.0,17.0
162,163,2.0,1.0,3.0,0.0,4.0,1.3345738999996684,-7.0,22.0,0.42,orientation,size,color,0.3,-16.0,5,female,1,2041.0257924,0,26,0.0,1.0,0.0,0.0,0.0,0.0,7.0,0.0,18.0
163,164,2.0,1.0,1.0,1.0,4.0,1.2817259000003105,-47.5,13.0,0.4600000000000001,orientation,size,color,0.3,-16.0,5,female,1,2041.0257924,1,26,0.0,0.0,0.0,0.0,-1.0,0.0,8.0,0.0,19.0
164,165,2.0,0.0,0.0,1.0,4.0,0.9001776999994036,-29.5,12.0,0.22,orientation,size,color,0.3,-16.0,5,female,1,2041.0257924,0,26,0.0,0.0,0.0,0.0,1.0,0.0,9.0,0.0,20.0
165,166,2.0,0.0,0.0,1.0,4.0,1.6003510000009555,-56.5,22.0,0.26,orientation,size,color,0.3,-16.0,5,female,1,2041.0257924,0,26,0.0,0.0,0.0,0.0,0.0,0.0,10.0,0.0,21.0
166,167,2.0,2.0,3.0,0.0,4.0,2.433565899998939,60.5,13.0,0.3400000000000001,orientation,size,color,0.3,-16.0,5,female,1,2041.0257924,0,26,0.0,1.0,0.0,0.0,0.0,0.0,11.0,0.0,22.0
167,168,2.0,3.0,3.0,1.0,4.0,1.0150943999997253,6.5,22.0,0.42,orientation,size,color,0.3,-16.0,5,female,1,2041.0257924,1,26,0.0,0.0,0.0,0.0,-1.0,0.0,12.0,0.0,23.0
168,169,2.0,2.0,2.0,1.0,4.0,0.9845409000008658,87.5,21.0,0.14,orientation,size,color,0.3,-16.0,5,female,1,2041.0257924,0,26,0.0,0.0,0.0,0.0,1.0,0.0,13.0,0.0,24.0
169,170,2.0,3.0,3.0,1.0,4.0,1.3508012000002054,15.5,15.0,0.3400000000000001,orientation,size,color,0.3,-16.0,5,female,1,2041.0257924,0,26,0.0,0.0,0.0,0.0,0.0,0.0,14.0,0.0,25.0
170,171,2.0,3.0,3.0,1.0,4.0,2.817247099999804,2.0,23.0,0.38,orientation,size,color,0.3,-16.0,5,female,1,2041.0257924,0,26,0.0,0.0,0.0,0.0,0.0,0.0,15.0,0.0,26.0
171,172,2.0,3.0,3.0,1.0,4.0,0.6829995999996754,6.5,11.0,0.38,orientation,size,color,0.3,-16.0,5,female,1,2041.0257924,0,26,0.0,0.0,0.0,0.0,0.0,0.0,16.0,0.0,27.0
172,173,2.0,2.0,2.0,1.0,4.0,4.7503514,33.5,7.0,0.1,orientation,size,color,0.3,-16.0,5,female,1,2041.0257924,0,26,0.0,0.0,0.0,0.0,0.0,0.0,17.0,0.0,28.0
173,174,2.0,1.0,0.0,0.0,4.0,1.2502187999998569,-43.0,11.0,0.18,orientation,size,color,0.3,-16.0,5,female,1,2041.0257924,0,26,0.0,1.0,0.0,0.0,0.0,0.0,18.0,0.0,29.0
174,175,2.0,3.0,3.0,1.0,4.0,1.33166859999983,83.0,1.0,0.3,orientation,size,color,0.3,-16.0,5,female,1,2041.0257924,1,26,0.0,0.0,0.0,0.0,-1.0,0.0,19.0,0.0,30.0
175,176,2.0,0.0,0.0,1.0,4.0,1.1674373999994714,-43.0,18.0,0.1,orientation,size,color,0.3,-16.0,5,female,1,2041.0257924,0,26,0.0,0.0,0.0,0.0,1.0,0.0,20.0,0.0,31.0
176,177,2.0,1.0,1.0,1.0,4.0,0.9997285999997984,-79.0,13.0,0.38,orientation,size,color,0.3,-16.0,5,female,1,2041.0257924,0,26,0.0,0.0,0.0,0.0,0.0,0.0,21.0,0.0,32.0
177,178,2.0,2.0,2.0,1.0,4.0,1.5498131999993348,78.5,21.0,0.26,orientation,size,color,0.3,-16.0,5,female,1,2041.0257924,0,26,0.0,0.0,0.0,0.0,0.0,0.0,22.0,0.0,33.0
178,179,2.0,1.0,1.0,1.0,4.0,1.1838490999998612,-70.0,17.0,0.4600000000000001,orientation,size,color,0.3,-16.0,5,female,1,2041.0257924,0,26,0.0,0.0,0.0,0.0,0.0,0.0,23.0,0.0,34.0
179,180,2.0,0.0,0.0,1.0,4.0,2.250054199999795,-70.0,23.0,0.22,orientation,size,color,0.3,-16.0,5,female,1,2041.0257924,0,26,0.0,0.0,0.0,0.0,0.0,0.0,24.0,0.0,35.0
180,181,2.0,3.0,3.0,1.0,4.0,1.1667118999994273,15.5,19.0,0.3400000000000001,orientation,size,color,0.3,-16.0,5,female,1,2041.0257924,0,26,0.0,0.0,0.0,0.0,0.0,0.0,25.0,0.0,36.0
181,182,2.0,3.0,3.0,1.0,4.0,2.0669415000011213,20.0,0.0,0.38,orientation,size,color,0.3,-16.0,5,female,1,2041.0257924,0,26,0.0,0.0,0.0,0.0,0.0,0.0,26.0,0.0,37.0
182,183,2.0,2.0,2.0,1.0,4.0,2.0333707999998296,87.5,15.0,0.26,orientation,size,color,0.3,-16.0,5,female,1,2041.0257924,0,26,0.0,0.0,0.0,0.0,0.0,0.0,27.0,0.0,38.0
183,184,2.0,1.0,3.0,0.0,4.0,3.03372280000076,-16.0,5.0,0.3400000000000001,orientation,size,color,0.3,-16.0,5,female,1,2041.0257924,0,26,0.0,1.0,0.0,0.0,0.0,0.0,28.0,0.0,39.0
184,185,2.0,0.0,0.0,1.0,4.0,1.1663809000001493,-52.0,9.0,0.1,orientation,size,color,0.3,-16.0,5,female,1,2041.0257924,1,26,0.0,0.0,0.0,0.0,-1.0,0.0,29.0,0.0,40.0
185,186,2.0,1.0,2.0,0.0,4.0,1.1499853000004805,87.5,5.0,0.18,orientation,size,color,0.3,-16.0,5,female,1,2041.0257924,0,26,0.0,2.0,0.0,0.0,1.0,0.0,30.0,0.0,41.0
186,187,2.0,3.0,3.0,1.0,4.0,0.9654458999993948,65.0,16.0,0.42,orientation,size,color,0.3,-16.0,5,female,1,2041.0257924,1,26,0.0,0.0,0.0,0.0,-2.0,0.0,31.0,0.0,42.0
187,188,2.0,1.0,1.0,1.0,4.0,1.4838560999996844,-65.5,8.0,0.4600000000000001,orientation,size,color,0.3,-16.0,5,female,1,2041.0257924,0,26,0.0,0.0,0.0,0.0,2.0,0.0,32.0,0.0,43.0
188,189,2.0,0.0,2.0,0.0,4.0,1.1496535999995103,-7.0,23.0,0.14,orientation,size,color,0.3,-16.0,5,female,1,2041.0257924,0,26,0.0,1.0,0.0,0.0,0.0,0.0,33.0,0.0,44.0
189,190,2.0,2.0,2.0,1.0,4.0,1.899048799999946,65.0,3.0,0.18,orientation,size,color,0.3,-16.0,5,female,1,2041.0257924,1,26,0.0,0.0,0.0,0.0,-1.0,0.0,34.0,0.0,45.0
190,191,2.0,3.0,3.0,1.0,4.0,0.9000343000006978,38.0,20.0,0.4600000000000001,orientation,size,color,0.3,-16.0,5,female,1,2041.0257924,0,26,0.0,0.0,0.0,0.0,1.0,0.0,35.0,0.0,46.0
191,192,2.0,3.0,3.0,1.0,4.0,0.9166131999991194,20.0,18.0,0.42,orientation,size,color,0.3,-16.0,5,female,1,2041.0257924,0,26,0.0,0.0,0.0,0.0,0.0,0.0,36.0,0.0,47.0
192,193,2.0,1.0,1.0,1.0,4.0,1.8834672000011776,-56.5,8.0,0.3400000000000001,orientation,size,color,0.3,-16.0,5,female,1,2041.0257924,0,26,0.0,0.0,0.0,0.0,0.0,0.0,37.0,0.0,48.0
193,194,2.0,1.0,1.0,1.0,4.0,1.533253199999308,-29.5,18.0,0.4600000000000001,orientation,size,color,0.3,-16.0,5,female,1,2041.0257924,0,26,0.0,0.0,0.0,0.0,0.0,0.0,38.0,0.0,49.0
194,195,2.0,2.0,2.0,1.0,4.0,0.8155880000012985,74.0,15.0,0.14,orientation,size,color,0.3,-16.0,5,female,1,2041.0257924,0,26,0.0,0.0,0.0,0.0,0.0,0.0,39.0,0.0,50.0
195,196,2.0,0.0,1.0,0.0,4.0,2.3336493999995582,-83.5,12.0,0.3,orientation,size,color,0.3,-16.0,5,female,1,2041.0257924,0,26,0.0,1.0,0.0,0.0,0.0,0.0,40.0,0.0,51.0
196,197,2.0,1.0,1.0,1.0,4.0,0.9501455999998144,-20.5,17.0,0.4600000000000001,orientation,size,color,0.3,-16.0,5,female,1,2041.0257924,1,26,0.0,0.0,0.0,0.0,-1.0,0.0,41.0,0.0,52.0
197,198,2.0,3.0,3.0,1.0,4.0,1.3667332000004535,65.0,20.0,0.38,orientation,size,color,0.3,-16.0,5,female,1,2041.0257924,0,26,0.0,0.0,0.0,0.0,1.0,0.0,42.0,0.0,53.0
198,199,2.0,1.0,1.0,1.0,4.0,1.1669849999998405,-70.0,23.0,0.42,orientation,size,color,0.3,-16.0,5,female,1,2041.0257924,0,26,0.0,0.0,0.0,0.0,0.0,0.0,43.0,0.0,54.0
199,200,2.0,3.0,3.0,1.0,4.0,1.866941999998744,87.5,20.0,0.3400000000000001,orientation,size,color,0.3,-16.0,5,female,1,2041.0257924,0,26,0.0,0.0,0.0,0.0,0.0,0.0,44.0,0.0,55.0
200,201,2.0,3.0,3.0,1.0,4.0,2.0829720000001544,6.5,8.0,0.42,orientation,size,color,0.3,-16.0,5,female,1,2041.0257924,0,26,0.0,0.0,0.0,0.0,0.0,0.0,45.0,0.0,56.0
201,202,2.0,2.0,2.0,1.0,4.0,1.6497359999993932,-2.5,15.0,0.18,orientation,size,color,0.3,-16.0,5,female,1,2041.0257924,0,26,0.0,0.0,0.0,0.0,0.0,0.0,46.0,0.0,57.0
202,203,2.0,2.0,2.0,1.0,4.0,0.8996568999991723,-7.0,20.0,0.22,orientation,size,color,0.3,-16.0,5,female,1,2041.0257924,0,26,0.0,0.0,0.0,0.0,0.0,0.0,47.0,0.0,58.0
203,204,2.0,3.0,3.0,1.0,4.0,4.8179751000006945,15.5,14.0,0.4600000000000001,orientation,size,color,0.3,-16.0,5,female,1,2041.0257924,0,26,0.0,0.0,0.0,0.0,0.0,0.0,48.0,0.0,59.0
204,205,2.0,1.0,1.0,1.0,4.0,2.3332633999998507,-34.0,24.0,0.38,orientation,size,color,0.3,-16.0,5,female,1,2041.0257924,0,26,0.0,0.0,0.0,0.0,0.0,0.0,49.0,0.0,60.0
205,206,2.0,2.0,2.0,1.0,4.0,1.3308446999999433,47.0,15.0,0.22,orientation,size,color,0.3,-16.0,5,female,1,2041.0257924,0,26,0.0,0.0,0.0,0.0,0.0,0.0,50.0,0.0,61.0
206,207,3.0,7.0,7.0,1.0,8.0,15.899489900000845,20.0,20.0,0.4600000000000001,orientation,size,color,0.3,-16.0,5,female,1,2041.0257924,1,26,0.0,0.0,0.0,0.0,0.0,0.0,51.0,1.0,0.0
207,208,3.0,1.0,3.0,0.0,8.0,5.499320499999158,-74.5,16.0,0.3400000000000001,orientation,size,color,0.3,-16.0,5,female,1,2041.0257924,0,26,0.0,0.0,1.0,0.0,0.0,0.0,52.0,2.0,0.0
208,209,3.0,2.0,0.0,0.0,8.0,1.6163775000004534,-56.5,11.0,0.22,orientation,size,color,0.3,-16.0,5,female,1,2041.0257924,1,26,0.0,0.0,1.0,0.0,0.0,-1.0,53.0,3.0,0.0
209,210,3.0,4.0,4.0,1.0,8.0,1.7167355000001407,51.5,9.0,0.22,orientation,size,color,0.3,-16.0,5,female,1,2041.0257924,1,26,0.0,0.0,0.0,0.0,0.0,0.0,54.0,4.0,0.0
210,211,3.0,5.0,5.0,1.0,8.0,1.2002087000000756,20.0,18.0,0.22,orientation,size,color,0.3,-16.0,5,female,1,2041.0257924,0,26,0.0,0.0,0.0,0.0,0.0,1.0,55.0,5.0,0.0
211,212,3.0,6.0,6.0,1.0,8.0,1.5999834000012925,60.5,11.0,0.3400000000000001,orientation,size,color,0.3,-16.0,5,female,1,2041.0257924,0,26,0.0,0.0,0.0,0.0,0.0,0.0,56.0,6.0,0.0
212,213,3.0,1.0,1.0,1.0,8.0,2.7825094999989233,-79.0,20.0,0.14,orientation,size,color,0.3,-16.0,5,female,1,2041.0257924,0,26,0.0,0.0,0.0,0.0,0.0,0.0,57.0,7.0,0.0
213,214,3.0,5.0,5.0,1.0,8.0,1.6494110000003277,56.0,22.0,0.14,orientation,size,color,0.3,-16.0,5,female,1,2041.0257924,0,26,0.0,0.0,0.0,0.0,0.0,0.0,58.0,8.0,0.0
214,215,3.0,6.0,6.0,1.0,8.0,1.5498885000015434,60.5,9.0,0.38,orientation,size,color,0.3,-16.0,5,female,1,2041.0257924,0,26,0.0,0.0,0.0,0.0,0.0,0.0,59.0,9.0,0.0
215,216,3.0,7.0,7.0,1.0,8.0,1.216633100000763,20.0,13.0,0.3,orientation,size,color,0.3,-16.0,5,female,1,2041.0257924,0,26,0.0,0.0,0.0,0.0,0.0,0.0,60.0,10.0,0.0
216,217,3.0,1.0,1.0,1.0,8.0,6.4338410000000295,-38.5,19.0,0.22,orientation,size,color,0.3,-16.0,5,female,1,2041.0257924,0,26,0.0,0.0,0.0,0.0,0.0,0.0,61.0,11.0,0.0
217,218,3.0,4.0,4.0,1.0,8.0,2.3164627000005567,15.5,1.0,0.22,orientation,size,color,0.3,-16.0,5,female,1,2041.0257924,0,26,0.0,0.0,0.0,0.0,0.0,0.0,62.0,12.0,0.0
218,219,3.0,4.0,4.0,1.0,8.0,1.2337630999991234,15.5,6.0,0.26,orientation,size,color,0.3,-16.0,5,female,1,2041.0257924,0,26,0.0,0.0,0.0,0.0,0.0,0.0,63.0,13.0,0.0
219,220,3.0,5.0,5.0,1.0,8.0,1.7661405999988349,56.0,19.0,0.1,orientation,size,color,0.3,-16.0,5,female,1,2041.0257924,1,26,0.0,0.0,0.0,0.0,0.0,0.0,64.0,14.0,0.0
220,221,3.0,2.0,6.0,0.0,8.0,2.1999756999994133,-16.0,8.0,0.42,orientation,size,color,0.3,-16.0,5,female,1,2041.0257924,0,26,0.0,0.0,1.0,0.0,0.0,0.0,65.0,15.0,0.0
221,222,3.0,7.0,7.0,1.0,8.0,2.5491958999991766,11.0,13.0,0.3,orientation,size,color,0.3,-16.0,5,female,1,2041.0257924,1,26,0.0,0.0,0.0,0.0,0.0,-1.0,66.0,16.0,0.0
222,223,3.0,5.0,5.0,1.0,8.0,3.599858300000051,60.5,23.0,0.1,orientation,size,color,0.3,-16.0,5,female,1,2041.0257924,0,26,0.0,0.0,0.0,0.0,0.0,1.0,67.0,17.0,0.0
223,224,3.0,5.0,5.0,1.0,8.0,3.649729799999477,-2.5,15.0,0.22,orientation,size,color,0.3,-16.0,5,female,1,2041.0257924,0,26,0.0,0.0,0.0,0.0,0.0,0.0,68.0,18.0,0.0
224,225,3.0,1.0,3.0,0.0,8.0,5.782848799999556,-56.5,13.0,0.3,orientation,size,color,0.3,-16.0,5,female,1,2041.0257924,0,26,0.0,0.0,1.0,0.0,0.0,0.0,69.0,19.0,0.0
225,226,3.0,0.0,0.0,1.0,8.0,8.381864299999506,-61.0,8.0,0.14,orientation,size,color,0.3,-16.0,5,female,1,2041.0257924,1,26,0.0,0.0,0.0,0.0,0.0,-1.0,70.0,20.0,0.0
226,227,3.0,6.0,6.0,1.0,8.0,3.38382570000067,33.5,1.0,0.3,orientation,size,color,0.3,-16.0,5,female,1,2041.0257924,0,26,0.0,0.0,0.0,0.0,0.0,1.0,71.0,21.0,0.0
227,228,3.0,5.0,5.0,1.0,8.0,2.6833980999999767,56.0,23.0,0.26,orientation,size,color,0.3,-16.0,5,female,1,2041.0257924,0,26,0.0,0.0,0.0,0.0,0.0,0.0,72.0,22.0,0.0
228,229,3.0,2.0,2.0,1.0,8.0,4.116867000000639,-70.0,1.0,0.3400000000000001,orientation,size,color,0.3,-16.0,5,female,1,2041.0257924,0,26,0.0,0.0,0.0,0.0,0.0,0.0,73.0,23.0,0.0
229,230,3.0,4.0,4.0,1.0,8.0,1.4669075000001612,47.0,11.0,0.14,orientation,size,color,0.3,-16.0,5,female,1,2041.0257924,0,26,0.0,0.0,0.0,0.0,0.0,0.0,74.0,24.0,0.0
230,231,3.0,5.0,5.0,1.0,8.0,1.6163156000002346,-2.5,24.0,0.26,orientation,size,color,0.3,-16.0,5,female,1,2041.0257924,0,26,0.0,0.0,0.0,0.0,0.0,0.0,75.0,25.0,0.0
231,232,3.0,6.0,6.0,1.0,8.0,1.2337950000001,51.5,2.0,0.42,orientation,size,color,0.3,-16.0,5,female,1,2041.0257924,0,26,0.0,0.0,0.0,0.0,0.0,0.0,76.0,26.0,0.0
232,233,3.0,2.0,6.0,0.0,8.0,2.2840407000003324,-11.5,0.0,0.38,orientation,size,color,0.3,-16.0,5,female,1,2041.0257924,0,26,0.0,0.0,1.0,0.0,0.0,0.0,77.0,27.0,0.0
233,234,3.0,4.0,4.0,1.0,8.0,0.9489212999997108,42.5,9.0,0.1,orientation,size,color,0.3,-16.0,5,female,1,2041.0257924,1,26,0.0,0.0,0.0,0.0,0.0,-1.0,78.0,28.0,0.0
234,235,3.0,2.0,2.0,1.0,8.0,2.2498955999999453,-65.5,7.0,0.4600000000000001,orientation,size,color,0.3,-16.0,5,female,1,2041.0257924,0,26,0.0,0.0,0.0,0.0,0.0,1.0,79.0,29.0,0.0
235,236,3.0,1.0,1.0,1.0,8.0,1.7327227999994648,-47.5,14.0,0.18,orientation,size,color,0.3,-16.0,5,female,1,2041.0257924,0,26,0.0,0.0,0.0,0.0,0.0,0.0,80.0,30.0,0.0
236,237,3.0,4.0,4.0,1.0,8.0,2.250230099998589,87.5,12.0,0.1,orientation,size,color,0.3,-16.0,5,female,1,2041.0257924,0,26,0.0,0.0,0.0,0.0,0.0,0.0,81.0,31.0,0.0
237,238,3.0,4.0,4.0,1.0,8.0,1.199518199999147,29.0,8.0,0.18,orientation,size,color,0.3,-16.0,5,female,1,2041.0257924,0,26,0.0,0.0,0.0,0.0,0.0,0.0,82.0,32.0,0.0
238,239,3.0,4.0,6.0,0.0,8.0,2.549586000001,38.0,8.0,0.3,orientation,size,color,0.3,-16.0,5,female,1,2041.0257924,0,26,0.0,0.0,1.0,0.0,0.0,0.0,83.0,33.0,0.0
239,240,3.0,5.0,5.0,1.0,8.0,2.165437200001179,11.0,19.0,0.14,orientation,size,color,0.3,-16.0,5,female,1,2041.0257924,1,26,0.0,0.0,0.0,0.0,0.0,-1.0,84.0,34.0,0.0
240,241,3.0,5.0,5.0,1.0,8.0,1.1665347000016482,78.5,24.0,0.22,orientation,size,color,0.3,-16.0,5,female,1,2041.0257924,0,26,0.0,0.0,0.0,0.0,0.0,1.0,85.0,35.0,0.0
241,242,3.0,4.0,6.0,0.0,8.0,1.1494312000013451,51.5,0.0,0.3,orientation,size,color,0.3,-16.0,5,female,1,2041.0257924,0,26,0.0,0.0,1.0,0.0,0.0,0.0,86.0,36.0,0.0
242,243,3.0,5.0,1.0,0.0,8.0,1.6320995000005496,-88.0,21.0,0.14,orientation,size,color,0.3,-16.0,5,female,1,2041.0257924,1,26,0.0,0.0,1.0,0.0,0.0,-1.0,87.0,37.0,0.0
243,244,3.0,5.0,5.0,1.0,8.0,1.4161982000005082,60.5,15.0,0.14,orientation,size,color,0.3,-16.0,5,female,1,2041.0257924,1,26,0.0,0.0,0.0,0.0,0.0,0.0,88.0,38.0,0.0
244,245,3.0,2.0,2.0,1.0,8.0,3.649962699999378,-34.0,3.0,0.38,orientation,size,color,0.3,-16.0,5,female,1,2041.0257924,0,26,0.0,0.0,0.0,0.0,0.0,1.0,89.0,39.0,0.0
245,246,3.0,5.0,5.0,1.0,8.0,1.5333828999991963,38.0,18.0,0.18,orientation,size,color,0.3,-16.0,5,female,1,2041.0257924,0,26,0.0,0.0,0.0,0.0,0.0,0.0,90.0,40.0,0.0
246,247,3.0,6.0,6.0,1.0,8.0,2.900078399999984,-7.0,7.0,0.3,orientation,size,color,0.3,-16.0,5,female,1,2041.0257924,0,26,0.0,0.0,0.0,0.0,0.0,0.0,91.0,41.0,0.0
247,248,3.0,7.0,7.0,1.0,8.0,1.917425000001458,2.0,19.0,0.38,orientation,size,color,0.3,-16.0,5,female,1,2041.0257924,0,26,0.0,0.0,0.0,0.0,0.0,0.0,92.0,42.0,0.0
248,249,3.0,4.0,4.0,1.0,8.0,2.383752300000197,74.0,11.0,0.22,orientation,size,color,0.3,-16.0,5,female,1,2041.0257924,0,26,0.0,0.0,0.0,0.0,0.0,0.0,93.0,43.0,0.0
249,250,3.0,3.0,3.0,1.0,8.0,5.216600899999321,-74.5,16.0,0.38,orientation,size,color,0.3,-16.0,5,female,1,2041.0257924,0,26,0.0,0.0,0.0,0.0,0.0,0.0,94.0,44.0,0.0
250,251,3.0,1.0,1.0,1.0,8.0,3.500060200000007,-29.5,22.0,0.18,orientation,size,color,0.3,-16.0,5,female,1,2041.0257924,0,26,0.0,0.0,0.0,0.0,0.0,0.0,95.0,45.0,0.0
251,252,3.0,2.0,0.0,0.0,8.0,2.483560700000453,-47.5,9.0,0.26,orientation,size,color,0.3,-16.0,5,female,1,2041.0257924,0,26,0.0,0.0,1.0,0.0,0.0,0.0,96.0,46.0,0.0
252,253,3.0,5.0,5.0,1.0,8.0,1.332680999999866,15.5,14.0,0.14,orientation,size,color,0.3,-16.0,5,female,1,2041.0257924,1,26,0.0,0.0,0.0,0.0,0.0,-1.0,97.0,47.0,0.0
253,254,3.0,2.0,2.0,1.0,8.0,1.4503452999997537,-34.0,12.0,0.42,orientation,size,color,0.3,-16.0,5,female,1,2041.0257924,0,26,0.0,0.0,0.0,0.0,0.0,1.0,98.0,48.0,0.0
254,255,3.0,3.0,3.0,1.0,8.0,1.916350699999384,-34.0,21.0,0.42,orientation,size,color,0.3,-16.0,5,female,1,2041.0257924,0,26,0.0,0.0,0.0,0.0,0.0,0.0,99.0,49.0,0.0
255,256,3.0,4.0,0.0,0.0,8.0,1.4655436000011832,-88.0,7.0,0.22,orientation,size,color,0.3,-16.0,5,female,1,2041.0257924,0,26,0.0,0.0,1.0,0.0,0.0,0.0,100.0,50.0,0.0
256,257,3.0,1.0,1.0,1.0,8.0,1.1324786999994103,-20.5,15.0,0.18,orientation,size,color,0.3,-16.0,5,female,1,2041.0257924,1,26,0.0,0.0,0.0,0.0,0.0,-1.0,101.0,51.0,0.0
257,258,3.0,2.0,2.0,1.0,8.0,1.2333875999993325,-52.0,8.0,0.38,orientation,size,color,0.3,-16.0,5,female,1,2041.0257924,0,26,0.0,0.0,0.0,0.0,0.0,1.0,102.0,52.0,0.0
258,259,3.0,7.0,7.0,1.0,8.0,2.6329660000010335,20.0,20.0,0.3,orientation,size,color,0.3,-16.0,5,female,1,2041.0257924,0,26,0.0,0.0,0.0,0.0,0.0,0.0,103.0,53.0,0.0
259,260,3.0,3.0,3.0,1.0,8.0,2.0490901000011945,-29.5,23.0,0.3400000000000001,orientation,size,color,0.3,-16.0,5,female,1,2041.0257924,0,26,0.0,0.0,0.0,0.0,0.0,0.0,104.0,54.0,0.0
260,261,3.0,4.0,4.0,1.0,8.0,1.2167076999994606,65.0,4.0,0.18,orientation,size,color,0.3,-16.0,5,female,1,2041.0257924,0,26,0.0,0.0,0.0,0.0,0.0,0.0,105.0,55.0,0.0
261,262,3.0,6.0,6.0,1.0,8.0,7.01685980000002,29.0,7.0,0.42,orientation,size,color,0.3,-16.0,5,female,1,2041.0257924,0,26,0.0,0.0,0.0,0.0,0.0,0.0,106.0,56.0,0.0
262,263,3.0,3.0,3.0,1.0,8.0,3.1002818000015395,-56.5,14.0,0.3400000000000001,orientation,size,color,0.3,-16.0,5,female,1,2041.0257924,0,26,0.0,0.0,0.0,0.0,0.0,0.0,107.0,57.0,0.0
263,264,3.0,3.0,3.0,1.0,8.0,1.0669372000011208,-56.5,19.0,0.38,orientation,size,color,0.3,-16.0,5,female,1,2041.0257924,0,26,0.0,0.0,0.0,0.0,0.0,0.0,108.0,58.0,0.0
264,265,3.0,3.0,1.0,0.0,8.0,2.8497565999987273,-70.0,17.0,0.26,orientation,size,color,0.3,-16.0,5,female,1,2041.0257924,0,26,0.0,0.0,1.0,0.0,0.0,0.0,109.0,59.0,0.0
265,266,3.0,7.0,7.0,1.0,8.0,1.5651258999987476,65.0,18.0,0.42,orientation,size,color,0.3,-16.0,5,female,1,2041.0257924,1,26,0.0,0.0,0.0,0.0,0.0,-1.0,110.0,60.0,0.0
266,267,3.0,6.0,6.0,1.0,8.0,1.733823399999892,38.0,8.0,0.38,orientation,size,color,0.3,-16.0,5,female,1,2041.0257924,0,26,0.0,0.0,0.0,0.0,0.0,1.0,111.0,61.0,0.0
267,268,3.0,5.0,5.0,1.0,8.0,1.4670569999998406,65.0,24.0,0.26,orientation,size,color,0.3,-16.0,5,female,1,2041.0257924,0,26,0.0,0.0,0.0,0.0,0.0,0.0,112.0,62.0,0.0
268,269,3.0,6.0,6.0,1.0,8.0,1.4844260000008944,24.5,6.0,0.4600000000000001,orientation,size,color,0.3,-16.0,5,female,1,2041.0257924,0,26,0.0,0.0,0.0,0.0,0.0,0.0,113.0,63.0,0.0
269,270,3.0,2.0,2.0,1.0,8.0,1.566223699999682,-25.0,1.0,0.3400000000000001,orientation,size,color,0.3,-16.0,5,female,1,2041.0257924,0,26,0.0,0.0,0.0,0.0,0.0,0.0,114.0,64.0,0.0
270,271,3.0,7.0,7.0,1.0,8.0,2.2337152999989485,60.5,20.0,0.4600000000000001,orientation,size,color,0.3,-16.0,5,female,1,2041.0257924,0,26,0.0,0.0,0.0,0.0,0.0,0.0,115.0,65.0,0.0
271,272,3.0,2.0,0.0,0.0,8.0,1.700492599999052,-43.0,6.0,0.14,orientation,size,color,0.3,-16.0,5,female,1,2041.0257924,0,26,0.0,0.0,1.0,0.0,0.0,0.0,116.0,66.0,0.0
272,273,3.0,4.0,4.0,1.0,8.0,1.8813265999997384,42.5,5.0,0.22,orientation,size,color,0.3,-16.0,5,female,1,2041.0257924,1,26,0.0,0.0,0.0,0.0,0.0,-1.0,117.0,67.0,0.0
273,274,3.0,7.0,7.0,1.0,8.0,2.5497061000005488,-7.0,21.0,0.42,orientation,size,color,0.3,-16.0,5,female,1,2041.0257924,0,26,0.0,0.0,0.0,0.0,0.0,1.0,118.0,68.0,0.0
274,275,3.0,2.0,2.0,1.0,8.0,3.133229200000642,-56.5,2.0,0.38,orientation,size,color,0.3,-16.0,5,female,1,2041.0257924,0,26,0.0,0.0,0.0,0.0,0.0,0.0,119.0,69.0,0.0
275,276,3.0,6.0,6.0,1.0,8.0,2.117099600000074,-11.5,6.0,0.38,orientation,size,color,0.3,-16.0,5,female,1,2041.0257924,0,26,0.0,0.0,0.0,0.0,0.0,0.0,120.0,70.0,0.0
276,277,3.0,0.0,0.0,1.0,8.0,2.532692999999199,-52.0,5.0,0.1,orientation,size,color,0.3,-16.0,5,female,1,2041.0257924,0,26,0.0,0.0,0.0,0.0,0.0,0.0,121.0,71.0,0.0
277,278,3.0,3.0,3.0,1.0,8.0,2.984483000000182,-61.0,24.0,0.3,orientation,size,color,0.3,-16.0,5,female,1,2041.0257924,0,26,0.0,0.0,0.0,0.0,0.0,0.0,122.0,72.0,0.0
278,279,3.0,7.0,7.0,1.0,8.0,1.8328715999996348,-2.5,22.0,0.4600000000000001,orientation,size,color,0.3,-16.0,5,female,1,2041.0257924,0,26,0.0,0.0,0.0,0.0,0.0,0.0,123.0,73.0,0.0
279,280,3.0,4.0,4.0,1.0,8.0,5.601081999999224,33.5,7.0,0.14,orientation,size,color,0.3,-16.0,5,female,1,2041.0257924,0,26,0.0,0.0,0.0,0.0,0.0,0.0,124.0,74.0,0.0
280,281,3.0,2.0,2.0,1.0,8.0,10.93504380000013,-70.0,4.0,0.42,orientation,size,color,0.3,-16.0,5,female,1,2041.0257924,0,26,0.0,0.0,0.0,0.0,0.0,0.0,125.0,75.0,0.0
281,282,3.0,4.0,4.0,1.0,8.0,2.883185800001229,47.0,9.0,0.22,orientation,size,color,0.3,-16.0,5,female,1,2041.0257924,0,26,0.0,0.0,0.0,0.0,0.0,0.0,126.0,76.0,0.0
282,283,2.0,0.0,0.0,1.0,4.0,5.816698299999189,-34.0,18.0,0.26,orientation,size,color,0.3,-16.0,5,female,1,2041.0257924,1,26,0.0,0.0,0.0,0.0,0.0,0.0,127.0,0.0,1.0
283,284,2.0,2.0,2.0,1.0,4.0,1.1659361000001809,74.0,7.0,0.1,orientation,size,color,0.3,-16.0,5,female,1,2041.0257924,0,26,0.0,0.0,0.0,0.0,0.0,0.0,128.0,0.0,2.0
284,285,2.0,2.0,2.0,1.0,4.0,1.6340589999999793,74.0,19.0,0.18,orientation,size,color,0.3,-16.0,5,female,1,2041.0257924,0,26,0.0,0.0,0.0,0.0,0.0,0.0,129.0,0.0,3.0
285,286,2.0,2.0,3.0,0.0,4.0,2.2501720000000205,42.5,17.0,0.3,orientation,size,color,0.3,-16.0,5,female,1,2041.0257924,0,26,0.0,1.0,0.0,0.0,0.0,0.0,130.0,0.0,4.0
286,287,2.0,0.0,0.0,1.0,4.0,1.8489833999992695,-47.5,5.0,0.14,orientation,size,color,0.3,-16.0,5,female,1,2041.0257924,1,26,0.0,0.0,0.0,0.0,-1.0,0.0,131.0,0.0,5.0
287,288,2.0,3.0,3.0,1.0,4.0,1.3008152000002156,2.0,8.0,0.42,orientation,size,color,0.3,-16.0,5,female,1,2041.0257924,0,26,0.0,0.0,0.0,0.0,1.0,0.0,132.0,0.0,6.0
288,289,2.0,1.0,1.0,1.0,4.0,2.7840344999985973,-79.0,3.0,0.3,orientation,size,color,0.3,-16.0,5,female,1,2041.0257924,0,26,0.0,0.0,0.0,0.0,0.0,0.0,133.0,0.0,7.0
289,290,2.0,1.0,1.0,1.0,4.0,1.5168875999988811,-25.0,4.0,0.38,orientation,size,color,0.3,-16.0,5,female,1,2041.0257924,0,26,0.0,0.0,0.0,0.0,0.0,0.0,134.0,0.0,8.0
290,291,2.0,0.0,0.0,1.0,4.0,2.9170429999994667,-88.0,22.0,0.1,orientation,size,color,0.3,-16.0,5,female,1,2041.0257924,0,26,0.0,0.0,0.0,0.0,0.0,0.0,135.0,0.0,9.0
291,292,2.0,3.0,3.0,1.0,4.0,1.767369499999404,2.0,9.0,0.3400000000000001,orientation,size,color,0.3,-16.0,5,female,1,2041.0257924,0,26,0.0,0.0,0.0,0.0,0.0,0.0,136.0,0.0,10.0
292,293,2.0,3.0,3.0,1.0,4.0,2.3004565999999613,-16.0,24.0,0.3400000000000001,orientation,size,color,0.3,-16.0,5,female,1,2041.0257924,0,26,0.0,0.0,0.0,0.0,0.0,0.0,137.0,0.0,11.0
293,294,2.0,3.0,3.0,1.0,4.0,2.5674471000002086,78.5,11.0,0.4600000000000001,orientation,size,color,0.3,-16.0,5,female,1,2041.0257924,0,26,0.0,0.0,0.0,0.0,0.0,0.0,138.0,0.0,12.0
294,295,2.0,1.0,1.0,1.0,4.0,2.6161996999999246,-29.5,16.0,0.42,orientation,size,color,0.3,-16.0,5,female,1,2041.0257924,0,26,0.0,0.0,0.0,0.0,0.0,0.0,139.0,0.0,13.0
295,296,2.0,2.0,3.0,0.0,4.0,2.7336562000000413,74.0,1.0,0.42,orientation,size,color,0.3,-16.0,5,female,1,2041.0257924,0,26,0.0,1.0,0.0,0.0,0.0,0.0,140.0,0.0,14.0
296,297,3.0,4.0,4.0,1.0,8.0,5.6651074000001245,87.5,12.0,0.26,orientation,size,color,0.3,-16.0,5,female,1,2041.0257924,1,26,0.0,1.0,0.0,0.0,0.0,0.0,141.0,1.0,0.0
297,298,3.0,3.0,3.0,1.0,8.0,13.833580200000142,-43.0,15.0,0.42,orientation,size,color,0.3,-16.0,5,female,1,2041.0257924,0,26,0.0,1.0,0.0,0.0,0.0,0.0,142.0,2.0,0.0
298,299,3.0,5.0,5.0,1.0,8.0,2.0171520999992936,-7.0,23.0,0.1,orientation,size,color,0.3,-16.0,5,female,1,2041.0257924,0,26,0.0,1.0,0.0,0.0,0.0,0.0,143.0,3.0,0.0
299,300,3.0,6.0,6.0,1.0,8.0,2.216918900001474,51.5,0.0,0.3400000000000001,orientation,size,color,0.3,-16.0,5,female,1,2041.0257924,0,26,0.0,1.0,0.0,0.0,0.0,0.0,144.0,4.0,0.0
300,301,3.0,7.0,7.0,1.0,8.0,1.816658100000495,87.5,17.0,0.3400000000000001,orientation,size,color,0.3,-16.0,5,female,1,2041.0257924,0,26,0.0,1.0,0.0,0.0,0.0,0.0,145.0,5.0,0.0
301,302,3.0,7.0,7.0,1.0,8.0,2.499727600001279,-2.5,14.0,0.42,orientation,size,color,0.3,-16.0,5,female,1,2041.0257924,0,26,0.0,1.0,0.0,0.0,0.0,0.0,146.0,6.0,0.0
302,303,3.0,5.0,5.0,1.0,8.0,3.815986100000373,38.0,17.0,0.26,orientation,size,color,0.3,-16.0,5,female,1,2041.0257924,0,26,0.0,1.0,0.0,0.0,0.0,0.0,147.0,7.0,0.0
303,304,3.0,1.0,3.0,0.0,8.0,2.4507744000002276,-25.0,24.0,0.3,orientation,size,color,0.3,-16.0,5,female,1,2041.0257924,0,26,0.0,1.0,1.0,0.0,0.0,0.0,148.0,8.0,0.0
304,305,3.0,5.0,5.0,1.0,8.0,3.4321930000005523,83.0,22.0,0.1,orientation,size,color,0.3,-16.0,5,female,1,2041.0257924,1,26,0.0,1.0,0.0,0.0,0.0,-1.0,149.0,9.0,0.0
305,306,3.0,7.0,7.0,1.0,8.0,2.0334646000010252,69.5,13.0,0.4600000000000001,orientation,size,color,0.3,-16.0,5,female,1,2041.0257924,0,26,0.0,1.0,0.0,0.0,0.0,1.0,150.0,10.0,0.0
306,307,3.0,4.0,4.0,1.0,8.0,2.266409800000474,-2.5,8.0,0.18,orientation,size,color,0.3,-16.0,5,female,1,2041.0257924,0,26,0.0,1.0,0.0,0.0,0.0,0.0,151.0,11.0,0.0
307,308,3.0,0.0,0.0,1.0,8.0,2.6000851999997394,-88.0,1.0,0.26,orientation,size,color,0.3,-16.0,5,female,1,2041.0257924,0,26,0.0,1.0,0.0,0.0,0.0,0.0,152.0,12.0,0.0
308,309,3.0,6.0,6.0,1.0,8.0,2.7005623999993986,11.0,4.0,0.42,orientation,size,color,0.3,-16.0,5,female,1,2041.0257924,0,26,0.0,1.0,0.0,0.0,0.0,0.0,153.0,13.0,0.0
309,310,3.0,1.0,1.0,1.0,8.0,1.7169026999999917,-29.5,22.0,0.14,orientation,size,color,0.3,-16.0,5,female,1,2041.0257924,0,26,0.0,1.0,0.0,0.0,0.0,0.0,154.0,14.0,0.0
310,311,3.0,4.0,4.0,1.0,8.0,1.648879800000941,47.0,5.0,0.26,orientation,size,color,0.3,-16.0,5,female,1,2041.0257924,0,26,0.0,1.0,0.0,0.0,0.0,0.0,155.0,15.0,0.0
311,312,3.0,4.0,4.0,1.0,8.0,2.2668391000006523,-2.5,2.0,0.18,orientation,size,color,0.3,-16.0,5,female,1,2041.0257924,0,26,0.0,1.0,0.0,0.0,0.0,0.0,156.0,16.0,0.0
312,313,3.0,6.0,6.0,1.0,8.0,2.2332740999991074,29.0,7.0,0.3400000000000001,orientation,size,color,0.3,-16.0,5,female,1,2041.0257924,0,26,0.0,1.0,0.0,0.0,0.0,0.0,157.0,17.0,0.0
313,314,3.0,2.0,6.0,0.0,8.0,2.7332739000012225,-11.5,6.0,0.3400000000000001,orientation,size,color,0.3,-16.0,5,female,1,2041.0257924,0,26,0.0,1.0,1.0,0.0,0.0,0.0,158.0,18.0,0.0
314,315,3.0,6.0,6.0,1.0,8.0,2.098974599999565,83.0,9.0,0.38,orientation,size,color,0.3,-16.0,5,female,1,2041.0257924,1,26,0.0,1.0,0.0,0.0,0.0,-1.0,159.0,19.0,0.0
315,316,3.0,4.0,4.0,1.0,8.0,1.0504825999996683,78.5,2.0,0.18,orientation,size,color,0.3,-16.0,5,female,1,2041.0257924,0,26,0.0,1.0,0.0,0.0,0.0,1.0,160.0,20.0,0.0
316,317,3.0,6.0,6.0,1.0,8.0,1.3671371000000363,47.0,2.0,0.38,orientation,size,color,0.3,-16.0,5,female,1,2041.0257924,0,26,0.0,1.0,0.0,0.0,0.0,0.0,161.0,21.0,0.0
317,318,3.0,6.0,6.0,1.0,8.0,1.5337151999992784,74.0,1.0,0.42,orientation,size,color,0.3,-16.0,5,female,1,2041.0257924,0,26,0.0,1.0,0.0,0.0,0.0,0.0,162.0,22.0,0.0
318,319,3.0,4.0,4.0,1.0,8.0,1.567508599999201,15.5,2.0,0.22,orientation,size,color,0.3,-16.0,5,female,1,2041.0257924,0,26,0.0,1.0,0.0,0.0,0.0,0.0,163.0,23.0,0.0
319,320,3.0,0.0,0.0,1.0,8.0,2.7168480000000272,-43.0,10.0,0.14,orientation,size,color,0.3,-16.0,5,female,1,2041.0257924,0,26,0.0,1.0,0.0,0.0,0.0,0.0,164.0,24.0,0.0
320,321,3.0,6.0,6.0,1.0,8.0,2.4490366999998514,33.5,3.0,0.3400000000000001,orientation,size,color,0.3,-16.0,5,female,1,2041.0257924,0,26,0.0,1.0,0.0,0.0,0.0,0.0,165.0,25.0,0.0
321,322,3.0,1.0,1.0,1.0,8.0,2.0837100999997347,-47.5,21.0,0.14,orientation,size,color,0.3,-16.0,5,female,1,2041.0257924,0,26,0.0,1.0,0.0,0.0,0.0,0.0,166.0,26.0,0.0
322,323,3.0,5.0,7.0,0.0,8.0,3.6669731000001775,69.5,19.0,0.3,orientation,size,color,0.3,-16.0,5,female,1,2041.0257924,0,26,0.0,1.0,1.0,0.0,0.0,0.0,167.0,27.0,0.0
323,324,3.0,4.0,4.0,1.0,8.0,4.647651799999949,6.5,3.0,0.26,orientation,size,color,0.3,-16.0,5,female,1,2041.0257924,1,26,0.0,1.0,0.0,0.0,0.0,-1.0,168.0,28.0,0.0
324,325,3.0,1.0,1.0,1.0,8.0,3.0824598999988666,-88.0,16.0,0.14,orientation,size,color,0.3,-16.0,5,female,1,2041.0257924,0,26,0.0,1.0,0.0,0.0,0.0,1.0,169.0,29.0,0.0
325,326,3.0,6.0,6.0,1.0,8.0,2.4171712000006664,78.5,11.0,0.4600000000000001,orientation,size,color,0.3,-16.0,5,female,1,2041.0257924,0,26,0.0,1.0,0.0,0.0,0.0,0.0,170.0,30.0,0.0
326,327,3.0,4.0,4.0,1.0,8.0,2.0667588999986037,69.5,6.0,0.22,orientation,size,color,0.3,-16.0,5,female,1,2041.0257924,0,26,0.0,1.0,0.0,0.0,0.0,0.0,171.0,31.0,0.0
327,328,3.0,6.0,6.0,1.0,8.0,1.3499986000006174,2.0,4.0,0.42,orientation,size,color,0.3,-16.0,5,female,1,2041.0257924,0,26,0.0,1.0,0.0,0.0,0.0,0.0,172.0,32.0,0.0
328,329,3.0,5.0,5.0,1.0,8.0,1.599922699999297,15.5,22.0,0.22,orientation,size,color,0.3,-16.0,5,female,1,2041.0257924,0,26,0.0,1.0,0.0,0.0,0.0,0.0,173.0,33.0,0.0
329,330,3.0,6.0,6.0,1.0,8.0,1.733621299999868,2.0,8.0,0.38,orientation,size,color,0.3,-16.0,5,female,1,2041.0257924,0,26,0.0,1.0,0.0,0.0,0.0,0.0,174.0,34.0,0.0
330,331,3.0,7.0,7.0,1.0,8.0,1.4333280000009836,42.5,15.0,0.42,orientation,size,color,0.3,-16.0,5,female,1,2041.0257924,0,26,0.0,1.0,0.0,0.0,0.0,0.0,175.0,35.0,0.0
331,332,3.0,3.0,3.0,1.0,8.0,2.632834500000172,-20.5,16.0,0.38,orientation,size,color,0.3,-16.0,5,female,1,2041.0257924,0,26,0.0,1.0,0.0,0.0,0.0,0.0,176.0,36.0,0.0
332,333,3.0,1.0,1.0,1.0,8.0,1.214695099999517,-38.5,17.0,0.14,orientation,size,color,0.3,-16.0,5,female,1,2041.0257924,0,26,0.0,1.0,0.0,0.0,0.0,0.0,177.0,37.0,0.0
333,334,3.0,5.0,7.0,0.0,8.0,3.315078800000265,65.0,16.0,0.3,orientation,size,color,0.3,-16.0,5,female,1,2041.0257924,1,26,0.0,1.0,1.0,0.0,0.0,0.0,178.0,38.0,0.0
334,335,3.0,5.0,5.0,1.0,8.0,1.9828837999993991,60.5,17.0,0.14,orientation,size,color,0.3,-16.0,5,female,1,2041.0257924,1,26,0.0,1.0,0.0,0.0,0.0,-1.0,179.0,39.0,0.0
335,336,3.0,4.0,4.0,1.0,8.0,1.282961400000204,56.0,2.0,0.22,orientation,size,color,0.3,-16.0,5,female,1,2041.0257924,0,26,0.0,1.0,0.0,0.0,0.0,1.0,180.0,40.0,0.0
336,337,3.0,7.0,7.0,1.0,8.0,1.733328000000256,20.0,22.0,0.38,orientation,size,color,0.3,-16.0,5,female,1,2041.0257924,0,26,0.0,1.0,0.0,0.0,0.0,0.0,181.0,41.0,0.0
337,338,3.0,6.0,6.0,1.0,8.0,4.116288500001247,-7.0,9.0,0.3,orientation,size,color,0.3,-16.0,5,female,1,2041.0257924,0,26,0.0,1.0,0.0,0.0,0.0,0.0,182.0,42.0,0.0
338,339,3.0,1.0,1.0,1.0,8.0,2.2174372999998013,-34.0,15.0,0.22,orientation,size,color,0.3,-16.0,5,female,1,2041.0257924,0,26,0.0,1.0,0.0,0.0,0.0,0.0,183.0,43.0,0.0
339,340,3.0,2.0,2.0,1.0,8.0,1.8988911000014923,-34.0,2.0,0.4600000000000001,orientation,size,color,0.3,-16.0,5,female,1,2041.0257924,0,26,0.0,1.0,0.0,0.0,0.0,0.0,184.0,44.0,0.0
340,341,3.0,1.0,1.0,1.0,8.0,2.3833665999991354,-88.0,14.0,0.22,orientation,size,color,0.3,-16.0,5,female,1,2041.0257924,0,26,0.0,1.0,0.0,0.0,0.0,0.0,185.0,45.0,0.0
341,342,3.0,5.0,5.0,1.0,8.0,2.216489399999773,-7.0,14.0,0.1,orientation,size,color,0.3,-16.0,5,female,1,2041.0257924,0,26,0.0,1.0,0.0,0.0,0.0,0.0,186.0,46.0,0.0
342,343,3.0,4.0,4.0,1.0,8.0,1.117379900000742,56.0,5.0,0.1,orientation,size,color,0.3,-16.0,5,female,1,2041.0257924,0,26,0.0,1.0,0.0,0.0,0.0,0.0,187.0,47.0,0.0
343,344,3.0,4.0,4.0,1.0,8.0,1.350486200000887,83.0,7.0,0.1,orientation,size,color,0.3,-16.0,5,female,1,2041.0257924,0,26,0.0,1.0,0.0,0.0,0.0,0.0,188.0,48.0,0.0
344,345,3.0,1.0,1.0,1.0,8.0,2.515406599999551,-88.0,18.0,0.18,orientation,size,color,0.3,-16.0,5,female,1,2041.0257924,1,26,0.0,1.0,0.0,0.0,0.0,0.0,189.0,49.0,0.0
345,346,3.0,6.0,6.0,1.0,8.0,2.0664501000010205,83.0,2.0,0.4600000000000001,orientation,size,color,0.3,-16.0,5,female,1,2041.0257924,0,26,0.0,1.0,0.0,0.0,0.0,0.0,190.0,50.0,0.0
346,347,3.0,1.0,1.0,1.0,8.0,1.416745099999389,-56.5,23.0,0.14,orientation,size,color,0.3,-16.0,5,female,1,2041.0257924,0,26,0.0,1.0,0.0,0.0,0.0,0.0,191.0,51.0,0.0
347,348,3.0,7.0,7.0,1.0,8.0,5.581737400001657,83.0,17.0,0.3400000000000001,orientation,size,color,0.3,-16.0,5,female,1,2041.0257924,0,26,0.0,1.0,0.0,0.0,0.0,0.0,192.0,52.0,0.0
348,349,3.0,6.0,6.0,1.0,8.0,1.5337965999988228,11.0,10.0,0.4600000000000001,orientation,size,color,0.3,-16.0,5,female,1,2041.0257924,0,26,0.0,1.0,0.0,0.0,0.0,0.0,193.0,53.0,0.0
349,350,3.0,0.0,0.0,1.0,8.0,3.200308199999199,-65.5,5.0,0.26,orientation,size,color,0.3,-16.0,5,female,1,2041.0257924,0,26,0.0,1.0,0.0,0.0,0.0,0.0,194.0,54.0,0.0
350,351,3.0,6.0,6.0,1.0,8.0,2.6009790999996767,60.5,8.0,0.4600000000000001,orientation,size,color,0.3,-16.0,5,female,1,2041.0257924,0,26,0.0,1.0,0.0,0.0,0.0,0.0,195.0,55.0,0.0
351,352,3.0,5.0,5.0,1.0,8.0,1.068106400000033,74.0,14.0,0.26,orientation,size,color,0.3,-16.0,5,female,1,2041.0257924,0,26,0.0,1.0,0.0,0.0,0.0,0.0,196.0,56.0,0.0
352,353,3.0,2.0,2.0,1.0,8.0,1.4991568000004918,-52.0,9.0,0.42,orientation,size,color,0.3,-16.0,5,female,1,2041.0257924,0,26,0.0,1.0,0.0,0.0,0.0,0.0,197.0,57.0,0.0
353,354,3.0,4.0,4.0,1.0,8.0,3.7005766999991465,-2.5,2.0,0.22,orientation,size,color,0.3,-16.0,5,female,1,2041.0257924,0,26,0.0,1.0,0.0,0.0,0.0,0.0,198.0,58.0,0.0
354,355,3.0,5.0,5.0,1.0,8.0,1.2004734000001918,47.0,16.0,0.26,orientation,size,color,0.3,-16.0,5,female,1,2041.0257924,1,26,0.0,1.0,0.0,0.0,0.0,0.0,199.0,59.0,0.0
355,356,3.0,0.0,4.0,0.0,8.0,7.099605999999767,-16.0,2.0,0.1,orientation,size,color,0.3,-16.0,5,female,1,2041.0257924,0,26,0.0,1.0,1.0,0.0,0.0,0.0,200.0,60.0,0.0
356,357,3.0,4.0,4.0,1.0,8.0,1.4157436000004964,2.0,6.0,0.26,orientation,size,color,0.3,-16.0,5,female,1,2041.0257924,1,26,0.0,1.0,0.0,0.0,0.0,-1.0,201.0,61.0,0.0
357,358,3.0,2.0,2.0,1.0,8.0,1.8334477999997032,-25.0,11.0,0.3,orientation,size,color,0.3,-16.0,5,female,1,2041.0257924,0,26,0.0,1.0,0.0,0.0,0.0,1.0,202.0,62.0,0.0
358,359,3.0,3.0,3.0,1.0,8.0,1.3824430999993638,-70.0,20.0,0.3,orientation,size,color,0.3,-16.0,5,female,1,2041.0257924,0,26,0.0,1.0,0.0,0.0,0.0,0.0,203.0,63.0,0.0
359,360,3.0,3.0,3.0,1.0,8.0,1.3157013000000006,-38.5,23.0,0.3,orientation,size,color,0.3,-16.0,5,female,1,2041.0257924,0,26,0.0,1.0,0.0,0.0,0.0,0.0,204.0,64.0,0.0
360,361,3.0,7.0,7.0,1.0,8.0,2.6333668000006583,33.5,19.0,0.3,orientation,size,color,0.3,-16.0,5,female,1,2041.0257924,0,26,0.0,1.0,0.0,0.0,0.0,0.0,205.0,65.0,0.0
361,362,3.0,3.0,3.0,1.0,8.0,2.232364999999845,-20.5,21.0,0.3400000000000001,orientation,size,color,0.3,-16.0,5,female,1,2041.0257924,0,26,0.0,1.0,0.0,0.0,0.0,0.0,206.0,66.0,0.0
362,363,3.0,5.0,7.0,0.0,8.0,1.9324947000004613,51.5,24.0,0.3,orientation,size,color,0.3,-16.0,5,female,1,2041.0257924,0,26,0.0,1.0,1.0,0.0,0.0,0.0,207.0,67.0,0.0
363,364,3.0,6.0,6.0,1.0,8.0,1.1491963999997097,42.5,7.0,0.42,orientation,size,color,0.3,-16.0,5,female,1,2041.0257924,1,26,0.0,1.0,0.0,0.0,0.0,-1.0,208.0,68.0,0.0
364,365,3.0,7.0,7.0,1.0,8.0,1.1329507999998896,56.0,17.0,0.3400000000000001,orientation,size,color,0.3,-16.0,5,female,1,2041.0257924,0,26,0.0,1.0,0.0,0.0,0.0,1.0,209.0,69.0,0.0
365,366,3.0,6.0,6.0,1.0,8.0,1.616788400000587,6.5,1.0,0.38,orientation,size,color,0.3,-16.0,5,female,1,2041.0257924,0,26,0.0,1.0,0.0,0.0,0.0,0.0,210.0,70.0,0.0
366,367,3.0,1.0,1.0,1.0,8.0,1.7989698000001226,-38.5,24.0,0.14,orientation,size,color,0.3,-16.0,5,female,1,2041.0257924,0,26,0.0,1.0,0.0,0.0,0.0,0.0,211.0,71.0,0.0
367,368,3.0,3.0,3.0,1.0,8.0,1.7497267999988253,-38.5,22.0,0.4600000000000001,orientation,size,color,0.3,-16.0,5,female,1,2041.0257924,0,26,0.0,1.0,0.0,0.0,0.0,0.0,212.0,72.0,0.0
368,369,3.0,4.0,4.0,1.0,8.0,1.2167491000000157,47.0,5.0,0.22,orientation,size,color,0.3,-16.0,5,female,1,2041.0257924,0,26,0.0,1.0,0.0,0.0,0.0,0.0,213.0,73.0,0.0
369,370,3.0,2.0,2.0,1.0,8.0,2.316020700000081,-79.0,12.0,0.38,orientation,size,color,0.3,-16.0,5,female,1,2041.0257924,0,26,0.0,1.0,0.0,0.0,0.0,0.0,214.0,74.0,0.0
370,371,3.0,4.0,6.0,0.0,8.0,1.6161406000010174,87.5,4.0,0.3,orientation,size,color,0.3,-16.0,5,female,1,2041.0257924,0,26,0.0,1.0,1.0,0.0,0.0,0.0,215.0,75.0,0.0
371,372,3.0,2.0,2.0,1.0,8.0,2.5650827999998,-70.0,11.0,0.3,orientation,size,color,0.3,-16.0,5,female,1,2041.0257924,1,26,0.0,1.0,0.0,0.0,0.0,-1.0,216.0,76.0,0.0
372,373,3.0,3.0,3.0,1.0,8.0,1.1665775000001304,-34.0,22.0,0.3,orientation,size,color,0.3,-16.0,5,female,1,2041.0257924,0,26,0.0,1.0,0.0,0.0,0.0,1.0,217.0,77.0,0.0
373,374,3.0,3.0,1.0,0.0,8.0,0.8504221000002872,-20.5,13.0,0.22,orientation,size,color,0.3,-16.0,5,female,1,2041.0257924,0,26,0.0,1.0,1.0,0.0,0.0,0.0,218.0,78.0,0.0
374,375,3.0,3.0,3.0,1.0,8.0,1.1987823999988905,-20.5,22.0,0.42,orientation,size,color,0.3,-16.0,5,female,1,2041.0257924,1,26,0.0,1.0,0.0,0.0,0.0,-1.0,219.0,79.0,0.0
375,376,3.0,7.0,7.0,1.0,8.0,1.6503534000003128,87.5,13.0,0.42,orientation,size,color,0.3,-16.0,5,female,1,2041.0257924,0,26,0.0,1.0,0.0,0.0,0.0,1.0,220.0,80.0,0.0
376,377,3.0,2.0,2.0,1.0,8.0,3.417188200000965,-88.0,5.0,0.3,orientation,size,color,0.3,-16.0,5,female,1,2041.0257924,0,26,0.0,1.0,0.0,0.0,0.0,0.0,221.0,81.0,0.0
377,378,3.0,7.0,7.0,1.0,8.0,1.7170640000003914,-11.5,16.0,0.38,orientation,size,color,0.3,-16.0,5,female,1,2041.0257924,0,26,0.0,1.0,0.0,0.0,0.0,0.0,222.0,82.0,0.0
378,379,3.0,5.0,5.0,1.0,8.0,1.3510247000012896,87.5,15.0,0.1,orientation,size,color,0.3,-16.0,5,female,1,2041.0257924,0,26,0.0,1.0,0.0,0.0,0.0,0.0,223.0,83.0,0.0
379,380,3.0,6.0,6.0,1.0,8.0,1.8337601000002903,-2.5,3.0,0.3,orientation,size,color,0.3,-16.0,5,female,1,2041.0257924,0,26,0.0,1.0,0.0,0.0,0.0,0.0,224.0,84.0,0.0
380,381,3.0,0.0,0.0,1.0,8.0,1.2339647999997396,-29.5,9.0,0.14,orientation,size,color,0.3,-16.0,5,female,1,2041.0257924,0,26,0.0,1.0,0.0,0.0,0.0,0.0,225.0,85.0,0.0
381,382,3.0,3.0,7.0,0.0,8.0,5.267121700000644,-16.0,18.0,0.3,orientation,size,color,0.3,-16.0,5,female,1,2041.0257924,0,26,0.0,1.0,1.0,0.0,0.0,0.0,226.0,86.0,0.0
382,383,3.0,1.0,1.0,1.0,8.0,2.0319220000001224,-34.0,23.0,0.22,orientation,size,color,0.3,-16.0,5,female,1,2041.0257924,1,26,0.0,1.0,0.0,0.0,0.0,-1.0,227.0,87.0,0.0
383,384,3.0,4.0,4.0,1.0,8.0,0.94974799999909,60.5,10.0,0.22,orientation,size,color,0.3,-16.0,5,female,1,2041.0257924,0,26,0.0,1.0,0.0,0.0,0.0,1.0,228.0,88.0,0.0
384,385,3.0,4.0,6.0,0.0,8.0,0.7672374999983731,65.0,1.0,0.3,orientation,size,color,0.3,-16.0,5,female,1,2041.0257924,0,26,0.0,1.0,1.0,0.0,0.0,0.0,229.0,89.0,0.0
385,386,3.0,2.0,2.0,1.0,8.0,1.5164012999994156,-79.0,7.0,0.3400000000000001,orientation,size,color,0.3,-16.0,5,female,1,2041.0257924,1,26,0.0,1.0,0.0,0.0,0.0,-1.0,230.0,90.0,0.0
386,387,3.0,1.0,1.0,1.0,8.0,1.733919700000115,-79.0,17.0,0.18,orientation,size,color,0.3,-16.0,5,female,1,2041.0257924,0,26,0.0,1.0,0.0,0.0,0.0,1.0,231.0,91.0,0.0
387,388,3.0,4.0,4.0,1.0,8.0,2.198927299999923,-11.5,8.0,0.1,orientation,size,color,0.3,-16.0,5,female,1,2041.0257924,0,26,0.0,1.0,0.0,0.0,0.0,0.0,232.0,92.0,0.0
388,389,3.0,1.0,1.0,1.0,8.0,8.383623599998828,-43.0,23.0,0.22,orientation,size,color,0.3,-16.0,5,female,1,2041.0257924,0,26,0.0,1.0,0.0,0.0,0.0,0.0,233.0,93.0,0.0
389,390,3.0,0.0,0.0,1.0,8.0,1.216603099999702,-56.5,8.0,0.18,orientation,size,color,0.3,-16.0,5,female,1,2041.0257924,0,26,0.0,1.0,0.0,0.0,0.0,0.0,234.0,94.0,0.0
390,391,3.0,2.0,2.0,1.0,8.0,0.984335099999953,-43.0,4.0,0.38,orientation,size,color,0.3,-16.0,5,female,1,2041.0257924,0,26,0.0,1.0,0.0,0.0,0.0,0.0,235.0,95.0,0.0
391,392,3.0,1.0,1.0,1.0,8.0,1.3152057999996032,-38.5,14.0,0.1,orientation,size,color,0.3,-16.0,5,female,1,2041.0257924,0,26,0.0,1.0,0.0,0.0,0.0,0.0,236.0,96.0,0.0
392,393,3.0,1.0,1.0,1.0,8.0,0.8499214000003121,-25.0,23.0,0.1,orientation,size,color,0.3,-16.0,5,female,1,2041.0257924,0,26,0.0,1.0,0.0,0.0,0.0,0.0,237.0,97.0,0.0
393,394,3.0,5.0,5.0,1.0,8.0,1.9498519000007943,-2.5,19.0,0.22,orientation,size,color,0.3,-16.0,5,female,1,2041.0257924,0,26,0.0,1.0,0.0,0.0,0.0,0.0,238.0,98.0,0.0
394,395,3.0,1.0,1.0,1.0,8.0,6.683109499999773,-74.5,20.0,0.1,orientation,size,color,0.3,-16.0,5,female,1,2041.0257924,0,26,0.0,1.0,0.0,0.0,0.0,0.0,239.0,99.0,0.0
395,396,3.0,7.0,7.0,1.0,8.0,2.799060899998949,74.0,21.0,0.42,orientation,size,color,0.3,-16.0,5,female,1,2041.0257924,1,26,0.0,1.0,0.0,0.0,0.0,0.0,240.0,100.0,0.0
396,397,3.0,4.0,4.0,1.0,8.0,1.0666770999996515,87.5,7.0,0.18,orientation,size,color,0.3,-16.0,5,female,1,2041.0257924,0,26,0.0,1.0,0.0,0.0,0.0,0.0,241.0,101.0,0.0
397,398,3.0,5.0,7.0,0.0,8.0,1.333532800001194,15.5,14.0,0.3,orientation,size,color,0.3,-16.0,5,female,1,2041.0257924,0,26,0.0,1.0,1.0,0.0,0.0,0.0,242.0,102.0,0.0
398,399,3.0,5.0,5.0,1.0,8.0,2.2317490999994334,78.5,13.0,0.26,orientation,size,color,0.3,-16.0,5,female,1,2041.0257924,1,26,0.0,1.0,0.0,0.0,0.0,-1.0,243.0,103.0,0.0
399,400,3.0,2.0,2.0,1.0,8.0,2.583211699999083,-88.0,7.0,0.3,orientation,size,color,0.3,-16.0,5,female,1,2041.0257924,0,26,0.0,1.0,0.0,0.0,0.0,1.0,244.0,104.0,0.0
400,401,3.0,1.0,1.0,1.0,8.0,1.4339603999997053,-52.0,17.0,0.22,orientation,size,color,0.3,-16.0,5,female,1,2041.0257924,0,26,0.0,1.0,0.0,0.0,0.0,0.0,245.0,105.0,0.0
401,402,3.0,6.0,6.0,1.0,8.0,2.217331900001227,33.5,1.0,0.4600000000000001,orientation,size,color,0.3,-16.0,5,female,1,2041.0257924,0,26,0.0,1.0,0.0,0.0,0.0,0.0,246.0,106.0,0.0
402,403,3.0,3.0,3.0,1.0,8.0,2.916566300000341,-88.0,16.0,0.3,orientation,size,color,0.3,-16.0,5,female,1,2041.0257924,0,26,0.0,1.0,0.0,0.0,0.0,0.0,247.0,107.0,0.0
403,404,3.0,0.0,0.0,1.0,8.0,1.6508857999997415,-34.0,2.0,0.18,orientation,size,color,0.3,-16.0,5,female,1,2041.0257924,0,26,0.0,1.0,0.0,0.0,0.0,0.0,248.0,108.0,0.0
404,405,3.0,6.0,6.0,1.0,8.0,4.533375700000761,11.0,10.0,0.4600000000000001,orientation,size,color,0.3,-16.0,5,female,1,2041.0257924,0,26,0.0,1.0,0.0,0.0,0.0,0.0,249.0,109.0,0.0
405,406,3.0,5.0,5.0,1.0,8.0,1.7661203000006935,33.5,24.0,0.22,orientation,size,color,0.3,-16.0,5,female,1,2041.0257924,0,26,0.0,1.0,0.0,0.0,0.0,0.0,250.0,110.0,0.0
406,407,3.0,6.0,6.0,1.0,8.0,1.46582429999944,65.0,8.0,0.4600000000000001,orientation,size,color,0.3,-16.0,5,female,1,2041.0257924,0,26,0.0,1.0,0.0,0.0,0.0,0.0,251.0,111.0,0.0
407,408,3.0,5.0,5.0,1.0,8.0,1.015569899998809,24.5,24.0,0.18,orientation,size,color,0.3,-16.0,5,female,1,2041.0257924,0,26,0.0,1.0,0.0,0.0,0.0,0.0,252.0,112.0,0.0
408,409,2.0,1.0,1.0,1.0,4.0,2.583155899999838,-65.5,22.0,0.42,orientation,size,color,0.3,-16.0,5,female,1,2041.0257924,1,26,0.0,0.0,0.0,0.0,0.0,0.0,253.0,0.0,1.0
409,410,2.0,3.0,3.0,1.0,4.0,1.0497618000008515,60.5,20.0,0.4600000000000001,orientation,size,color,0.3,-16.0,5,female,1,2041.0257924,0,26,0.0,0.0,0.0,0.0,1.0,0.0,254.0,0.0,2.0
410,411,2.0,0.0,0.0,1.0,4.0,0.9336586999997962,-38.5,17.0,0.14,orientation,size,color,0.3,-16.0,5,female,1,2041.0257924,0,26,0.0,0.0,0.0,0.0,0.0,0.0,255.0,0.0,3.0
411,412,2.0,2.0,2.0,1.0,4.0,1.2498341999998956,15.5,13.0,0.14,orientation,size,color,0.3,-16.0,5,female,1,2041.0257924,0,26,0.0,0.0,0.0,0.0,0.0,0.0,256.0,0.0,4.0
412,413,2.0,3.0,3.0,1.0,4.0,1.0492152000006172,65.0,9.0,0.42,orientation,size,color,0.3,-16.0,5,female,1,2041.0257924,0,26,0.0,0.0,0.0,0.0,0.0,0.0,257.0,0.0,5.0
413,414,2.0,0.0,0.0,1.0,4.0,1.7501269999993383,-61.0,4.0,0.14,orientation,size,color,0.3,-16.0,5,female,1,2041.0257924,0,26,0.0,0.0,0.0,0.0,0.0,0.0,258.0,0.0,6.0
414,415,2.0,0.0,0.0,1.0,4.0,2.5336531000011746,-83.5,18.0,0.26,orientation,size,color,0.3,-16.0,5,female,1,2041.0257924,0,26,0.0,0.0,0.0,0.0,0.0,0.0,259.0,0.0,7.0
415,416,2.0,2.0,2.0,1.0,4.0,2.750686900000801,78.5,1.0,0.14,orientation,size,color,0.3,-16.0,5,female,1,2041.0257924,0,26,0.0,0.0,0.0,0.0,0.0,0.0,260.0,0.0,8.0
416,417,2.0,3.0,3.0,1.0,4.0,1.3164689000004728,65.0,22.0,0.3,orientation,size,color,0.3,-16.0,5,female,1,2041.0257924,0,26,0.0,0.0,0.0,0.0,0.0,0.0,261.0,0.0,9.0
417,418,2.0,0.0,0.0,1.0,4.0,1.2163729999992938,-79.0,4.0,0.18,orientation,size,color,0.3,-16.0,5,female,1,2041.0257924,0,26,0.0,0.0,0.0,0.0,0.0,0.0,262.0,0.0,10.0
418,419,1.0,1.0,1.0,1.0,2.0,0.7230964999998832,38.0,1.0,0.42,orientation,size,color,0.3,-16.0,5,female,1,2041.0257924,1,26,0.0,0.0,0.0,0.0,0.0,0.0,0.0,1.0,11.0
419,420,1.0,0.0,0.0,1.0,2.0,1.0003370000013092,-20.5,5.0,0.3400000000000001,orientation,size,color,0.3,-16.0,5,female,1,2041.0257924,0,26,0.0,0.0,0.0,0.0,0.0,0.0,0.0,2.0,12.0
420,421,1.0,1.0,1.0,1.0,2.0,1.0003940000005969,15.5,23.0,0.14,orientation,size,color,0.3,-16.0,5,female,1,2041.0257924,0,26,0.0,0.0,0.0,0.0,0.0,0.0,0.0,3.0,13.0
421,422,1.0,0.0,0.0,1.0,2.0,0.9002387000000454,-56.5,5.0,0.1,orientation,size,color,0.3,-16.0,5,female,1,2041.0257924,0,26,0.0,0.0,0.0,0.0,0.0,0.0,0.0,4.0,14.0
422,423,1.0,1.0,1.0,1.0,2.0,0.7835847000005742,-2.5,2.0,0.1,orientation,size,color,0.3,-16.0,5,female,1,2041.0257924,0,26,0.0,0.0,0.0,0.0,0.0,0.0,0.0,5.0,15.0
423,424,1.0,1.0,1.0,1.0,2.0,0.6173675999998522,42.5,12.0,0.4600000000000001,orientation,size,color,0.3,-16.0,5,female,1,2041.0257924,0,26,0.0,0.0,0.0,0.0,0.0,0.0,0.0,6.0,16.0
424,425,1.0,0.0,0.0,1.0,2.0,0.817554299999756,-25.0,0.0,0.26,orientation,size,color,0.3,-16.0,5,female,1,2041.0257924,0,26,0.0,0.0,0.0,0.0,0.0,0.0,0.0,7.0,17.0
425,426,1.0,1.0,1.0,1.0,2.0,0.3994211000008363,15.5,9.0,0.38,orientation,size,color,0.3,-16.0,5,female,1,2041.0257924,0,26,0.0,0.0,0.0,0.0,0.0,0.0,0.0,8.0,18.0
426,427,1.0,0.0,0.0,1.0,2.0,0.9345843000010065,-25.0,14.0,0.26,orientation,size,color,0.3,-16.0,5,female,1,2041.0257924,0,26,0.0,0.0,0.0,0.0,0.0,0.0,0.0,9.0,19.0
427,428,1.0,1.0,1.0,1.0,2.0,0.5333864999993239,78.5,19.0,0.18,orientation,size,color,0.3,-16.0,5,female,1,2041.0257924,0,26,0.0,0.0,0.0,0.0,0.0,0.0,0.0,10.0,20.0
