,Trial_number,Chosen_castle,Chosen_location,Correct_location,Accuracy,Number_of_doors,RT,Current_orientation,Current_color,Current_size,First_feature,Second_feature,Third_feature,Participant_size,Participant_orientation,Participant_number,Participant_gender,Early_exit,Training_time,Meta_trial,Participant_age,PE_1,PE_2,PE_3,LP_1,LP_2,LP_3,Nov_1,Nov_2,Nov_3
0,1,1.0,1.0,0.0,0.0,2.0,10.872893500000032,-38.5,0.0,0.14,orientation,color,size,0.22,-16.0,8,male,1,2208.7880389,1,22,0.0,0.0,0.0,0.0,0.0,0.0,0.0,99.0,99.0
1,2,1.0,1.0,1.0,1.0,2.0,6.607756999999992,47.0,10.0,0.18,orientation,color,size,0.22,-16.0,8,male,1,2208.7880389,1,22,0.0,0.0,0.0,0.0,0.0,0.0,0.0,100.0,100.0
2,3,1.0,1.0,1.0,1.0,2.0,8.550605399999995,33.5,23.0,0.38,orientation,color,size,0.22,-16.0,8,male,1,2208.7880389,0,22,0.0,0.0,0.0,0.0,0.0,0.0,0.0,101.0,101.0
3,4,1.0,1.0,1.0,1.0,2.0,1.8328378999999584,20.0,3.0,0.1,orientation,color,size,0.22,-16.0,8,male,1,2208.7880389,0,22,0.0,0.0,0.0,0.0,0.0,0.0,0.0,102.0,102.0
4,5,1.0,1.0,1.0,1.0,2.0,1.7670693000000028,11.0,5.0,0.18,orientation,color,size,0.22,-16.0,8,male,1,2208.7880389,0,22,0.0,0.0,0.0,0.0,0.0,0.0,0.0,103.0,103.0
5,6,1.0,1.0,1.0,1.0,2.0,1.017171400000052,11.0,20.0,0.22,orientation,color,size,0.22,-16.0,8,male,1,2208.7880389,0,22,0.0,0.0,0.0,0.0,0.0,0.0,0.0,104.0,104.0
6,7,1.0,0.0,0.0,1.0,2.0,3.4504852999998548,-88.0,7.0,0.14,orientation,color,size,0.22,-16.0,8,male,1,2208.7880389,0,22,0.0,0.0,0.0,0.0,0.0,0.0,0.0,105.0,105.0
7,8,1.0,0.0,0.0,1.0,2.0,1.4340770999999677,-74.5,23.0,0.3,orientation,color,size,0.22,-16.0,8,male,1,2208.7880389,0,22,0.0,0.0,0.0,0.0,0.0,0.0,0.0,106.0,106.0
8,9,1.0,1.0,1.0,1.0,2.0,1.5337490999997954,2.0,18.0,0.4600000000000001,orientation,color,size,0.22,-16.0,8,male,1,2208.7880389,0,22,0.0,0.0,0.0,0.0,0.0,0.0,0.0,107.0,107.0
9,10,1.0,0.0,0.0,1.0,2.0,1.2496172999999544,-20.5,0.0,0.26,orientation,color,size,0.22,-16.0,8,male,1,2208.7880389,0,22,0.0,0.0,0.0,0.0,0.0,0.0,0.0,108.0,108.0
10,11,1.0,0.0,0.0,1.0,2.0,1.433359399999972,-83.5,21.0,0.26,orientation,color,size,0.22,-16.0,8,male,1,2208.7880389,0,22,0.0,0.0,0.0,0.0,0.0,0.0,0.0,109.0,109.0
11,12,2.0,1.0,1.0,1.0,4.0,12.566695600000005,-56.5,13.0,0.3,orientation,color,size,0.22,-16.0,8,male,1,2208.7880389,1,22,0.0,0.0,0.0,0.0,0.0,0.0,1.0,0.0,110.0
12,13,2.0,2.0,3.0,0.0,4.0,1.1329227000001083,83.0,19.0,0.42,orientation,color,size,0.22,-16.0,8,male,1,2208.7880389,0,22,0.0,1.0,0.0,0.0,0.0,0.0,2.0,0.0,111.0
13,14,2.0,2.0,3.0,0.0,4.0,2.3166464999999334,38.0,14.0,0.26,orientation,color,size,0.22,-16.0,8,male,1,2208.7880389,1,22,0.0,1.0,0.0,0.0,-1.0,0.0,3.0,0.0,112.0
14,15,2.0,3.0,3.0,1.0,4.0,5.0646948999999495,42.5,21.0,0.3,orientation,color,size,0.22,-16.0,8,male,1,2208.7880389,1,22,0.0,0.0,0.0,0.0,0.0,0.0,4.0,0.0,113.0
15,16,2.0,0.0,0.0,1.0,4.0,4.31739709999988,-52.0,1.0,0.42,orientation,color,size,0.22,-16.0,8,male,1,2208.7880389,0,22,0.0,0.0,0.0,0.0,1.0,0.0,5.0,0.0,114.0
16,17,2.0,1.0,2.0,0.0,4.0,4.167177000000038,-16.0,3.0,0.18,orientation,color,size,0.22,-16.0,8,male,1,2208.7880389,0,22,0.0,2.0,0.0,0.0,0.0,0.0,6.0,0.0,115.0
17,18,2.0,2.0,2.0,1.0,4.0,5.998652699999866,47.0,2.0,0.42,orientation,color,size,0.22,-16.0,8,male,1,2208.7880389,1,22,0.0,0.0,0.0,0.0,-2.0,0.0,7.0,0.0,116.0
18,19,2.0,3.0,3.0,1.0,4.0,1.1830325000000812,15.5,19.0,0.3,orientation,color,size,0.22,-16.0,8,male,1,2208.7880389,0,22,0.0,0.0,0.0,0.0,2.0,0.0,8.0,0.0,117.0
19,20,2.0,1.0,1.0,1.0,4.0,2.4001252000000477,-29.5,22.0,0.22,orientation,color,size,0.22,-16.0,8,male,1,2208.7880389,0,22,0.0,0.0,0.0,0.0,0.0,0.0,9.0,0.0,118.0
20,21,2.0,1.0,1.0,1.0,4.0,1.016955000000053,-56.5,21.0,0.22,orientation,color,size,0.22,-16.0,8,male,1,2208.7880389,0,22,0.0,0.0,0.0,0.0,0.0,0.0,10.0,0.0,119.0
21,22,2.0,2.0,2.0,1.0,4.0,0.9663852000001044,69.5,1.0,0.42,orientation,color,size,0.22,-16.0,8,male,1,2208.7880389,0,22,0.0,0.0,0.0,0.0,0.0,0.0,11.0,0.0,120.0
22,23,2.0,2.0,2.0,1.0,4.0,0.8665962000000036,83.0,7.0,0.3400000000000001,orientation,color,size,0.22,-16.0,8,male,1,2208.7880389,0,22,0.0,0.0,0.0,0.0,0.0,0.0,12.0,0.0,121.0
23,24,2.0,3.0,2.0,0.0,4.0,1.117196100000001,6.5,11.0,0.18,orientation,color,size,0.22,-16.0,8,male,1,2208.7880389,0,22,0.0,1.0,0.0,0.0,0.0,0.0,13.0,0.0,122.0
24,25,2.0,3.0,2.0,0.0,4.0,3.1654833000000053,20.0,6.0,0.26,orientation,color,size,0.22,-16.0,8,male,1,2208.7880389,1,22,0.0,1.0,0.0,0.0,-1.0,0.0,14.0,0.0,123.0
25,26,2.0,2.0,3.0,0.0,4.0,5.6165805999999066,69.5,21.0,0.42,orientation,color,size,0.22,-16.0,8,male,1,2208.7880389,1,22,0.0,1.0,0.0,0.0,0.0,0.0,15.0,0.0,124.0
26,27,2.0,1.0,0.0,0.0,4.0,3.798440100000107,-88.0,6.0,0.26,orientation,color,size,0.22,-16.0,8,male,1,2208.7880389,1,22,0.0,1.0,0.0,0.0,0.0,0.0,16.0,0.0,125.0
27,28,2.0,3.0,2.0,0.0,4.0,3.3329716999999164,83.0,10.0,0.22,orientation,color,size,0.22,-16.0,8,male,1,2208.7880389,1,22,0.0,1.0,0.0,0.0,0.0,0.0,17.0,0.0,126.0
28,29,2.0,1.0,1.0,1.0,4.0,8.898368199999823,-43.0,24.0,0.42,orientation,color,size,0.22,-16.0,8,male,1,2208.7880389,1,22,0.0,0.0,0.0,0.0,0.0,0.0,18.0,0.0,127.0
29,30,2.0,3.0,3.0,1.0,4.0,1.5003249000001233,20.0,23.0,0.38,orientation,color,size,0.22,-16.0,8,male,1,2208.7880389,0,22,0.0,0.0,0.0,0.0,1.0,0.0,19.0,0.0,128.0
30,31,2.0,3.0,2.0,0.0,4.0,3.299754099999973,6.5,2.0,0.3400000000000001,orientation,color,size,0.22,-16.0,8,male,1,2208.7880389,0,22,0.0,1.0,0.0,0.0,0.0,0.0,20.0,0.0,129.0
31,32,3.0,4.0,5.0,0.0,8.0,16.449360399999932,56.0,5.0,0.38,orientation,color,size,0.22,-16.0,8,male,1,2208.7880389,1,22,0.0,1.0,1.0,0.0,0.0,0.0,21.0,1.0,0.0
32,33,3.0,4.0,7.0,0.0,8.0,1.6993285999999443,74.0,24.0,0.22,orientation,color,size,0.22,-16.0,8,male,1,2208.7880389,1,22,0.0,1.0,2.0,0.0,0.0,-1.0,22.0,2.0,0.0
33,34,3.0,2.0,7.0,0.0,8.0,19.53290599999991,24.5,23.0,0.38,orientation,color,size,0.22,-16.0,8,male,1,2208.7880389,1,22,0.0,1.0,2.0,0.0,0.0,-1.0,23.0,3.0,0.0
34,35,3.0,7.0,7.0,1.0,8.0,1.682302499999878,33.5,14.0,0.38,orientation,color,size,0.22,-16.0,8,male,1,2208.7880389,1,22,0.0,1.0,0.0,0.0,0.0,0.0,24.0,4.0,0.0
35,36,3.0,6.0,5.0,0.0,8.0,1.0492455999999493,60.5,2.0,0.38,orientation,color,size,0.22,-16.0,8,male,1,2208.7880389,0,22,0.0,1.0,2.0,0.0,0.0,2.0,25.0,5.0,0.0
36,37,3.0,0.0,0.0,1.0,8.0,2.1992780999999013,-25.0,4.0,0.14,orientation,color,size,0.22,-16.0,8,male,1,2208.7880389,1,22,0.0,1.0,0.0,0.0,0.0,-2.0,26.0,6.0,0.0
37,38,3.0,7.0,5.0,0.0,8.0,2.4170107999998436,33.5,1.0,0.22,orientation,color,size,0.22,-16.0,8,male,1,2208.7880389,0,22,0.0,1.0,1.0,0.0,0.0,2.0,27.0,7.0,0.0
38,39,3.0,7.0,7.0,1.0,8.0,2.3834249999999884,15.5,15.0,0.26,orientation,color,size,0.22,-16.0,8,male,1,2208.7880389,1,22,0.0,1.0,0.0,0.0,0.0,-1.0,28.0,8.0,0.0
39,40,3.0,2.0,3.0,0.0,8.0,7.633798900000102,-61.0,23.0,0.3400000000000001,orientation,color,size,0.22,-16.0,8,male,1,2208.7880389,0,22,0.0,1.0,1.0,0.0,0.0,1.0,29.0,9.0,0.0
40,41,3.0,4.0,5.0,0.0,8.0,2.4657720000000154,65.0,12.0,0.3,orientation,color,size,0.22,-16.0,8,male,1,2208.7880389,1,22,0.0,1.0,1.0,0.0,0.0,-1.0,30.0,10.0,0.0
41,42,3.0,3.0,0.0,0.0,8.0,5.532449600000064,-70.0,6.0,0.1,orientation,color,size,0.22,-16.0,8,male,1,2208.7880389,1,22,0.0,1.0,2.0,0.0,0.0,0.0,31.0,11.0,0.0
42,43,3.0,1.0,0.0,0.0,8.0,6.165843900000027,-34.0,8.0,0.14,orientation,color,size,0.22,-16.0,8,male,1,2208.7880389,1,22,0.0,1.0,1.0,0.0,0.0,-1.0,32.0,12.0,0.0
43,44,3.0,5.0,5.0,1.0,8.0,15.448547699999835,56.0,7.0,0.38,orientation,color,size,0.22,-16.0,8,male,1,2208.7880389,1,22,0.0,1.0,0.0,0.0,0.0,1.0,33.0,13.0,0.0
44,45,3.0,3.0,2.0,0.0,8.0,4.735335500000019,-79.0,24.0,0.18,orientation,color,size,0.22,-16.0,8,male,1,2208.7880389,0,22,0.0,1.0,1.0,0.0,0.0,1.0,34.0,14.0,0.0
45,46,3.0,4.0,7.0,0.0,8.0,1.965167199999996,87.5,17.0,0.3400000000000001,orientation,color,size,0.22,-16.0,8,male,1,2208.7880389,1,22,0.0,1.0,2.0,0.0,0.0,-1.0,35.0,15.0,0.0
46,47,1.0,0.0,1.0,0.0,2.0,2.1254675000000134,69.5,13.0,0.38,orientation,color,size,0.22,-16.0,8,male,1,2208.7880389,1,22,1.0,1.0,2.0,0.0,0.0,-1.0,0.0,16.0,1.0
47,48,1.0,0.0,1.0,0.0,2.0,0.9593373000000156,69.5,21.0,0.38,orientation,color,size,0.22,-16.0,8,male,1,2208.7880389,1,22,1.0,1.0,2.0,-1.0,0.0,-1.0,0.0,17.0,2.0
48,49,1.0,1.0,0.0,0.0,2.0,1.341458399999965,-52.0,11.0,0.42,orientation,color,size,0.22,-16.0,8,male,1,2208.7880389,1,22,1.0,1.0,2.0,0.0,0.0,-1.0,0.0,18.0,3.0
49,50,1.0,0.0,1.0,0.0,2.0,1.5925704000001133,-7.0,0.0,0.42,orientation,color,size,0.22,-16.0,8,male,1,2208.7880389,1,22,1.0,1.0,2.0,0.0,0.0,-1.0,0.0,19.0,4.0
50,51,1.0,1.0,1.0,1.0,2.0,1.859731699999884,20.0,6.0,0.42,orientation,color,size,0.22,-16.0,8,male,1,2208.7880389,1,22,0.0,1.0,2.0,0.0,0.0,-1.0,0.0,20.0,5.0
51,52,1.0,0.0,0.0,1.0,2.0,1.0338976000000455,-34.0,8.0,0.26,orientation,color,size,0.22,-16.0,8,male,1,2208.7880389,0,22,0.0,1.0,2.0,1.0,0.0,-1.0,0.0,21.0,6.0
52,53,1.0,1.0,1.0,1.0,2.0,0.5172984000000724,38.0,13.0,0.42,orientation,color,size,0.22,-16.0,8,male,1,2208.7880389,0,22,0.0,1.0,2.0,0.0,0.0,-1.0,0.0,22.0,7.0
53,54,1.0,0.0,0.0,1.0,2.0,1.0005609000002096,-83.5,9.0,0.3400000000000001,orientation,color,size,0.22,-16.0,8,male,1,2208.7880389,0,22,0.0,1.0,2.0,0.0,0.0,-1.0,0.0,23.0,8.0
54,55,1.0,0.0,0.0,1.0,2.0,3.183271500000046,-38.5,2.0,0.3400000000000001,orientation,color,size,0.22,-16.0,8,male,1,2208.7880389,0,22,0.0,1.0,2.0,0.0,0.0,-1.0,0.0,24.0,9.0
55,56,1.0,1.0,1.0,1.0,2.0,0.4995051000000785,60.5,24.0,0.22,orientation,color,size,0.22,-16.0,8,male,1,2208.7880389,0,22,0.0,1.0,2.0,0.0,0.0,-1.0,0.0,25.0,10.0
56,57,1.0,1.0,1.0,1.0,2.0,0.9007718000000297,47.0,0.0,0.14,orientation,color,size,0.22,-16.0,8,male,1,2208.7880389,0,22,0.0,1.0,2.0,0.0,0.0,-1.0,0.0,26.0,11.0
57,58,1.0,0.0,1.0,0.0,2.0,1.533397100000002,-2.5,14.0,0.1,orientation,color,size,0.22,-16.0,8,male,1,2208.7880389,0,22,1.0,1.0,2.0,0.0,0.0,-1.0,0.0,27.0,12.0
58,59,2.0,3.0,2.0,0.0,4.0,9.449992300000076,6.5,3.0,0.38,orientation,color,size,0.22,-16.0,8,male,1,2208.7880389,1,22,1.0,1.0,2.0,0.0,0.0,-1.0,1.0,0.0,13.0
59,60,2.0,0.0,1.0,0.0,4.0,8.700192100000095,-88.0,24.0,0.26,orientation,color,size,0.22,-16.0,8,male,1,2208.7880389,1,22,1.0,1.0,2.0,0.0,0.0,-1.0,2.0,0.0,14.0
60,61,2.0,3.0,2.0,0.0,4.0,3.098838500000056,24.5,3.0,0.3400000000000001,orientation,color,size,0.22,-16.0,8,male,1,2208.7880389,1,22,1.0,1.0,2.0,0.0,0.0,-1.0,3.0,0.0,15.0
61,62,2.0,1.0,0.0,0.0,4.0,1.1330069999999068,-47.5,6.0,0.14,orientation,color,size,0.22,-16.0,8,male,1,2208.7880389,1,22,1.0,1.0,2.0,0.0,0.0,-1.0,4.0,0.0,16.0
62,63,2.0,2.0,2.0,1.0,4.0,5.316182699999899,2.0,2.0,0.3,orientation,color,size,0.22,-16.0,8,male,1,2208.7880389,1,22,1.0,0.0,2.0,0.0,0.0,-1.0,5.0,0.0,17.0
63,64,2.0,0.0,1.0,0.0,4.0,11.733444699999836,-61.0,21.0,0.26,orientation,color,size,0.22,-16.0,8,male,1,2208.7880389,0,22,1.0,1.0,2.0,0.0,1.0,-1.0,6.0,0.0,18.0
64,65,2.0,0.0,2.0,0.0,4.0,2.7159079999998994,-16.0,10.0,0.26,orientation,color,size,0.22,-16.0,8,male,1,2208.7880389,1,22,1.0,1.0,2.0,0.0,-1.0,-1.0,7.0,0.0,19.0
65,66,2.0,1.0,0.0,0.0,4.0,9.11611189999985,-65.5,4.0,0.26,orientation,color,size,0.22,-16.0,8,male,1,2208.7880389,1,22,1.0,1.0,2.0,0.0,0.0,-1.0,8.0,0.0,20.0
66,67,2.0,3.0,3.0,1.0,4.0,15.849307100000033,33.5,13.0,0.26,orientation,color,size,0.22,-16.0,8,male,1,2208.7880389,1,22,1.0,0.0,2.0,0.0,0.0,-1.0,9.0,0.0,21.0
67,68,2.0,0.0,0.0,1.0,4.0,3.1166412000000037,-20.5,6.0,0.4600000000000001,orientation,color,size,0.22,-16.0,8,male,1,2208.7880389,0,22,1.0,0.0,2.0,0.0,1.0,-1.0,10.0,0.0,22.0
68,69,2.0,1.0,1.0,1.0,4.0,2.516961199999969,-70.0,24.0,0.3,orientation,color,size,0.22,-16.0,8,male,1,2208.7880389,0,22,1.0,0.0,2.0,0.0,0.0,-1.0,11.0,0.0,23.0
69,70,2.0,0.0,1.0,0.0,4.0,7.500601299999971,-38.5,22.0,0.26,orientation,color,size,0.22,-16.0,8,male,1,2208.7880389,0,22,1.0,1.0,2.0,0.0,0.0,-1.0,12.0,0.0,24.0
70,71,2.0,1.0,1.0,1.0,4.0,1.133154900000136,-83.5,16.0,0.26,orientation,color,size,0.22,-16.0,8,male,1,2208.7880389,1,22,1.0,0.0,2.0,0.0,-1.0,-1.0,13.0,0.0,25.0
71,72,2.0,0.0,0.0,1.0,4.0,2.6839810999999827,-20.5,10.0,0.42,orientation,color,size,0.22,-16.0,8,male,1,2208.7880389,0,22,1.0,0.0,2.0,0.0,1.0,-1.0,14.0,0.0,26.0
72,73,2.0,2.0,2.0,1.0,4.0,4.51766049999992,38.0,8.0,0.22,orientation,color,size,0.22,-16.0,8,male,1,2208.7880389,0,22,1.0,0.0,2.0,0.0,0.0,-1.0,15.0,0.0,27.0
73,74,2.0,2.0,2.0,1.0,4.0,0.9002765000000181,56.0,10.0,0.22,orientation,color,size,0.22,-16.0,8,male,1,2208.7880389,0,22,1.0,0.0,2.0,0.0,0.0,-1.0,16.0,0.0,28.0
74,75,2.0,2.0,3.0,0.0,4.0,1.6501408999999967,87.5,17.0,0.22,orientation,color,size,0.22,-16.0,8,male,1,2208.7880389,0,22,1.0,1.0,2.0,0.0,0.0,-1.0,17.0,0.0,29.0
75,76,2.0,3.0,3.0,1.0,4.0,3.14934849999986,33.5,20.0,0.38,orientation,color,size,0.22,-16.0,8,male,1,2208.7880389,1,22,1.0,0.0,2.0,0.0,-1.0,-1.0,18.0,0.0,30.0
76,77,2.0,3.0,1.0,0.0,4.0,4.583152700000028,-70.0,23.0,0.1,orientation,color,size,0.22,-16.0,8,male,1,2208.7880389,0,22,1.0,1.0,2.0,0.0,1.0,-1.0,19.0,0.0,31.0
77,78,2.0,2.0,2.0,1.0,4.0,2.265854900000022,42.5,7.0,0.3,orientation,color,size,0.22,-16.0,8,male,1,2208.7880389,1,22,1.0,0.0,2.0,0.0,-1.0,-1.0,20.0,0.0,32.0
78,79,2.0,3.0,3.0,1.0,4.0,2.4335541000000376,78.5,13.0,0.18,orientation,color,size,0.22,-16.0,8,male,1,2208.7880389,0,22,1.0,0.0,2.0,0.0,1.0,-1.0,21.0,0.0,33.0
79,80,2.0,3.0,2.0,0.0,4.0,1.3840741999999864,87.5,0.0,0.22,orientation,color,size,0.22,-16.0,8,male,1,2208.7880389,0,22,1.0,1.0,2.0,0.0,0.0,-1.0,22.0,0.0,34.0
80,81,2.0,0.0,3.0,0.0,4.0,3.483688000000029,-16.0,24.0,0.42,orientation,color,size,0.22,-16.0,8,male,1,2208.7880389,1,22,1.0,2.0,2.0,0.0,-1.0,-1.0,23.0,0.0,35.0
81,82,2.0,1.0,0.0,0.0,4.0,3.732147299999951,-52.0,6.0,0.18,orientation,color,size,0.22,-16.0,8,male,1,2208.7880389,1,22,1.0,1.0,2.0,0.0,-1.0,-1.0,24.0,0.0,36.0
82,83,2.0,3.0,2.0,0.0,4.0,1.7997204000000693,20.0,7.0,0.3400000000000001,orientation,color,size,0.22,-16.0,8,male,1,2208.7880389,1,22,1.0,1.0,2.0,0.0,1.0,-1.0,25.0,0.0,37.0
83,84,2.0,0.0,0.0,1.0,4.0,3.633617500000128,-29.5,1.0,0.18,orientation,color,size,0.22,-16.0,8,male,1,2208.7880389,1,22,1.0,0.0,2.0,0.0,0.0,-1.0,26.0,0.0,38.0
84,85,2.0,3.0,2.0,0.0,4.0,1.3337410999999977,11.0,7.0,0.42,orientation,color,size,0.22,-16.0,8,male,1,2208.7880389,0,22,1.0,1.0,2.0,0.0,1.0,-1.0,27.0,0.0,39.0
85,86,2.0,0.0,1.0,0.0,4.0,6.017241099999865,-65.5,23.0,0.1,orientation,color,size,0.22,-16.0,8,male,1,2208.7880389,1,22,1.0,1.0,2.0,0.0,-1.0,-1.0,28.0,0.0,40.0
86,87,2.0,2.0,2.0,1.0,4.0,1.2656832999998642,51.5,8.0,0.22,orientation,color,size,0.22,-16.0,8,male,1,2208.7880389,1,22,1.0,0.0,2.0,0.0,0.0,-1.0,29.0,0.0,41.0
87,88,2.0,1.0,1.0,1.0,4.0,1.5161229000000276,-52.0,19.0,0.18,orientation,color,size,0.22,-16.0,8,male,1,2208.7880389,0,22,1.0,0.0,2.0,0.0,1.0,-1.0,30.0,0.0,42.0
88,89,2.0,1.0,0.0,0.0,4.0,12.699234799999886,-65.5,2.0,0.42,orientation,color,size,0.22,-16.0,8,male,1,2208.7880389,0,22,1.0,1.0,2.0,0.0,0.0,-1.0,31.0,0.0,43.0
89,90,3.0,7.0,5.0,0.0,8.0,2.232377099999894,20.0,8.0,0.26,orientation,color,size,0.22,-16.0,8,male,1,2208.7880389,1,22,1.0,1.0,1.0,0.0,0.0,0.0,32.0,1.0,0.0
90,91,3.0,5.0,0.0,0.0,8.0,5.682013900000129,-83.5,8.0,0.14,orientation,color,size,0.22,-16.0,8,male,1,2208.7880389,1,22,1.0,1.0,2.0,0.0,0.0,1.0,33.0,2.0,0.0
91,92,3.0,5.0,7.0,0.0,8.0,1.331699800000024,24.5,24.0,0.22,orientation,color,size,0.22,-16.0,8,male,1,2208.7880389,1,22,1.0,1.0,1.0,0.0,0.0,-1.0,34.0,3.0,0.0
92,93,3.0,4.0,7.0,0.0,8.0,1.266893699999855,65.0,20.0,0.3400000000000001,orientation,color,size,0.22,-16.0,8,male,1,2208.7880389,1,22,1.0,1.0,2.0,0.0,0.0,1.0,35.0,4.0,0.0
93,94,3.0,2.0,5.0,0.0,8.0,1.115882100000135,78.5,4.0,0.26,orientation,color,size,0.22,-16.0,8,male,1,2208.7880389,1,22,1.0,1.0,3.0,0.0,0.0,-1.0,36.0,5.0,0.0
94,95,3.0,2.0,0.0,0.0,8.0,3.1993135999998685,-38.5,4.0,0.1,orientation,color,size,0.22,-16.0,8,male,1,2208.7880389,1,22,1.0,1.0,1.0,0.0,0.0,-1.0,37.0,6.0,0.0
95,96,3.0,4.0,3.0,0.0,8.0,0.9994066000001568,-79.0,23.0,0.42,orientation,color,size,0.22,-16.0,8,male,1,2208.7880389,1,22,1.0,1.0,3.0,0.0,0.0,2.0,38.0,7.0,0.0
96,97,3.0,4.0,4.0,1.0,8.0,14.132848400000055,69.5,12.0,0.1,orientation,color,size,0.22,-16.0,8,male,1,2208.7880389,1,22,1.0,1.0,0.0,0.0,0.0,-2.0,39.0,8.0,0.0
97,98,3.0,2.0,1.0,0.0,8.0,3.766967999999906,-38.5,1.0,0.38,orientation,color,size,0.22,-16.0,8,male,1,2208.7880389,0,22,1.0,1.0,2.0,0.0,0.0,3.0,40.0,9.0,0.0
98,99,3.0,2.0,1.0,0.0,8.0,1.5484524000000874,-70.0,6.0,0.3,orientation,color,size,0.22,-16.0,8,male,1,2208.7880389,1,22,1.0,1.0,2.0,0.0,0.0,-2.0,41.0,10.0,0.0
99,100,3.0,2.0,5.0,0.0,8.0,1.8319042000000536,74.0,0.0,0.22,orientation,color,size,0.22,-16.0,8,male,1,2208.7880389,1,22,1.0,1.0,3.0,0.0,0.0,0.0,42.0,11.0,0.0
100,101,3.0,2.0,1.0,0.0,8.0,2.831963999999971,-25.0,2.0,0.22,orientation,color,size,0.22,-16.0,8,male,1,2208.7880389,1,22,1.0,1.0,2.0,0.0,0.0,-1.0,43.0,12.0,0.0
101,102,3.0,2.0,5.0,0.0,8.0,1.4338310000000547,65.0,12.0,0.26,orientation,color,size,0.22,-16.0,8,male,1,2208.7880389,1,22,1.0,1.0,3.0,0.0,0.0,1.0,44.0,13.0,0.0
102,103,3.0,2.0,1.0,0.0,8.0,34.76661150000018,-56.5,12.0,0.42,orientation,color,size,0.22,-16.0,8,male,1,2208.7880389,1,22,1.0,1.0,2.0,0.0,0.0,-1.0,45.0,14.0,0.0
103,104,3.0,4.0,0.0,0.0,8.0,1.5496236000001318,-38.5,12.0,0.18,orientation,color,size,0.22,-16.0,8,male,1,2208.7880389,1,22,1.0,1.0,1.0,0.0,0.0,1.0,46.0,15.0,0.0
104,105,3.0,7.0,1.0,0.0,8.0,32.79956379999999,-20.5,5.0,0.42,orientation,color,size,0.22,-16.0,8,male,1,2208.7880389,1,22,1.0,1.0,2.0,0.0,0.0,1.0,47.0,16.0,0.0
105,106,1.0,0.0,1.0,0.0,2.0,1.4428067000001192,33.5,3.0,0.3400000000000001,orientation,color,size,0.22,-16.0,8,male,1,2208.7880389,1,22,1.0,1.0,2.0,0.0,0.0,1.0,0.0,17.0,1.0
106,107,1.0,1.0,1.0,1.0,2.0,1.3925599000001512,69.5,13.0,0.1,orientation,color,size,0.22,-16.0,8,male,1,2208.7880389,1,22,0.0,1.0,2.0,0.0,0.0,1.0,0.0,18.0,2.0
107,108,1.0,1.0,1.0,1.0,2.0,0.8001282000000174,51.5,15.0,0.4600000000000001,orientation,color,size,0.22,-16.0,8,male,1,2208.7880389,0,22,0.0,1.0,2.0,1.0,0.0,1.0,0.0,19.0,3.0
108,109,1.0,1.0,1.0,1.0,2.0,1.3510263999999097,78.5,10.0,0.18,orientation,color,size,0.22,-16.0,8,male,1,2208.7880389,0,22,0.0,1.0,2.0,0.0,0.0,1.0,0.0,20.0,4.0
109,110,1.0,0.0,0.0,1.0,2.0,0.5666787999998633,-47.5,21.0,0.26,orientation,color,size,0.22,-16.0,8,male,1,2208.7880389,0,22,0.0,1.0,2.0,0.0,0.0,1.0,0.0,21.0,5.0
110,111,1.0,0.0,1.0,0.0,2.0,1.966425500000014,-11.5,18.0,0.22,orientation,color,size,0.22,-16.0,8,male,1,2208.7880389,0,22,1.0,1.0,2.0,0.0,0.0,1.0,0.0,22.0,6.0
111,112,1.0,1.0,1.0,1.0,2.0,2.6549291999999696,-2.5,21.0,0.14,orientation,color,size,0.22,-16.0,8,male,1,2208.7880389,1,22,0.0,1.0,2.0,-1.0,0.0,1.0,0.0,23.0,7.0
112,113,1.0,1.0,1.0,1.0,2.0,1.0821814000000811,83.0,18.0,0.42,orientation,color,size,0.22,-16.0,8,male,1,2208.7880389,0,22,0.0,1.0,2.0,1.0,0.0,1.0,0.0,24.0,8.0
113,114,1.0,1.0,1.0,1.0,2.0,0.8834286999999676,11.0,1.0,0.42,orientation,color,size,0.22,-16.0,8,male,1,2208.7880389,0,22,0.0,1.0,2.0,0.0,0.0,1.0,0.0,25.0,9.0
114,115,1.0,1.0,1.0,1.0,2.0,0.9337834000000385,65.0,9.0,0.22,orientation,color,size,0.22,-16.0,8,male,1,2208.7880389,0,22,0.0,1.0,2.0,0.0,0.0,1.0,0.0,26.0,10.0
115,116,1.0,1.0,1.0,1.0,2.0,3.1498953000000256,-11.5,8.0,0.3400000000000001,orientation,color,size,0.22,-16.0,8,male,1,2208.7880389,0,22,0.0,1.0,2.0,0.0,0.0,1.0,0.0,27.0,11.0
116,117,1.0,0.0,0.0,1.0,2.0,1.617409700000053,-79.0,0.0,0.1,orientation,color,size,0.22,-16.0,8,male,1,2208.7880389,0,22,0.0,1.0,2.0,0.0,0.0,1.0,0.0,28.0,12.0
117,118,1.0,0.0,0.0,1.0,2.0,1.333701400000109,-56.5,17.0,0.42,orientation,color,size,0.22,-16.0,8,male,1,2208.7880389,0,22,0.0,1.0,2.0,0.0,0.0,1.0,0.0,29.0,13.0
118,119,1.0,1.0,1.0,1.0,2.0,1.449623700000075,33.5,20.0,0.26,orientation,color,size,0.22,-16.0,8,male,1,2208.7880389,0,22,0.0,1.0,2.0,0.0,0.0,1.0,0.0,30.0,14.0
119,120,1.0,0.0,0.0,1.0,2.0,0.7838423999999122,-70.0,21.0,0.42,orientation,color,size,0.22,-16.0,8,male,1,2208.7880389,0,22,0.0,1.0,2.0,0.0,0.0,1.0,0.0,31.0,15.0
120,121,1.0,1.0,1.0,1.0,2.0,1.5005226000000675,24.5,13.0,0.18,orientation,color,size,0.22,-16.0,8,male,1,2208.7880389,0,22,0.0,1.0,2.0,0.0,0.0,1.0,0.0,32.0,16.0
121,122,2.0,3.0,2.0,0.0,4.0,13.11622680000005,-16.0,6.0,0.1,orientation,color,size,0.22,-16.0,8,male,1,2208.7880389,1,22,0.0,1.0,2.0,0.0,0.0,1.0,1.0,0.0,17.0
122,123,2.0,0.0,0.0,1.0,4.0,4.531995499999994,-43.0,3.0,0.3,orientation,color,size,0.22,-16.0,8,male,1,2208.7880389,1,22,0.0,0.0,2.0,0.0,0.0,1.0,2.0,0.0,18.0
123,124,2.0,0.0,0.0,1.0,4.0,4.384033599999839,-74.5,1.0,0.3,orientation,color,size,0.22,-16.0,8,male,1,2208.7880389,0,22,0.0,0.0,2.0,0.0,1.0,1.0,3.0,0.0,19.0
124,125,2.0,3.0,3.0,1.0,4.0,3.2496459999999843,56.0,13.0,0.3,orientation,color,size,0.22,-16.0,8,male,1,2208.7880389,0,22,0.0,0.0,2.0,0.0,0.0,1.0,4.0,0.0,20.0
125,126,2.0,2.0,2.0,1.0,4.0,6.233827499999961,60.5,2.0,0.3,orientation,color,size,0.22,-16.0,8,male,1,2208.7880389,0,22,0.0,0.0,2.0,0.0,0.0,1.0,5.0,0.0,21.0
126,127,2.0,0.0,2.0,0.0,4.0,8.400831900000185,24.5,3.0,0.3,orientation,color,size,0.22,-16.0,8,male,1,2208.7880389,0,22,0.0,1.0,2.0,0.0,0.0,1.0,6.0,0.0,22.0
127,128,2.0,3.0,3.0,1.0,4.0,3.3840553,-16.0,14.0,0.18,orientation,color,size,0.22,-16.0,8,male,1,2208.7880389,1,22,0.0,0.0,2.0,0.0,-1.0,1.0,7.0,0.0,23.0
128,129,2.0,3.0,3.0,1.0,4.0,3.6169734000000062,87.5,22.0,0.22,orientation,color,size,0.22,-16.0,8,male,1,2208.7880389,0,22,0.0,0.0,2.0,0.0,1.0,1.0,8.0,0.0,24.0
129,130,2.0,2.0,2.0,1.0,4.0,2.100102400000196,83.0,5.0,0.26,orientation,color,size,0.22,-16.0,8,male,1,2208.7880389,0,22,0.0,0.0,2.0,0.0,0.0,1.0,9.0,0.0,25.0
130,131,2.0,1.0,3.0,0.0,4.0,3.3329510999999457,11.0,19.0,0.1,orientation,color,size,0.22,-16.0,8,male,1,2208.7880389,0,22,0.0,1.0,2.0,0.0,0.0,1.0,10.0,0.0,26.0
131,132,2.0,3.0,1.0,0.0,4.0,3.500021600000082,-20.5,16.0,0.26,orientation,color,size,0.22,-16.0,8,male,1,2208.7880389,1,22,0.0,1.0,2.0,0.0,-1.0,1.0,11.0,0.0,27.0
132,133,2.0,1.0,1.0,1.0,4.0,3.166170199999897,-34.0,22.0,0.26,orientation,color,size,0.22,-16.0,8,male,1,2208.7880389,1,22,0.0,0.0,2.0,0.0,0.0,1.0,12.0,0.0,28.0
133,134,2.0,0.0,0.0,1.0,4.0,1.800331199999846,-56.5,8.0,0.14,orientation,color,size,0.22,-16.0,8,male,1,2208.7880389,0,22,0.0,0.0,2.0,0.0,1.0,1.0,13.0,0.0,29.0
134,135,2.0,0.0,0.0,1.0,4.0,2.584130800000139,-70.0,11.0,0.3400000000000001,orientation,color,size,0.22,-16.0,8,male,1,2208.7880389,0,22,0.0,0.0,2.0,0.0,0.0,1.0,14.0,0.0,30.0
135,136,2.0,1.0,1.0,1.0,4.0,1.7671025999998164,-70.0,23.0,0.22,orientation,color,size,0.22,-16.0,8,male,1,2208.7880389,0,22,0.0,0.0,2.0,0.0,0.0,1.0,15.0,0.0,31.0
136,137,2.0,3.0,3.0,1.0,4.0,9.05034969999997,29.0,23.0,0.4600000000000001,orientation,color,size,0.22,-16.0,8,male,1,2208.7880389,0,22,0.0,0.0,2.0,0.0,0.0,1.0,16.0,0.0,32.0
137,138,2.0,0.0,0.0,1.0,4.0,2.682761699999901,-20.5,11.0,0.1,orientation,color,size,0.22,-16.0,8,male,1,2208.7880389,0,22,0.0,0.0,2.0,0.0,0.0,1.0,17.0,0.0,33.0
138,139,2.0,0.0,0.0,1.0,4.0,1.8658863000000565,-43.0,0.0,0.3,orientation,color,size,0.22,-16.0,8,male,1,2208.7880389,0,22,0.0,0.0,2.0,0.0,0.0,1.0,18.0,0.0,34.0
139,140,2.0,2.0,2.0,1.0,4.0,2.8171168999999736,60.5,2.0,0.18,orientation,color,size,0.22,-16.0,8,male,1,2208.7880389,0,22,0.0,0.0,2.0,0.0,0.0,1.0,19.0,0.0,35.0
140,141,2.0,1.0,1.0,1.0,4.0,1.3334182000000965,-34.0,24.0,0.3,orientation,color,size,0.22,-16.0,8,male,1,2208.7880389,0,22,0.0,0.0,2.0,0.0,0.0,1.0,20.0,0.0,36.0
141,142,2.0,3.0,3.0,1.0,4.0,6.567559299999857,-2.5,13.0,0.42,orientation,color,size,0.22,-16.0,8,male,1,2208.7880389,0,22,0.0,0.0,2.0,0.0,0.0,1.0,21.0,0.0,37.0
142,143,3.0,0.0,0.0,1.0,8.0,8.849075699999958,-38.5,10.0,0.14,orientation,color,size,0.22,-16.0,8,male,1,2208.7880389,1,22,0.0,0.0,0.0,0.0,0.0,0.0,22.0,1.0,0.0
143,144,3.0,5.0,5.0,1.0,8.0,6.50041699999997,42.5,2.0,0.3400000000000001,orientation,color,size,0.22,-16.0,8,male,1,2208.7880389,0,22,0.0,0.0,0.0,0.0,0.0,2.0,23.0,2.0,0.0
144,145,3.0,0.0,0.0,1.0,8.0,5.3165186999999605,-56.5,1.0,0.18,orientation,color,size,0.22,-16.0,8,male,1,2208.7880389,0,22,0.0,0.0,0.0,0.0,0.0,0.0,24.0,3.0,0.0
145,146,3.0,2.0,6.0,0.0,8.0,11.38349519999997,2.0,21.0,0.1,orientation,color,size,0.22,-16.0,8,male,1,2208.7880389,0,22,0.0,0.0,1.0,0.0,0.0,0.0,25.0,4.0,0.0
146,147,3.0,3.0,7.0,0.0,8.0,16.582643799999914,2.0,24.0,0.3,orientation,color,size,0.22,-16.0,8,male,1,2208.7880389,1,22,0.0,0.0,1.0,0.0,0.0,-1.0,26.0,5.0,0.0
147,148,3.0,0.0,0.0,1.0,8.0,4.51667819999966,-52.0,8.0,0.18,orientation,color,size,0.22,-16.0,8,male,1,2208.7880389,1,22,0.0,0.0,0.0,0.0,0.0,0.0,27.0,6.0,0.0
148,149,3.0,0.0,4.0,0.0,8.0,6.200597000000016,-7.0,8.0,0.18,orientation,color,size,0.22,-16.0,8,male,1,2208.7880389,0,22,0.0,0.0,1.0,0.0,0.0,1.0,28.0,7.0,0.0
149,150,3.0,1.0,1.0,1.0,8.0,16.24918919999982,-43.0,4.0,0.42,orientation,color,size,0.22,-16.0,8,male,1,2208.7880389,1,22,0.0,0.0,0.0,0.0,0.0,-1.0,29.0,8.0,0.0
150,151,3.0,5.0,5.0,1.0,8.0,5.267654799999946,51.5,11.0,0.3400000000000001,orientation,color,size,0.22,-16.0,8,male,1,2208.7880389,0,22,0.0,0.0,0.0,0.0,0.0,1.0,30.0,9.0,0.0
151,152,3.0,4.0,5.0,0.0,8.0,6.049804100000074,69.5,8.0,0.26,orientation,color,size,0.22,-16.0,8,male,1,2208.7880389,0,22,0.0,0.0,1.0,0.0,0.0,0.0,31.0,10.0,0.0
152,153,3.0,0.0,4.0,0.0,8.0,14.14976119999983,-11.5,5.0,0.14,orientation,color,size,0.22,-16.0,8,male,1,2208.7880389,1,22,0.0,0.0,1.0,0.0,0.0,-1.0,32.0,11.0,0.0
153,154,3.0,0.0,4.0,0.0,8.0,5.932477699999708,6.5,5.0,0.18,orientation,color,size,0.22,-16.0,8,male,1,2208.7880389,1,22,0.0,0.0,1.0,0.0,0.0,0.0,33.0,12.0,0.0
154,155,3.0,3.0,3.0,1.0,8.0,19.217398599999797,-52.0,22.0,0.26,orientation,color,size,0.22,-16.0,8,male,1,2208.7880389,1,22,0.0,0.0,0.0,0.0,0.0,0.0,34.0,13.0,0.0
155,156,3.0,4.0,4.0,1.0,8.0,3.9329908999998224,65.0,2.0,0.1,orientation,color,size,0.22,-16.0,8,male,1,2208.7880389,0,22,0.0,0.0,0.0,0.0,0.0,1.0,35.0,14.0,0.0
156,157,3.0,1.0,1.0,1.0,8.0,5.432783400000062,-88.0,6.0,0.3,orientation,color,size,0.22,-16.0,8,male,1,2208.7880389,0,22,0.0,0.0,0.0,0.0,0.0,0.0,36.0,15.0,0.0
157,158,3.0,5.0,5.0,1.0,8.0,5.483642099999997,65.0,7.0,0.3,orientation,color,size,0.22,-16.0,8,male,1,2208.7880389,0,22,0.0,0.0,0.0,0.0,0.0,0.0,37.0,16.0,0.0
158,159,3.0,3.0,7.0,0.0,8.0,11.767027499999584,-11.5,18.0,0.4600000000000001,orientation,color,size,0.22,-16.0,8,male,1,2208.7880389,0,22,0.0,0.0,1.0,0.0,0.0,0.0,38.0,17.0,0.0
159,160,3.0,3.0,3.0,1.0,8.0,7.799029900000278,-65.5,15.0,0.3400000000000001,orientation,color,size,0.22,-16.0,8,male,1,2208.7880389,1,22,0.0,0.0,0.0,0.0,0.0,-1.0,39.0,18.0,0.0
160,161,3.0,7.0,7.0,1.0,8.0,17.099130199999763,-7.0,21.0,0.26,orientation,color,size,0.22,-16.0,8,male,1,2208.7880389,0,22,0.0,0.0,0.0,0.0,0.0,1.0,40.0,19.0,0.0
161,162,3.0,0.0,1.0,0.0,8.0,5.350561299999754,-29.5,4.0,0.22,orientation,color,size,0.22,-16.0,8,male,1,2208.7880389,0,22,0.0,0.0,1.0,0.0,0.0,0.0,41.0,20.0,0.0
162,163,3.0,4.0,4.0,1.0,8.0,4.899871600000097,74.0,3.0,0.1,orientation,color,size,0.22,-16.0,8,male,1,2208.7880389,1,22,0.0,0.0,0.0,0.0,0.0,-1.0,42.0,21.0,0.0
163,164,3.0,1.0,5.0,0.0,8.0,17.682309899999836,-16.0,10.0,0.42,orientation,color,size,0.22,-16.0,8,male,1,2208.7880389,0,22,0.0,0.0,1.0,0.0,0.0,1.0,43.0,22.0,0.0
164,165,3.0,4.0,4.0,1.0,8.0,4.84920800000009,87.5,2.0,0.18,orientation,color,size,0.22,-16.0,8,male,1,2208.7880389,1,22,0.0,0.0,0.0,0.0,0.0,-1.0,44.0,23.0,0.0
165,166,3.0,0.0,1.0,0.0,8.0,8.433366100000057,-43.0,9.0,0.26,orientation,color,size,0.22,-16.0,8,male,1,2208.7880389,0,22,0.0,0.0,1.0,0.0,0.0,1.0,45.0,24.0,0.0
166,167,3.0,7.0,7.0,1.0,8.0,29.216327900000124,6.5,18.0,0.26,orientation,color,size,0.22,-16.0,8,male,1,2208.7880389,1,22,0.0,0.0,0.0,0.0,0.0,-1.0,46.0,25.0,0.0
167,168,3.0,3.0,7.0,0.0,8.0,8.766660799999954,-7.0,24.0,0.4600000000000001,orientation,color,size,0.22,-16.0,8,male,1,2208.7880389,0,22,0.0,0.0,1.0,0.0,0.0,1.0,47.0,26.0,0.0
168,169,3.0,6.0,6.0,1.0,8.0,27.33300559999998,15.5,20.0,0.18,orientation,color,size,0.22,-16.0,8,male,1,2208.7880389,1,22,0.0,0.0,0.0,0.0,0.0,-1.0,48.0,27.0,0.0
169,170,3.0,3.0,3.0,1.0,8.0,4.000222000000122,-88.0,13.0,0.3,orientation,color,size,0.22,-16.0,8,male,1,2208.7880389,0,22,0.0,0.0,0.0,0.0,0.0,1.0,49.0,28.0,0.0
170,171,3.0,7.0,7.0,1.0,8.0,3.9666207999998737,78.5,17.0,0.38,orientation,color,size,0.22,-16.0,8,male,1,2208.7880389,0,22,0.0,0.0,0.0,0.0,0.0,0.0,50.0,29.0,0.0
171,172,3.0,4.0,5.0,0.0,8.0,6.233625200000006,65.0,9.0,0.26,orientation,color,size,0.22,-16.0,8,male,1,2208.7880389,0,22,0.0,0.0,1.0,0.0,0.0,0.0,51.0,30.0,0.0
172,173,3.0,0.0,0.0,1.0,8.0,5.33284569999978,-65.5,12.0,0.1,orientation,color,size,0.22,-16.0,8,male,1,2208.7880389,1,22,0.0,0.0,0.0,0.0,0.0,-1.0,52.0,31.0,0.0
173,174,3.0,7.0,7.0,1.0,8.0,4.083252199999606,78.5,21.0,0.42,orientation,color,size,0.22,-16.0,8,male,1,2208.7880389,0,22,0.0,0.0,0.0,0.0,0.0,1.0,53.0,32.0,0.0
174,175,3.0,3.0,3.0,1.0,8.0,3.417034000000058,-52.0,16.0,0.4600000000000001,orientation,color,size,0.22,-16.0,8,male,1,2208.7880389,0,22,0.0,0.0,0.0,0.0,0.0,0.0,54.0,33.0,0.0
175,176,3.0,7.0,7.0,1.0,8.0,2.982628199999908,87.5,21.0,0.4600000000000001,orientation,color,size,0.22,-16.0,8,male,1,2208.7880389,0,22,0.0,0.0,0.0,0.0,0.0,0.0,55.0,34.0,0.0
176,177,3.0,1.0,1.0,1.0,8.0,3.334110299999793,-83.5,2.0,0.22,orientation,color,size,0.22,-16.0,8,male,1,2208.7880389,0,22,0.0,0.0,0.0,0.0,0.0,0.0,56.0,35.0,0.0
177,178,3.0,7.0,7.0,1.0,8.0,4.166730799999641,74.0,17.0,0.26,orientation,color,size,0.22,-16.0,8,male,1,2208.7880389,0,22,0.0,0.0,0.0,0.0,0.0,0.0,57.0,36.0,0.0
178,179,3.0,2.0,6.0,0.0,8.0,12.950119300000097,-11.5,14.0,0.18,orientation,color,size,0.22,-16.0,8,male,1,2208.7880389,0,22,0.0,0.0,1.0,0.0,0.0,0.0,58.0,37.0,0.0
179,180,3.0,2.0,2.0,1.0,8.0,7.183028299999933,-88.0,13.0,0.1,orientation,color,size,0.22,-16.0,8,male,1,2208.7880389,1,22,0.0,0.0,0.0,0.0,0.0,-1.0,59.0,38.0,0.0
180,181,3.0,4.0,4.0,1.0,8.0,4.80035719999978,56.0,9.0,0.18,orientation,color,size,0.22,-16.0,8,male,1,2208.7880389,0,22,0.0,0.0,0.0,0.0,0.0,1.0,60.0,39.0,0.0
181,182,3.0,5.0,5.0,1.0,8.0,5.316677900000286,65.0,9.0,0.3400000000000001,orientation,color,size,0.22,-16.0,8,male,1,2208.7880389,0,22,0.0,0.0,0.0,0.0,0.0,0.0,61.0,40.0,0.0
182,183,3.0,3.0,3.0,1.0,8.0,7.233238900000288,-74.5,19.0,0.4600000000000001,orientation,color,size,0.22,-16.0,8,male,1,2208.7880389,0,22,0.0,0.0,0.0,0.0,0.0,0.0,62.0,41.0,0.0
183,184,3.0,5.0,5.0,1.0,8.0,6.133731200000057,33.5,4.0,0.38,orientation,color,size,0.22,-16.0,8,male,1,2208.7880389,0,22,0.0,0.0,0.0,0.0,0.0,0.0,63.0,42.0,0.0
184,185,3.0,0.0,4.0,0.0,8.0,5.132524800000283,-16.0,3.0,0.1,orientation,color,size,0.22,-16.0,8,male,1,2208.7880389,0,22,0.0,0.0,1.0,0.0,0.0,0.0,64.0,43.0,0.0
185,186,3.0,1.0,1.0,1.0,8.0,22.215314600000056,-61.0,8.0,0.4600000000000001,orientation,color,size,0.22,-16.0,8,male,1,2208.7880389,1,22,0.0,0.0,0.0,0.0,0.0,-1.0,65.0,44.0,0.0
186,187,3.0,0.0,0.0,1.0,8.0,3.382968399999754,-79.0,2.0,0.1,orientation,color,size,0.22,-16.0,8,male,1,2208.7880389,0,22,0.0,0.0,0.0,0.0,0.0,1.0,66.0,45.0,0.0
187,188,3.0,5.0,1.0,0.0,8.0,17.59971680000035,-20.5,9.0,0.3400000000000001,orientation,color,size,0.22,-16.0,8,male,1,2208.7880389,0,22,0.0,0.0,1.0,0.0,0.0,0.0,67.0,46.0,0.0
188,189,1.0,1.0,1.0,1.0,2.0,2.1429990999999973,56.0,1.0,0.1,orientation,color,size,0.22,-16.0,8,male,1,2208.7880389,1,22,0.0,0.0,1.0,0.0,0.0,0.0,0.0,47.0,1.0
189,190,1.0,0.0,0.0,1.0,2.0,1.0501976000000468,-25.0,13.0,0.14,orientation,color,size,0.22,-16.0,8,male,1,2208.7880389,0,22,0.0,0.0,1.0,0.0,0.0,0.0,0.0,48.0,2.0
190,191,1.0,1.0,1.0,1.0,2.0,0.8838565999999446,29.0,22.0,0.1,orientation,color,size,0.22,-16.0,8,male,1,2208.7880389,0,22,0.0,0.0,1.0,0.0,0.0,0.0,0.0,49.0,3.0
191,192,1.0,1.0,1.0,1.0,2.0,1.3335354999999254,74.0,17.0,0.4600000000000001,orientation,color,size,0.22,-16.0,8,male,1,2208.7880389,0,22,0.0,0.0,1.0,0.0,0.0,0.0,0.0,50.0,4.0
192,193,1.0,0.0,0.0,1.0,2.0,0.6007061000000249,-74.5,20.0,0.42,orientation,color,size,0.22,-16.0,8,male,1,2208.7880389,0,22,0.0,0.0,1.0,0.0,0.0,0.0,0.0,51.0,5.0
193,194,1.0,1.0,1.0,1.0,2.0,0.4670374000002084,74.0,8.0,0.42,orientation,color,size,0.22,-16.0,8,male,1,2208.7880389,0,22,0.0,0.0,1.0,0.0,0.0,0.0,0.0,52.0,6.0
194,195,1.0,0.0,1.0,0.0,2.0,2.0000136999997267,2.0,13.0,0.26,orientation,color,size,0.22,-16.0,8,male,1,2208.7880389,0,22,1.0,0.0,1.0,0.0,0.0,0.0,0.0,53.0,7.0
195,196,1.0,1.0,1.0,1.0,2.0,1.1930837999998405,51.5,10.0,0.22,orientation,color,size,0.22,-16.0,8,male,1,2208.7880389,1,22,0.0,0.0,1.0,-1.0,0.0,0.0,0.0,54.0,8.0
196,197,1.0,0.0,0.0,1.0,2.0,0.9172810999998546,-83.5,12.0,0.18,orientation,color,size,0.22,-16.0,8,male,1,2208.7880389,0,22,0.0,0.0,1.0,1.0,0.0,0.0,0.0,55.0,9.0
197,198,1.0,1.0,1.0,1.0,2.0,0.5832401000002392,42.5,24.0,0.18,orientation,color,size,0.22,-16.0,8,male,1,2208.7880389,0,22,0.0,0.0,1.0,0.0,0.0,0.0,0.0,56.0,10.0
198,199,1.0,0.0,1.0,0.0,2.0,0.5670961000000716,-16.0,14.0,0.42,orientation,color,size,0.22,-16.0,8,male,1,2208.7880389,0,22,1.0,0.0,1.0,0.0,0.0,0.0,0.0,57.0,11.0
199,200,1.0,1.0,1.0,1.0,2.0,0.7766115999997965,20.0,13.0,0.3400000000000001,orientation,color,size,0.22,-16.0,8,male,1,2208.7880389,1,22,0.0,0.0,1.0,-1.0,0.0,0.0,0.0,58.0,12.0
200,201,1.0,0.0,0.0,1.0,2.0,1.1666071999998169,-88.0,23.0,0.3400000000000001,orientation,color,size,0.22,-16.0,8,male,1,2208.7880389,0,22,0.0,0.0,1.0,1.0,0.0,0.0,0.0,59.0,13.0
201,202,1.0,1.0,1.0,1.0,2.0,0.4332370999995873,29.0,4.0,0.38,orientation,color,size,0.22,-16.0,8,male,1,2208.7880389,0,22,0.0,0.0,1.0,0.0,0.0,0.0,0.0,60.0,14.0
202,203,1.0,0.0,0.0,1.0,2.0,0.5841125000001739,-88.0,22.0,0.26,orientation,color,size,0.22,-16.0,8,male,1,2208.7880389,0,22,0.0,0.0,1.0,0.0,0.0,0.0,0.0,61.0,15.0
203,204,1.0,0.0,0.0,1.0,2.0,1.0672080999997888,-43.0,20.0,0.38,orientation,color,size,0.22,-16.0,8,male,1,2208.7880389,0,22,0.0,0.0,1.0,0.0,0.0,0.0,0.0,62.0,16.0
204,205,1.0,0.0,0.0,1.0,2.0,1.2164444999998525,-70.0,21.0,0.22,orientation,color,size,0.22,-16.0,8,male,1,2208.7880389,0,22,0.0,0.0,1.0,0.0,0.0,0.0,0.0,63.0,17.0
205,206,1.0,1.0,0.0,0.0,2.0,2.167330199999924,-20.5,18.0,0.18,orientation,color,size,0.22,-16.0,8,male,1,2208.7880389,0,22,1.0,0.0,1.0,0.0,0.0,0.0,0.0,64.0,18.0
206,207,1.0,0.0,0.0,1.0,2.0,1.5778498999998192,-70.0,24.0,0.38,orientation,color,size,0.22,-16.0,8,male,1,2208.7880389,1,22,0.0,0.0,1.0,-1.0,0.0,0.0,0.0,65.0,19.0
207,208,1.0,1.0,1.0,1.0,2.0,0.6996742999999697,65.0,22.0,0.1,orientation,color,size,0.22,-16.0,8,male,1,2208.7880389,0,22,0.0,0.0,1.0,1.0,0.0,0.0,0.0,66.0,20.0
208,209,1.0,0.0,1.0,0.0,2.0,2.032519400000183,-7.0,14.0,0.38,orientation,color,size,0.22,-16.0,8,male,1,2208.7880389,0,22,1.0,0.0,1.0,0.0,0.0,0.0,0.0,67.0,21.0
209,210,1.0,0.0,0.0,1.0,2.0,5.975225199999841,-65.5,12.0,0.1,orientation,color,size,0.22,-16.0,8,male,1,2208.7880389,1,22,0.0,0.0,1.0,-1.0,0.0,0.0,0.0,68.0,22.0
210,211,1.0,0.0,1.0,0.0,2.0,24.883194099999855,-11.5,18.0,0.38,orientation,color,size,0.22,-16.0,8,male,1,2208.7880389,0,22,1.0,0.0,1.0,1.0,0.0,0.0,0.0,69.0,23.0
211,212,1.0,0.0,0.0,1.0,2.0,1.2098605999999563,-61.0,18.0,0.14,orientation,color,size,0.22,-16.0,8,male,1,2208.7880389,1,22,0.0,0.0,1.0,-1.0,0.0,0.0,0.0,70.0,24.0
212,213,1.0,1.0,1.0,1.0,2.0,1.0003852999998344,38.0,14.0,0.26,orientation,color,size,0.22,-16.0,8,male,1,2208.7880389,0,22,0.0,0.0,1.0,1.0,0.0,0.0,0.0,71.0,25.0
213,214,1.0,0.0,0.0,1.0,2.0,0.9333281000003808,-83.5,5.0,0.22,orientation,color,size,0.22,-16.0,8,male,1,2208.7880389,0,22,0.0,0.0,1.0,0.0,0.0,0.0,0.0,72.0,26.0
214,215,1.0,1.0,1.0,1.0,2.0,2.1326154999997016,-16.0,13.0,0.3,orientation,color,size,0.22,-16.0,8,male,1,2208.7880389,0,22,0.0,0.0,1.0,0.0,0.0,0.0,0.0,73.0,27.0
215,216,1.0,0.0,0.0,1.0,2.0,0.900614300000143,-56.5,7.0,0.38,orientation,color,size,0.22,-16.0,8,male,1,2208.7880389,0,22,0.0,0.0,1.0,0.0,0.0,0.0,0.0,74.0,28.0
216,217,1.0,1.0,1.0,1.0,2.0,1.4664702000000034,-11.5,20.0,0.14,orientation,color,size,0.22,-16.0,8,male,1,2208.7880389,0,22,0.0,0.0,1.0,0.0,0.0,0.0,0.0,75.0,29.0
217,218,1.0,0.0,0.0,1.0,2.0,1.6503133000001071,-83.5,20.0,0.18,orientation,color,size,0.22,-16.0,8,male,1,2208.7880389,0,22,0.0,0.0,1.0,0.0,0.0,0.0,0.0,76.0,30.0
218,219,1.0,0.0,0.0,1.0,2.0,1.4507066999999552,-70.0,24.0,0.1,orientation,color,size,0.22,-16.0,8,male,1,2208.7880389,0,22,0.0,0.0,1.0,0.0,0.0,0.0,0.0,77.0,31.0
219,220,1.0,1.0,1.0,1.0,2.0,0.767812000000049,47.0,16.0,0.4600000000000001,orientation,color,size,0.22,-16.0,8,male,1,2208.7880389,0,22,0.0,0.0,1.0,0.0,0.0,0.0,0.0,78.0,32.0
220,221,1.0,0.0,0.0,1.0,2.0,0.9999525999996876,-65.5,11.0,0.14,orientation,color,size,0.22,-16.0,8,male,1,2208.7880389,0,22,0.0,0.0,1.0,0.0,0.0,0.0,0.0,79.0,33.0
221,222,1.0,0.0,0.0,1.0,2.0,1.0765089999999873,-43.0,19.0,0.4600000000000001,orientation,color,size,0.22,-16.0,8,male,1,2208.7880389,1,22,0.0,0.0,1.0,0.0,0.0,0.0,0.0,80.0,34.0
222,223,1.0,1.0,1.0,1.0,2.0,0.8844297999999071,60.5,4.0,0.3400000000000001,orientation,color,size,0.22,-16.0,8,male,1,2208.7880389,0,22,0.0,0.0,1.0,0.0,0.0,0.0,0.0,81.0,35.0
223,224,1.0,1.0,1.0,1.0,2.0,0.9500938999999562,65.0,3.0,0.1,orientation,color,size,0.22,-16.0,8,male,1,2208.7880389,0,22,0.0,0.0,1.0,0.0,0.0,0.0,0.0,82.0,36.0
224,225,1.0,1.0,1.0,1.0,2.0,0.9003321999998661,65.0,21.0,0.26,orientation,color,size,0.22,-16.0,8,male,1,2208.7880389,0,22,0.0,0.0,1.0,0.0,0.0,0.0,0.0,83.0,37.0
225,226,1.0,0.0,0.0,1.0,2.0,0.9162496999997528,-56.5,24.0,0.14,orientation,color,size,0.22,-16.0,8,male,1,2208.7880389,0,22,0.0,0.0,1.0,0.0,0.0,0.0,0.0,84.0,38.0
226,227,1.0,0.0,1.0,0.0,2.0,2.7331107999998494,6.5,10.0,0.1,orientation,color,size,0.22,-16.0,8,male,1,2208.7880389,0,22,1.0,0.0,1.0,0.0,0.0,0.0,0.0,85.0,39.0
227,228,1.0,1.0,1.0,1.0,2.0,1.8928815999997823,87.5,2.0,0.3,orientation,color,size,0.22,-16.0,8,male,1,2208.7880389,1,22,0.0,0.0,1.0,-1.0,0.0,0.0,0.0,86.0,40.0
228,229,1.0,0.0,1.0,0.0,2.0,3.5336950999999317,2.0,19.0,0.3,orientation,color,size,0.22,-16.0,8,male,1,2208.7880389,0,22,1.0,0.0,1.0,1.0,0.0,0.0,0.0,87.0,41.0
229,230,1.0,0.0,1.0,0.0,2.0,1.4916778000001614,-16.0,21.0,0.3400000000000001,orientation,color,size,0.22,-16.0,8,male,1,2208.7880389,1,22,1.0,0.0,1.0,-1.0,0.0,0.0,0.0,88.0,42.0
230,231,1.0,1.0,1.0,1.0,2.0,1.1764617999997429,87.5,4.0,0.3400000000000001,orientation,color,size,0.22,-16.0,8,male,1,2208.7880389,1,22,0.0,0.0,1.0,0.0,0.0,0.0,0.0,89.0,43.0
231,232,1.0,0.0,0.0,1.0,2.0,0.8340001000001394,-29.5,13.0,0.3400000000000001,orientation,color,size,0.22,-16.0,8,male,1,2208.7880389,0,22,0.0,0.0,1.0,1.0,0.0,0.0,0.0,90.0,44.0
232,233,1.0,1.0,1.0,1.0,2.0,0.7988588999996864,42.5,17.0,0.14,orientation,color,size,0.22,-16.0,8,male,1,2208.7880389,0,22,0.0,0.0,1.0,0.0,0.0,0.0,0.0,91.0,45.0
233,234,1.0,0.0,0.0,1.0,2.0,0.8174770000000535,-74.5,18.0,0.38,orientation,color,size,0.22,-16.0,8,male,1,2208.7880389,0,22,0.0,0.0,1.0,0.0,0.0,0.0,0.0,92.0,46.0
234,235,1.0,1.0,1.0,1.0,2.0,5.500800900000286,-2.5,2.0,0.3,orientation,color,size,0.22,-16.0,8,male,1,2208.7880389,0,22,0.0,0.0,1.0,0.0,0.0,0.0,0.0,93.0,47.0
235,236,1.0,1.0,1.0,1.0,2.0,1.1508152999999766,20.0,13.0,0.3400000000000001,orientation,color,size,0.22,-16.0,8,male,1,2208.7880389,0,22,0.0,0.0,1.0,0.0,0.0,0.0,0.0,94.0,48.0
236,237,1.0,1.0,1.0,1.0,2.0,3.0671493999998347,-11.5,8.0,0.18,orientation,color,size,0.22,-16.0,8,male,1,2208.7880389,0,22,0.0,0.0,1.0,0.0,0.0,0.0,0.0,95.0,49.0
237,238,1.0,0.0,0.0,1.0,2.0,1.2496342999997978,-65.5,3.0,0.3400000000000001,orientation,color,size,0.22,-16.0,8,male,1,2208.7880389,0,22,0.0,0.0,1.0,0.0,0.0,0.0,0.0,96.0,50.0
238,239,1.0,1.0,1.0,1.0,2.0,0.8167510999996921,29.0,22.0,0.22,orientation,color,size,0.22,-16.0,8,male,1,2208.7880389,0,22,0.0,0.0,1.0,0.0,0.0,0.0,0.0,97.0,51.0
239,240,1.0,1.0,1.0,1.0,2.0,2.266447699999844,2.0,2.0,0.14,orientation,color,size,0.22,-16.0,8,male,1,2208.7880389,0,22,0.0,0.0,1.0,0.0,0.0,0.0,0.0,98.0,52.0
240,241,3.0,5.0,4.0,0.0,8.0,5.049209100000098,38.0,10.0,0.18,orientation,color,size,0.22,-16.0,8,male,1,2208.7880389,1,22,0.0,0.0,1.0,0.0,0.0,0.0,1.0,99.0,0.0
241,242,3.0,7.0,7.0,1.0,8.0,11.43186949999972,-16.0,15.0,0.3,orientation,color,size,0.22,-16.0,8,male,1,2208.7880389,1,22,0.0,0.0,0.0,0.0,0.0,0.0,2.0,100.0,0.0
242,243,3.0,1.0,1.0,1.0,8.0,7.183965100000023,-43.0,0.0,0.3400000000000001,orientation,color,size,0.22,-16.0,8,male,1,2208.7880389,0,22,0.0,0.0,0.0,0.0,0.0,1.0,3.0,101.0,0.0
243,244,3.0,5.0,5.0,1.0,8.0,6.916143999999804,24.5,9.0,0.3400000000000001,orientation,color,size,0.22,-16.0,8,male,1,2208.7880389,0,22,0.0,0.0,0.0,0.0,0.0,0.0,4.0,102.0,0.0
244,245,3.0,3.0,3.0,1.0,8.0,6.417041699999572,-34.0,17.0,0.38,orientation,color,size,0.22,-16.0,8,male,1,2208.7880389,0,22,0.0,0.0,0.0,0.0,0.0,0.0,5.0,103.0,0.0
245,246,3.0,2.0,2.0,1.0,8.0,4.883784600000126,-34.0,19.0,0.14,orientation,color,size,0.22,-16.0,8,male,1,2208.7880389,0,22,0.0,0.0,0.0,0.0,0.0,0.0,6.0,104.0,0.0
246,247,3.0,4.0,4.0,1.0,8.0,5.918232900000021,24.5,6.0,0.14,orientation,color,size,0.22,-16.0,8,male,1,2208.7880389,0,22,0.0,0.0,0.0,0.0,0.0,0.0,7.0,105.0,0.0
247,248,3.0,1.0,1.0,1.0,8.0,7.665713400000186,-38.5,1.0,0.38,orientation,color,size,0.22,-16.0,8,male,1,2208.7880389,0,22,0.0,0.0,0.0,0.0,0.0,0.0,8.0,106.0,0.0
248,249,3.0,7.0,7.0,1.0,8.0,21.20008980000011,-2.5,14.0,0.3,orientation,color,size,0.22,-16.0,8,male,1,2208.7880389,0,22,0.0,0.0,0.0,0.0,0.0,0.0,9.0,107.0,0.0
249,250,3.0,5.0,5.0,1.0,8.0,3.616803599999912,-2.5,4.0,0.4600000000000001,orientation,color,size,0.22,-16.0,8,male,1,2208.7880389,0,22,0.0,0.0,0.0,0.0,0.0,0.0,10.0,108.0,0.0
250,251,3.0,7.0,7.0,1.0,8.0,9.51598260000037,-7.0,24.0,0.4600000000000001,orientation,color,size,0.22,-16.0,8,male,1,2208.7880389,0,22,0.0,0.0,0.0,0.0,0.0,0.0,11.0,109.0,0.0
251,252,1.0,1.0,1.0,1.0,2.0,1.2764769000000342,29.0,21.0,0.1,orientation,color,size,0.22,-16.0,8,male,1,2208.7880389,1,22,0.0,0.0,0.0,0.0,0.0,0.0,0.0,110.0,1.0
252,253,1.0,0.0,0.0,1.0,2.0,1.0178039999996145,-29.5,2.0,0.1,orientation,color,size,0.22,-16.0,8,male,1,2208.7880389,0,22,0.0,0.0,0.0,0.0,0.0,0.0,0.0,111.0,2.0
253,254,1.0,1.0,1.0,1.0,2.0,1.3996345999998994,69.5,19.0,0.1,orientation,color,size,0.22,-16.0,8,male,1,2208.7880389,0,22,0.0,0.0,0.0,0.0,0.0,0.0,0.0,112.0,3.0
254,255,1.0,0.0,0.0,1.0,2.0,0.7668462999999974,-70.0,9.0,0.22,orientation,color,size,0.22,-16.0,8,male,1,2208.7880389,0,22,0.0,0.0,0.0,0.0,0.0,0.0,0.0,113.0,4.0
255,256,1.0,0.0,0.0,1.0,2.0,1.0497577000001002,-65.5,16.0,0.22,orientation,color,size,0.22,-16.0,8,male,1,2208.7880389,0,22,0.0,0.0,0.0,0.0,0.0,0.0,0.0,114.0,5.0
256,257,1.0,0.0,0.0,1.0,2.0,1.0171795000001111,-47.5,18.0,0.3,orientation,color,size,0.22,-16.0,8,male,1,2208.7880389,0,22,0.0,0.0,0.0,0.0,0.0,0.0,0.0,115.0,6.0
257,258,1.0,1.0,1.0,1.0,2.0,0.600115299999743,51.5,6.0,0.26,orientation,color,size,0.22,-16.0,8,male,1,2208.7880389,0,22,0.0,0.0,0.0,0.0,0.0,0.0,0.0,116.0,7.0
258,259,1.0,1.0,1.0,1.0,2.0,1.1998834999999417,51.5,22.0,0.22,orientation,color,size,0.22,-16.0,8,male,1,2208.7880389,0,22,0.0,0.0,0.0,0.0,0.0,0.0,0.0,117.0,8.0
259,260,1.0,1.0,1.0,1.0,2.0,1.600151299999652,24.5,13.0,0.18,orientation,color,size,0.22,-16.0,8,male,1,2208.7880389,0,22,0.0,0.0,0.0,0.0,0.0,0.0,0.0,118.0,9.0
260,261,1.0,1.0,1.0,1.0,2.0,1.2169008999999278,42.5,13.0,0.1,orientation,color,size,0.22,-16.0,8,male,1,2208.7880389,0,22,0.0,0.0,0.0,0.0,0.0,0.0,0.0,119.0,10.0
261,262,2.0,1.0,1.0,1.0,4.0,6.083450999999968,-47.5,15.0,0.3,orientation,color,size,0.22,-16.0,8,male,1,2208.7880389,1,22,0.0,0.0,0.0,0.0,0.0,0.0,1.0,0.0,11.0
262,263,2.0,2.0,2.0,1.0,4.0,6.81649600000037,74.0,10.0,0.14,orientation,color,size,0.22,-16.0,8,male,1,2208.7880389,0,22,0.0,0.0,0.0,0.0,0.0,0.0,2.0,0.0,12.0
263,264,2.0,1.0,1.0,1.0,4.0,3.067431399999805,-43.0,22.0,0.14,orientation,color,size,0.22,-16.0,8,male,1,2208.7880389,0,22,0.0,0.0,0.0,0.0,0.0,0.0,3.0,0.0,13.0
264,265,2.0,2.0,2.0,1.0,4.0,2.416435099999944,-7.0,12.0,0.4600000000000001,orientation,color,size,0.22,-16.0,8,male,1,2208.7880389,0,22,0.0,0.0,0.0,0.0,0.0,0.0,4.0,0.0,14.0
265,266,2.0,2.0,2.0,1.0,4.0,3.083294399999886,42.5,2.0,0.38,orientation,color,size,0.22,-16.0,8,male,1,2208.7880389,0,22,0.0,0.0,0.0,0.0,0.0,0.0,5.0,0.0,15.0
266,267,2.0,1.0,1.0,1.0,4.0,3.8165758999998616,-52.0,19.0,0.4600000000000001,orientation,color,size,0.22,-16.0,8,male,1,2208.7880389,0,22,0.0,0.0,0.0,0.0,0.0,0.0,6.0,0.0,16.0
267,268,2.0,0.0,0.0,1.0,4.0,3.4332134999999653,-65.5,5.0,0.18,orientation,color,size,0.22,-16.0,8,male,1,2208.7880389,0,22,0.0,0.0,0.0,0.0,0.0,0.0,7.0,0.0,17.0
268,269,2.0,2.0,2.0,1.0,4.0,2.7668366000002607,6.5,6.0,0.22,orientation,color,size,0.22,-16.0,8,male,1,2208.7880389,0,22,0.0,0.0,0.0,0.0,0.0,0.0,8.0,0.0,18.0
269,270,2.0,1.0,1.0,1.0,4.0,4.218426399999771,-52.0,22.0,0.26,orientation,color,size,0.22,-16.0,8,male,1,2208.7880389,0,22,0.0,0.0,0.0,0.0,0.0,0.0,9.0,0.0,19.0
270,271,2.0,0.0,0.0,1.0,4.0,4.049848400000428,-25.0,6.0,0.38,orientation,color,size,0.22,-16.0,8,male,1,2208.7880389,0,22,0.0,0.0,0.0,0.0,0.0,0.0,10.0,0.0,20.0
271,272,3.0,1.0,1.0,1.0,8.0,10.300037700000304,-83.5,9.0,0.42,orientation,color,size,0.22,-16.0,8,male,1,2208.7880389,1,22,0.0,0.0,0.0,0.0,0.0,0.0,11.0,1.0,0.0
272,273,3.0,6.0,6.0,1.0,8.0,3.983246199999939,56.0,21.0,0.14,orientation,color,size,0.22,-16.0,8,male,1,2208.7880389,0,22,0.0,0.0,0.0,0.0,0.0,0.0,12.0,2.0,0.0
273,274,3.0,5.0,5.0,1.0,8.0,5.483030599999893,47.0,10.0,0.26,orientation,color,size,0.22,-16.0,8,male,1,2208.7880389,0,22,0.0,0.0,0.0,0.0,0.0,0.0,13.0,3.0,0.0
274,275,3.0,5.0,5.0,1.0,8.0,3.816847900000084,56.0,0.0,0.38,orientation,color,size,0.22,-16.0,8,male,1,2208.7880389,0,22,0.0,0.0,0.0,0.0,0.0,0.0,14.0,4.0,0.0
275,276,3.0,2.0,3.0,0.0,8.0,5.7490342000000965,-88.0,17.0,0.22,orientation,color,size,0.22,-16.0,8,male,1,2208.7880389,0,22,0.0,0.0,1.0,0.0,0.0,0.0,15.0,5.0,0.0
276,277,1.0,1.0,1.0,1.0,2.0,5.059112399999776,38.0,8.0,0.1,orientation,color,size,0.22,-16.0,8,male,1,2208.7880389,1,22,0.0,0.0,1.0,0.0,0.0,0.0,0.0,6.0,1.0
277,278,1.0,0.0,0.0,1.0,2.0,0.7492479000002277,-20.5,14.0,0.38,orientation,color,size,0.22,-16.0,8,male,1,2208.7880389,0,22,0.0,0.0,1.0,0.0,0.0,0.0,0.0,7.0,2.0
278,279,1.0,1.0,1.0,1.0,2.0,10.900507999999718,83.0,0.0,0.38,orientation,color,size,0.22,-16.0,8,male,1,2208.7880389,0,22,0.0,0.0,1.0,0.0,0.0,0.0,0.0,8.0,3.0
279,280,1.0,0.0,1.0,0.0,2.0,1.75047880000011,20.0,16.0,0.26,orientation,color,size,0.22,-16.0,8,male,1,2208.7880389,0,22,1.0,0.0,1.0,0.0,0.0,0.0,0.0,9.0,4.0
280,281,1.0,1.0,1.0,1.0,2.0,0.9930116000000452,83.0,16.0,0.18,orientation,color,size,0.22,-16.0,8,male,1,2208.7880389,1,22,0.0,0.0,1.0,-1.0,0.0,0.0,0.0,10.0,5.0
281,282,1.0,0.0,0.0,1.0,2.0,0.75074369999993,-79.0,21.0,0.4600000000000001,orientation,color,size,0.22,-16.0,8,male,1,2208.7880389,0,22,0.0,0.0,1.0,1.0,0.0,0.0,0.0,11.0,6.0
282,283,1.0,1.0,1.0,1.0,2.0,1.45068880000008,11.0,6.0,0.3400000000000001,orientation,color,size,0.22,-16.0,8,male,1,2208.7880389,0,22,0.0,0.0,1.0,0.0,0.0,0.0,0.0,12.0,7.0
283,284,1.0,0.0,0.0,1.0,2.0,0.9004684000001362,-56.5,16.0,0.1,orientation,color,size,0.22,-16.0,8,male,1,2208.7880389,0,22,0.0,0.0,1.0,0.0,0.0,0.0,0.0,13.0,8.0
284,285,1.0,0.0,0.0,1.0,2.0,0.9841302999998334,-61.0,4.0,0.26,orientation,color,size,0.22,-16.0,8,male,1,2208.7880389,0,22,0.0,0.0,1.0,0.0,0.0,0.0,0.0,14.0,9.0
285,286,1.0,1.0,1.0,1.0,2.0,0.9830868000003647,38.0,5.0,0.3400000000000001,orientation,color,size,0.22,-16.0,8,male,1,2208.7880389,0,22,0.0,0.0,1.0,0.0,0.0,0.0,0.0,15.0,10.0
286,287,1.0,1.0,1.0,1.0,2.0,1.017517400000088,24.5,22.0,0.18,orientation,color,size,0.22,-16.0,8,male,1,2208.7880389,0,22,0.0,0.0,1.0,0.0,0.0,0.0,0.0,16.0,11.0
287,288,1.0,1.0,1.0,1.0,2.0,1.1159806000000572,78.5,16.0,0.38,orientation,color,size,0.22,-16.0,8,male,1,2208.7880389,0,22,0.0,0.0,1.0,0.0,0.0,0.0,0.0,17.0,12.0
288,289,1.0,0.0,0.0,1.0,2.0,0.8002258000001348,-74.5,13.0,0.1,orientation,color,size,0.22,-16.0,8,male,1,2208.7880389,0,22,0.0,0.0,1.0,0.0,0.0,0.0,0.0,18.0,13.0
289,290,1.0,1.0,0.0,0.0,2.0,2.0168633999996928,-20.5,8.0,0.3,orientation,color,size,0.22,-16.0,8,male,1,2208.7880389,0,22,1.0,0.0,1.0,0.0,0.0,0.0,0.0,19.0,14.0
290,291,1.0,1.0,1.0,1.0,2.0,1.159315400000196,-7.0,11.0,0.38,orientation,color,size,0.22,-16.0,8,male,1,2208.7880389,1,22,0.0,0.0,1.0,-1.0,0.0,0.0,0.0,20.0,15.0
291,292,1.0,1.0,1.0,1.0,2.0,0.9500780999997004,51.5,5.0,0.42,orientation,color,size,0.22,-16.0,8,male,1,2208.7880389,0,22,0.0,0.0,1.0,1.0,0.0,0.0,0.0,21.0,16.0
292,293,1.0,0.0,0.0,1.0,2.0,1.0671442000002571,-52.0,7.0,0.4600000000000001,orientation,color,size,0.22,-16.0,8,male,1,2208.7880389,0,22,0.0,0.0,1.0,0.0,0.0,0.0,0.0,22.0,17.0
293,294,1.0,0.0,0.0,1.0,2.0,0.9170030999998744,-56.5,15.0,0.42,orientation,color,size,0.22,-16.0,8,male,1,2208.7880389,0,22,0.0,0.0,1.0,0.0,0.0,0.0,0.0,23.0,18.0
294,295,1.0,0.0,0.0,1.0,2.0,1.4826515999998264,-34.0,1.0,0.3400000000000001,orientation,color,size,0.22,-16.0,8,male,1,2208.7880389,0,22,0.0,0.0,1.0,0.0,0.0,0.0,0.0,24.0,19.0
295,296,1.0,1.0,1.0,1.0,2.0,0.8842860999998265,-16.0,11.0,0.26,orientation,color,size,0.22,-16.0,8,male,1,2208.7880389,0,22,0.0,0.0,1.0,0.0,0.0,0.0,0.0,25.0,20.0
296,297,1.0,0.0,0.0,1.0,2.0,1.1165482999999767,-74.5,2.0,0.22,orientation,color,size,0.22,-16.0,8,male,1,2208.7880389,0,22,0.0,0.0,1.0,0.0,0.0,0.0,0.0,26.0,21.0
297,298,1.0,1.0,1.0,1.0,2.0,1.2840421000000788,-7.0,4.0,0.18,orientation,color,size,0.22,-16.0,8,male,1,2208.7880389,0,22,0.0,0.0,1.0,0.0,0.0,0.0,0.0,27.0,22.0
298,299,1.0,1.0,1.0,1.0,2.0,1.1504360999997516,56.0,8.0,0.4600000000000001,orientation,color,size,0.22,-16.0,8,male,1,2208.7880389,0,22,0.0,0.0,1.0,0.0,0.0,0.0,0.0,28.0,23.0
299,300,1.0,1.0,1.0,1.0,2.0,1.2505896000002394,11.0,15.0,0.3,orientation,color,size,0.22,-16.0,8,male,1,2208.7880389,0,22,0.0,0.0,1.0,0.0,0.0,0.0,0.0,29.0,24.0
