,Trial_number,Chosen_castle,Chosen_location,Correct_location,Accuracy,Number_of_doors,RT,Current_orientation,Current_color,Current_size,First_feature,Second_feature,Third_feature,Participant_size,Participant_orientation,Participant_number,Participant_gender,Early_exit,Training_time,Meta_trial,Participant_age,PE_1,PE_2,PE_3,LP_1,LP_2,LP_3,Nov_1,Nov_2,Nov_3
0,1,3.0,3.0,2.0,0.0,8.0,3.6088055999999824,-70.0,22.0,0.26,size,color,orientation,0.3,11.0,19,female,0,2706.6599567000003,1,18,0.0,0.0,0.0,0.0,0.0,0.0,99.0,99.0,0.0
1,2,3.0,5.0,4.0,0.0,8.0,5.4835325999999895,-20.5,11.0,0.3400000000000001,size,color,orientation,0.3,11.0,19,female,0,2706.6599567000003,1,18,0.0,0.0,1.0,0.0,0.0,0.0,100.0,100.0,0.0
2,3,2.0,2.0,0.0,0.0,4.0,3.133201799999995,-34.0,4.0,0.14,size,color,orientation,0.3,11.0,19,female,0,2706.6599567000003,1,18,0.0,1.0,1.0,0.0,0.0,0.0,101.0,0.0,1.0
3,4,1.0,0.0,1.0,0.0,2.0,2.7098826000000145,-29.5,13.0,0.3,size,color,orientation,0.3,11.0,19,female,0,2706.6599567000003,1,18,1.0,1.0,1.0,0.0,0.0,0.0,0.0,1.0,2.0
4,5,3.0,4.0,3.0,0.0,8.0,5.032113200000026,47.0,24.0,0.14,size,color,orientation,0.3,11.0,19,female,0,2706.6599567000003,1,18,1.0,1.0,3.0,0.0,0.0,0.0,1.0,2.0,0.0
5,6,2.0,1.0,1.0,1.0,4.0,12.71548489999998,60.5,18.0,0.1,size,color,orientation,0.3,11.0,19,female,0,2706.6599567000003,1,18,1.0,0.0,3.0,0.0,0.0,0.0,2.0,0.0,1.0
6,7,2.0,3.0,0.0,0.0,4.0,11.916122599999994,11.0,5.0,0.26,size,color,orientation,0.3,11.0,19,female,0,2706.6599567000003,0,18,1.0,2.0,3.0,0.0,1.0,0.0,3.0,0.0,2.0
7,8,1.0,0.0,1.0,0.0,2.0,5.760714600000028,-88.0,0.0,0.42,size,color,orientation,0.3,11.0,19,female,0,2706.6599567000003,1,18,1.0,2.0,3.0,0.0,1.0,0.0,0.0,1.0,3.0
8,9,3.0,3.0,3.0,1.0,8.0,8.966634199999987,24.5,14.0,0.26,size,color,orientation,0.3,11.0,19,female,0,2706.6599567000003,1,18,1.0,2.0,0.0,0.0,1.0,0.0,1.0,2.0,0.0
9,10,3.0,4.0,2.0,0.0,8.0,3.100106500000038,-29.5,22.0,0.14,size,color,orientation,0.3,11.0,19,female,0,2706.6599567000003,0,18,1.0,2.0,2.0,0.0,1.0,3.0,2.0,3.0,0.0
10,11,2.0,2.0,0.0,0.0,4.0,13.917385600000046,-56.5,2.0,0.14,size,color,orientation,0.3,11.0,19,female,0,2706.6599567000003,1,18,1.0,1.0,2.0,0.0,0.0,3.0,3.0,0.0,1.0
11,12,3.0,6.0,3.0,0.0,8.0,4.000307200000009,11.0,17.0,0.26,size,color,orientation,0.3,11.0,19,female,0,2706.6599567000003,1,18,1.0,1.0,2.0,0.0,0.0,0.0,4.0,1.0,0.0
12,13,2.0,1.0,2.0,0.0,4.0,2.9001782000000276,-74.5,0.0,0.42,size,color,orientation,0.3,11.0,19,female,0,2706.6599567000003,1,18,1.0,2.0,2.0,0.0,0.0,0.0,5.0,0.0,1.0
13,14,1.0,1.0,0.0,0.0,2.0,2.910824899999966,29.0,8.0,0.22,size,color,orientation,0.3,11.0,19,female,0,2706.6599567000003,1,18,1.0,2.0,2.0,0.0,0.0,0.0,0.0,1.0,2.0
14,15,3.0,2.0,0.0,0.0,8.0,7.066875999999979,-56.5,10.0,0.26,size,color,orientation,0.3,11.0,19,female,0,2706.6599567000003,1,18,1.0,2.0,1.0,0.0,0.0,0.0,1.0,2.0,0.0
15,16,3.0,7.0,2.0,0.0,8.0,5.766333900000063,-83.5,14.0,0.18,size,color,orientation,0.3,11.0,19,female,0,2706.6599567000003,1,18,1.0,2.0,2.0,0.0,0.0,1.0,2.0,3.0,0.0
16,17,3.0,6.0,5.0,0.0,8.0,5.650517299999933,51.5,6.0,0.3,size,color,orientation,0.3,11.0,19,female,0,2706.6599567000003,1,18,1.0,2.0,2.0,0.0,0.0,-1.0,3.0,4.0,0.0
17,18,3.0,5.0,1.0,0.0,8.0,1.382508600000051,56.0,3.0,0.26,size,color,orientation,0.3,11.0,19,female,0,2706.6599567000003,1,18,1.0,2.0,1.0,0.0,0.0,0.0,4.0,5.0,0.0
18,19,3.0,3.0,0.0,0.0,8.0,2.9657225999999355,-79.0,1.0,0.18,size,color,orientation,0.3,11.0,19,female,0,2706.6599567000003,1,18,1.0,2.0,2.0,0.0,0.0,1.0,5.0,6.0,0.0
19,20,3.0,7.0,4.0,0.0,8.0,3.649087399999985,-29.5,11.0,0.38,size,color,orientation,0.3,11.0,19,female,0,2706.6599567000003,1,18,1.0,2.0,2.0,0.0,0.0,-1.0,6.0,7.0,0.0
20,21,3.0,5.0,7.0,0.0,8.0,4.03188160000002,47.0,19.0,0.3,size,color,orientation,0.3,11.0,19,female,0,2706.6599567000003,1,18,1.0,2.0,1.0,0.0,0.0,0.0,7.0,8.0,0.0
21,22,3.0,3.0,5.0,0.0,8.0,1.582384300000058,38.0,12.0,0.42,size,color,orientation,0.3,11.0,19,female,0,2706.6599567000003,1,18,1.0,2.0,2.0,0.0,0.0,1.0,8.0,9.0,0.0
22,23,1.0,0.0,0.0,1.0,2.0,2.4291182000000617,65.0,7.0,0.26,size,color,orientation,0.3,11.0,19,female,0,2706.6599567000003,1,18,0.0,2.0,2.0,0.0,0.0,1.0,0.0,10.0,1.0
23,24,1.0,1.0,1.0,1.0,2.0,4.1173,-83.5,19.0,0.42,size,color,orientation,0.3,11.0,19,female,0,2706.6599567000003,0,18,0.0,2.0,2.0,1.0,0.0,1.0,0.0,11.0,2.0
24,25,1.0,0.0,1.0,0.0,2.0,1.9495805999999904,-11.5,14.0,0.42,size,color,orientation,0.3,11.0,19,female,0,2706.6599567000003,0,18,1.0,2.0,2.0,0.0,0.0,1.0,0.0,12.0,3.0
25,26,3.0,3.0,5.0,0.0,8.0,3.7323917999999594,29.0,3.0,0.42,size,color,orientation,0.3,11.0,19,female,0,2706.6599567000003,1,18,1.0,2.0,2.0,0.0,0.0,0.0,1.0,13.0,0.0
26,27,1.0,1.0,0.0,0.0,2.0,3.544443000000001,38.0,11.0,0.14,size,color,orientation,0.3,11.0,19,female,0,2706.6599567000003,1,18,1.0,2.0,2.0,0.0,0.0,0.0,0.0,14.0,1.0
27,28,1.0,1.0,1.0,1.0,2.0,1.5114237999999889,60.5,12.0,0.4600000000000001,size,color,orientation,0.3,11.0,19,female,0,2706.6599567000003,1,18,0.0,2.0,2.0,0.0,0.0,0.0,0.0,15.0,2.0
28,29,1.0,0.0,0.0,1.0,2.0,1.8167134999999917,56.0,2.0,0.14,size,color,orientation,0.3,11.0,19,female,0,2706.6599567000003,0,18,0.0,2.0,2.0,1.0,0.0,0.0,0.0,16.0,3.0
29,30,1.0,1.0,0.0,0.0,2.0,1.3837638999999626,-20.5,20.0,0.14,size,color,orientation,0.3,11.0,19,female,0,2706.6599567000003,0,18,1.0,2.0,2.0,0.0,0.0,0.0,0.0,17.0,4.0
30,31,1.0,1.0,0.0,0.0,2.0,1.5119257999999718,38.0,11.0,0.14,size,color,orientation,0.3,11.0,19,female,0,2706.6599567000003,1,18,1.0,2.0,2.0,-1.0,0.0,0.0,0.0,18.0,5.0
31,32,1.0,1.0,0.0,0.0,2.0,1.1117768999999953,-61.0,17.0,0.22,size,color,orientation,0.3,11.0,19,female,0,2706.6599567000003,1,18,1.0,2.0,2.0,0.0,0.0,0.0,0.0,19.0,6.0
32,33,1.0,0.0,0.0,1.0,2.0,1.02835570000002,-38.5,3.0,0.26,size,color,orientation,0.3,11.0,19,female,0,2706.6599567000003,1,18,0.0,2.0,2.0,0.0,0.0,0.0,0.0,20.0,7.0
33,34,1.0,1.0,1.0,1.0,2.0,2.216866099999947,42.5,3.0,0.4600000000000001,size,color,orientation,0.3,11.0,19,female,0,2706.6599567000003,0,18,0.0,2.0,2.0,1.0,0.0,0.0,0.0,21.0,8.0
34,35,1.0,1.0,1.0,1.0,2.0,1.0833816000000525,47.0,5.0,0.3,size,color,orientation,0.3,11.0,19,female,0,2706.6599567000003,0,18,0.0,2.0,2.0,0.0,0.0,0.0,0.0,22.0,9.0
35,36,1.0,1.0,0.0,0.0,2.0,0.9331141999999772,-29.5,3.0,0.18,size,color,orientation,0.3,11.0,19,female,0,2706.6599567000003,0,18,1.0,2.0,2.0,0.0,0.0,0.0,0.0,23.0,10.0
36,37,1.0,0.0,0.0,1.0,2.0,1.0782290999999304,-34.0,14.0,0.14,size,color,orientation,0.3,11.0,19,female,0,2706.6599567000003,1,18,0.0,2.0,2.0,-1.0,0.0,0.0,0.0,24.0,11.0
37,38,1.0,1.0,0.0,0.0,2.0,3.700920800000062,74.0,22.0,0.1,size,color,orientation,0.3,11.0,19,female,0,2706.6599567000003,0,18,1.0,2.0,2.0,1.0,0.0,0.0,0.0,25.0,12.0
38,39,1.0,1.0,1.0,1.0,2.0,1.6271659999999883,65.0,6.0,0.3400000000000001,size,color,orientation,0.3,11.0,19,female,0,2706.6599567000003,1,18,0.0,2.0,2.0,-1.0,0.0,0.0,0.0,26.0,13.0
39,40,1.0,1.0,1.0,1.0,2.0,1.9513971000000083,15.5,15.0,0.3,size,color,orientation,0.3,11.0,19,female,0,2706.6599567000003,0,18,0.0,2.0,2.0,1.0,0.0,0.0,0.0,27.0,14.0
40,41,1.0,0.0,1.0,0.0,2.0,1.3996048999999855,-38.5,18.0,0.3,size,color,orientation,0.3,11.0,19,female,0,2706.6599567000003,0,18,1.0,2.0,2.0,0.0,0.0,0.0,0.0,28.0,15.0
41,42,1.0,0.0,0.0,1.0,2.0,1.1286532000000309,-20.5,5.0,0.22,size,color,orientation,0.3,11.0,19,female,0,2706.6599567000003,1,18,0.0,2.0,2.0,-1.0,0.0,0.0,0.0,29.0,16.0
42,43,1.0,1.0,0.0,0.0,2.0,1.3170632000000069,33.5,20.0,0.14,size,color,orientation,0.3,11.0,19,female,0,2706.6599567000003,0,18,1.0,2.0,2.0,1.0,0.0,0.0,0.0,30.0,17.0
43,44,1.0,0.0,1.0,0.0,2.0,1.4442648000000418,-43.0,19.0,0.38,size,color,orientation,0.3,11.0,19,female,0,2706.6599567000003,1,18,1.0,2.0,2.0,-1.0,0.0,0.0,0.0,31.0,18.0
44,45,2.0,2.0,2.0,1.0,4.0,1.4820633000000498,74.0,3.0,0.42,size,color,orientation,0.3,11.0,19,female,0,2706.6599567000003,1,18,1.0,0.0,2.0,-1.0,0.0,0.0,1.0,0.0,19.0
45,46,2.0,1.0,2.0,0.0,4.0,1.6671155000000226,-83.5,3.0,0.3,size,color,orientation,0.3,11.0,19,female,0,2706.6599567000003,0,18,1.0,2.0,2.0,-1.0,2.0,0.0,2.0,0.0,20.0
46,47,2.0,3.0,1.0,0.0,4.0,1.517186000000038,78.5,13.0,0.18,size,color,orientation,0.3,11.0,19,female,0,2706.6599567000003,1,18,1.0,1.0,2.0,-1.0,-2.0,0.0,3.0,0.0,21.0
47,48,2.0,0.0,3.0,0.0,4.0,1.0493983999999728,-83.5,18.0,0.38,size,color,orientation,0.3,11.0,19,female,0,2706.6599567000003,1,18,1.0,2.0,2.0,-1.0,1.0,0.0,4.0,0.0,22.0
48,49,2.0,0.0,0.0,1.0,4.0,0.9835041000000048,-83.5,11.0,0.14,size,color,orientation,0.3,11.0,19,female,0,2706.6599567000003,1,18,1.0,0.0,2.0,-1.0,-1.0,0.0,5.0,0.0,23.0
49,50,2.0,1.0,3.0,0.0,4.0,2.600461800000062,15.5,23.0,0.38,size,color,orientation,0.3,11.0,19,female,0,2706.6599567000003,0,18,1.0,1.0,2.0,-1.0,2.0,0.0,6.0,0.0,24.0
50,51,2.0,2.0,2.0,1.0,4.0,0.9493519999999762,78.5,5.0,0.3,size,color,orientation,0.3,11.0,19,female,0,2706.6599567000003,1,18,1.0,0.0,2.0,-1.0,-1.0,0.0,7.0,0.0,25.0
51,52,2.0,0.0,0.0,1.0,4.0,1.4329803000000538,-88.0,5.0,0.14,size,color,orientation,0.3,11.0,19,female,0,2706.6599567000003,0,18,1.0,0.0,2.0,-1.0,1.0,0.0,8.0,0.0,26.0
52,53,2.0,1.0,0.0,0.0,4.0,1.1498235999999906,-88.0,7.0,0.26,size,color,orientation,0.3,11.0,19,female,0,2706.6599567000003,0,18,1.0,1.0,2.0,-1.0,0.0,0.0,9.0,0.0,27.0
53,54,2.0,3.0,3.0,1.0,4.0,1.6487763000000086,-38.5,21.0,0.3400000000000001,size,color,orientation,0.3,11.0,19,female,0,2706.6599567000003,1,18,1.0,0.0,2.0,-1.0,-1.0,0.0,10.0,0.0,28.0
54,55,2.0,2.0,2.0,1.0,4.0,1.21633769999994,83.0,9.0,0.3,size,color,orientation,0.3,11.0,19,female,0,2706.6599567000003,0,18,1.0,0.0,2.0,-1.0,1.0,0.0,11.0,0.0,29.0
55,56,2.0,2.0,2.0,1.0,4.0,1.983157899999924,74.0,8.0,0.38,size,color,orientation,0.3,11.0,19,female,0,2706.6599567000003,0,18,1.0,0.0,2.0,-1.0,0.0,0.0,12.0,0.0,30.0
56,57,2.0,2.0,0.0,0.0,4.0,1.1178595000000089,87.5,3.0,0.26,size,color,orientation,0.3,11.0,19,female,0,2706.6599567000003,0,18,1.0,1.0,2.0,-1.0,0.0,0.0,13.0,0.0,31.0
57,58,2.0,2.0,2.0,1.0,4.0,2.349475499999926,51.5,2.0,0.42,size,color,orientation,0.3,11.0,19,female,0,2706.6599567000003,1,18,1.0,0.0,2.0,-1.0,-1.0,0.0,14.0,0.0,32.0
58,59,2.0,1.0,1.0,1.0,4.0,2.2333430999999564,11.0,20.0,0.14,size,color,orientation,0.3,11.0,19,female,0,2706.6599567000003,0,18,1.0,0.0,2.0,-1.0,1.0,0.0,15.0,0.0,33.0
59,60,2.0,1.0,1.0,1.0,4.0,1.4170415999999475,24.5,22.0,0.18,size,color,orientation,0.3,11.0,19,female,0,2706.6599567000003,0,18,1.0,0.0,2.0,-1.0,0.0,0.0,16.0,0.0,34.0
60,61,2.0,0.0,3.0,0.0,4.0,1.666685799999982,38.0,16.0,0.4600000000000001,size,color,orientation,0.3,11.0,19,female,0,2706.6599567000003,0,18,1.0,2.0,2.0,-1.0,0.0,0.0,17.0,0.0,35.0
61,62,1.0,0.0,1.0,0.0,2.0,1.1784154000000626,42.5,17.0,0.42,size,color,orientation,0.3,11.0,19,female,0,2706.6599567000003,1,18,1.0,2.0,2.0,0.0,0.0,0.0,0.0,1.0,36.0
62,63,1.0,1.0,1.0,1.0,2.0,1.5111746999999696,69.5,10.0,0.38,size,color,orientation,0.3,11.0,19,female,0,2706.6599567000003,1,18,0.0,2.0,2.0,0.0,0.0,0.0,0.0,2.0,37.0
63,64,1.0,1.0,0.0,0.0,2.0,1.1010983999999553,60.5,6.0,0.22,size,color,orientation,0.3,11.0,19,female,0,2706.6599567000003,0,18,1.0,2.0,2.0,1.0,0.0,0.0,0.0,3.0,38.0
64,65,1.0,1.0,0.0,0.0,2.0,1.8940896000000291,83.0,21.0,0.1,size,color,orientation,0.3,11.0,19,female,0,2706.6599567000003,1,18,1.0,2.0,2.0,-1.0,0.0,0.0,0.0,4.0,39.0
65,66,1.0,0.0,1.0,0.0,2.0,1.6292392999999947,2.0,19.0,0.3400000000000001,size,color,orientation,0.3,11.0,19,female,0,2706.6599567000003,1,18,1.0,2.0,2.0,0.0,0.0,0.0,0.0,5.0,40.0
66,67,3.0,7.0,7.0,1.0,8.0,3.132487200000014,38.0,21.0,0.4600000000000001,size,color,orientation,0.3,11.0,19,female,0,2706.6599567000003,1,18,1.0,2.0,0.0,0.0,0.0,0.0,1.0,6.0,0.0
67,68,3.0,6.0,6.0,1.0,8.0,1.4337868999999728,-47.5,16.0,0.4600000000000001,size,color,orientation,0.3,11.0,19,female,0,2706.6599567000003,0,18,1.0,2.0,0.0,0.0,0.0,2.0,2.0,7.0,0.0
68,69,3.0,5.0,3.0,0.0,8.0,1.3998391000000083,24.5,18.0,0.22,size,color,orientation,0.3,11.0,19,female,0,2706.6599567000003,0,18,1.0,2.0,2.0,0.0,0.0,0.0,3.0,8.0,0.0
69,70,1.0,0.0,1.0,0.0,2.0,1.3604209000000085,42.5,4.0,0.3400000000000001,size,color,orientation,0.3,11.0,19,female,0,2706.6599567000003,1,18,1.0,2.0,2.0,0.0,0.0,0.0,0.0,9.0,1.0
70,71,1.0,0.0,0.0,1.0,2.0,3.2789467999999715,38.0,19.0,0.14,size,color,orientation,0.3,11.0,19,female,0,2706.6599567000003,1,18,0.0,2.0,2.0,0.0,0.0,0.0,0.0,10.0,2.0
71,72,1.0,0.0,0.0,1.0,2.0,1.0335698000000093,38.0,14.0,0.1,size,color,orientation,0.3,11.0,19,female,0,2706.6599567000003,0,18,0.0,2.0,2.0,1.0,0.0,0.0,0.0,11.0,3.0
72,73,1.0,1.0,1.0,1.0,2.0,1.183783999999946,-43.0,11.0,0.4600000000000001,size,color,orientation,0.3,11.0,19,female,0,2706.6599567000003,0,18,0.0,2.0,2.0,0.0,0.0,0.0,0.0,12.0,4.0
73,74,1.0,1.0,1.0,1.0,2.0,0.7848887999999761,6.5,19.0,0.42,size,color,orientation,0.3,11.0,19,female,0,2706.6599567000003,0,18,0.0,2.0,2.0,0.0,0.0,0.0,0.0,13.0,5.0
74,75,1.0,1.0,1.0,1.0,2.0,0.7167094000000134,-52.0,9.0,0.38,size,color,orientation,0.3,11.0,19,female,0,2706.6599567000003,0,18,0.0,2.0,2.0,0.0,0.0,0.0,0.0,14.0,6.0
75,76,1.0,0.0,0.0,1.0,2.0,1.149956599999996,2.0,7.0,0.22,size,color,orientation,0.3,11.0,19,female,0,2706.6599567000003,0,18,0.0,2.0,2.0,0.0,0.0,0.0,0.0,15.0,7.0
76,77,1.0,1.0,1.0,1.0,2.0,1.2332042000000456,-88.0,21.0,0.4600000000000001,size,color,orientation,0.3,11.0,19,female,0,2706.6599567000003,0,18,0.0,2.0,2.0,0.0,0.0,0.0,0.0,16.0,8.0
77,78,1.0,1.0,1.0,1.0,2.0,0.949886099999958,-25.0,12.0,0.38,size,color,orientation,0.3,11.0,19,female,0,2706.6599567000003,0,18,0.0,2.0,2.0,0.0,0.0,0.0,0.0,17.0,9.0
78,79,1.0,1.0,1.0,1.0,2.0,0.883687200000054,-61.0,4.0,0.42,size,color,orientation,0.3,11.0,19,female,0,2706.6599567000003,0,18,0.0,2.0,2.0,0.0,0.0,0.0,0.0,18.0,10.0
79,80,1.0,0.0,0.0,1.0,2.0,1.2502537000000302,-34.0,16.0,0.26,size,color,orientation,0.3,11.0,19,female,0,2706.6599567000003,0,18,0.0,2.0,2.0,0.0,0.0,0.0,0.0,19.0,11.0
80,81,2.0,0.0,0.0,1.0,4.0,4.284228999999982,-11.5,9.0,0.22,size,color,orientation,0.3,11.0,19,female,0,2706.6599567000003,1,18,0.0,0.0,2.0,0.0,0.0,0.0,1.0,0.0,12.0
81,82,2.0,0.0,2.0,0.0,4.0,1.1160865000000513,2.0,11.0,0.38,size,color,orientation,0.3,11.0,19,female,0,2706.6599567000003,0,18,0.0,1.0,2.0,0.0,2.0,0.0,2.0,0.0,13.0
82,83,1.0,0.0,0.0,1.0,2.0,2.5269949999999426,60.5,22.0,0.1,size,color,orientation,0.3,11.0,19,female,0,2706.6599567000003,1,18,0.0,1.0,2.0,0.0,2.0,0.0,0.0,1.0,14.0
83,84,1.0,1.0,1.0,1.0,2.0,1.2177510999999868,78.5,8.0,0.38,size,color,orientation,0.3,11.0,19,female,0,2706.6599567000003,0,18,0.0,1.0,2.0,0.0,2.0,0.0,0.0,2.0,15.0
84,85,1.0,0.0,0.0,1.0,2.0,1.1504506999999649,47.0,2.0,0.22,size,color,orientation,0.3,11.0,19,female,0,2706.6599567000003,0,18,0.0,1.0,2.0,0.0,2.0,0.0,0.0,3.0,16.0
85,86,1.0,0.0,0.0,1.0,2.0,1.0346743999999717,65.0,15.0,0.26,size,color,orientation,0.3,11.0,19,female,0,2706.6599567000003,0,18,0.0,1.0,2.0,0.0,2.0,0.0,0.0,4.0,17.0
86,87,1.0,0.0,0.0,1.0,2.0,0.6177145000000337,-16.0,21.0,0.14,size,color,orientation,0.3,11.0,19,female,0,2706.6599567000003,0,18,0.0,1.0,2.0,0.0,2.0,0.0,0.0,5.0,18.0
87,88,1.0,1.0,1.0,1.0,2.0,1.183948399999963,29.0,7.0,0.3,size,color,orientation,0.3,11.0,19,female,0,2706.6599567000003,0,18,0.0,1.0,2.0,0.0,2.0,0.0,0.0,6.0,19.0
88,89,1.0,1.0,0.0,0.0,2.0,1.5828361000000086,87.5,8.0,0.18,size,color,orientation,0.3,11.0,19,female,0,2706.6599567000003,0,18,1.0,1.0,2.0,0.0,2.0,0.0,0.0,7.0,20.0
89,90,1.0,1.0,0.0,0.0,2.0,1.2620620000000145,-70.0,11.0,0.18,size,color,orientation,0.3,11.0,19,female,0,2706.6599567000003,1,18,1.0,1.0,2.0,-1.0,2.0,0.0,0.0,8.0,21.0
90,91,1.0,1.0,1.0,1.0,2.0,2.5433038999999553,33.5,17.0,0.42,size,color,orientation,0.3,11.0,19,female,0,2706.6599567000003,1,18,0.0,1.0,2.0,0.0,2.0,0.0,0.0,9.0,22.0
91,92,1.0,0.0,0.0,1.0,2.0,1.0333802000000103,-7.0,7.0,0.18,size,color,orientation,0.3,11.0,19,female,0,2706.6599567000003,0,18,0.0,1.0,2.0,1.0,2.0,0.0,0.0,10.0,23.0
92,93,1.0,1.0,1.0,1.0,2.0,2.016222199999902,87.5,15.0,0.3,size,color,orientation,0.3,11.0,19,female,0,2706.6599567000003,0,18,0.0,1.0,2.0,0.0,2.0,0.0,0.0,11.0,24.0
93,94,1.0,1.0,1.0,1.0,2.0,1.2826817999999776,78.5,15.0,0.38,size,color,orientation,0.3,11.0,19,female,0,2706.6599567000003,0,18,0.0,1.0,2.0,0.0,2.0,0.0,0.0,12.0,25.0
94,95,1.0,1.0,1.0,1.0,2.0,0.6339615000000549,-43.0,8.0,0.42,size,color,orientation,0.3,11.0,19,female,0,2706.6599567000003,0,18,0.0,1.0,2.0,0.0,2.0,0.0,0.0,13.0,26.0
95,96,1.0,0.0,0.0,1.0,2.0,1.2670515000000933,20.0,12.0,0.22,size,color,orientation,0.3,11.0,19,female,0,2706.6599567000003,0,18,0.0,1.0,2.0,0.0,2.0,0.0,0.0,14.0,27.0
96,97,1.0,1.0,1.0,1.0,2.0,1.6000415000000885,-43.0,12.0,0.3,size,color,orientation,0.3,11.0,19,female,0,2706.6599567000003,0,18,0.0,1.0,2.0,0.0,2.0,0.0,0.0,15.0,28.0
97,98,1.0,0.0,0.0,1.0,2.0,1.300553100000002,-52.0,17.0,0.22,size,color,orientation,0.3,11.0,19,female,0,2706.6599567000003,0,18,0.0,1.0,2.0,0.0,2.0,0.0,0.0,16.0,29.0
98,99,1.0,1.0,1.0,1.0,2.0,1.3668182999999772,-2.5,14.0,0.42,size,color,orientation,0.3,11.0,19,female,0,2706.6599567000003,0,18,0.0,1.0,2.0,0.0,2.0,0.0,0.0,17.0,30.0
99,100,1.0,0.0,0.0,1.0,2.0,1.315662599999996,38.0,10.0,0.14,size,color,orientation,0.3,11.0,19,female,0,2706.6599567000003,0,18,0.0,1.0,2.0,0.0,2.0,0.0,0.0,18.0,31.0
100,101,2.0,3.0,2.0,0.0,4.0,3.1826240000000325,47.0,3.0,0.38,size,color,orientation,0.3,11.0,19,female,0,2706.6599567000003,1,18,0.0,1.0,2.0,0.0,0.0,0.0,1.0,0.0,32.0
101,102,2.0,0.0,1.0,0.0,4.0,1.4497168999999983,24.5,16.0,0.1,size,color,orientation,0.3,11.0,19,female,0,2706.6599567000003,1,18,0.0,1.0,2.0,0.0,0.0,0.0,2.0,0.0,33.0
102,103,2.0,0.0,0.0,1.0,4.0,1.516196300000047,-25.0,9.0,0.1,size,color,orientation,0.3,11.0,19,female,0,2706.6599567000003,1,18,0.0,0.0,2.0,0.0,0.0,0.0,3.0,0.0,34.0
103,104,2.0,1.0,0.0,0.0,4.0,0.933903599999894,-20.5,3.0,0.26,size,color,orientation,0.3,11.0,19,female,0,2706.6599567000003,0,18,0.0,1.0,2.0,0.0,1.0,0.0,4.0,0.0,35.0
104,105,2.0,2.0,3.0,0.0,4.0,1.298867200000018,-7.0,20.0,0.3400000000000001,size,color,orientation,0.3,11.0,19,female,0,2706.6599567000003,1,18,0.0,1.0,2.0,0.0,-1.0,0.0,5.0,0.0,36.0
105,106,2.0,1.0,0.0,0.0,4.0,1.6837994999999637,20.0,7.0,0.14,size,color,orientation,0.3,11.0,19,female,0,2706.6599567000003,1,18,0.0,1.0,2.0,0.0,0.0,0.0,6.0,0.0,37.0
106,107,2.0,2.0,1.0,0.0,4.0,1.282950000000028,-47.5,21.0,0.26,size,color,orientation,0.3,11.0,19,female,0,2706.6599567000003,1,18,0.0,2.0,2.0,0.0,0.0,0.0,7.0,0.0,38.0
107,108,2.0,1.0,3.0,0.0,4.0,1.6495257999999922,-83.5,13.0,0.3,size,color,orientation,0.3,11.0,19,female,0,2706.6599567000003,1,18,0.0,1.0,2.0,0.0,-1.0,0.0,8.0,0.0,39.0
108,109,2.0,1.0,0.0,0.0,4.0,1.4998246000000108,42.5,12.0,0.22,size,color,orientation,0.3,11.0,19,female,0,2706.6599567000003,1,18,0.0,1.0,2.0,0.0,1.0,0.0,9.0,0.0,40.0
109,110,3.0,1.0,1.0,1.0,8.0,3.849160200000029,11.0,0.0,0.22,size,color,orientation,0.3,11.0,19,female,0,2706.6599567000003,1,18,0.0,1.0,0.0,0.0,1.0,0.0,10.0,1.0,0.0
110,111,3.0,5.0,0.0,0.0,8.0,2.4670376999999917,-34.0,2.0,0.26,size,color,orientation,0.3,11.0,19,female,0,2706.6599567000003,0,18,0.0,1.0,2.0,0.0,1.0,2.0,11.0,2.0,0.0
111,112,3.0,3.0,5.0,0.0,8.0,1.5989875999999867,51.5,5.0,0.42,size,color,orientation,0.3,11.0,19,female,0,2706.6599567000003,1,18,0.0,1.0,2.0,0.0,1.0,-2.0,12.0,3.0,0.0
112,113,2.0,1.0,2.0,0.0,4.0,2.58309799999995,56.0,11.0,0.4600000000000001,size,color,orientation,0.3,11.0,19,female,0,2706.6599567000003,1,18,0.0,2.0,2.0,0.0,0.0,-2.0,13.0,0.0,1.0
113,114,2.0,3.0,2.0,0.0,4.0,2.082633900000019,47.0,11.0,0.38,size,color,orientation,0.3,11.0,19,female,0,2706.6599567000003,1,18,0.0,1.0,2.0,0.0,-1.0,-2.0,14.0,0.0,2.0
114,115,3.0,4.0,1.0,0.0,8.0,2.632846400000062,56.0,11.0,0.1,size,color,orientation,0.3,11.0,19,female,0,2706.6599567000003,1,18,0.0,1.0,2.0,0.0,-1.0,0.0,15.0,1.0,0.0
115,116,3.0,4.0,1.0,0.0,8.0,1.298806999999897,65.0,8.0,0.22,size,color,orientation,0.3,11.0,19,female,0,2706.6599567000003,1,18,0.0,1.0,2.0,0.0,-1.0,0.0,16.0,2.0,0.0
116,117,3.0,3.0,0.0,0.0,8.0,1.216907499999934,-56.5,9.0,0.22,size,color,orientation,0.3,11.0,19,female,0,2706.6599567000003,1,18,0.0,1.0,2.0,0.0,-1.0,0.0,17.0,3.0,0.0
117,118,3.0,4.0,0.0,0.0,8.0,5.182816399999979,-65.5,2.0,0.22,size,color,orientation,0.3,11.0,19,female,0,2706.6599567000003,1,18,0.0,1.0,1.0,0.0,-1.0,0.0,18.0,4.0,0.0
118,119,2.0,0.0,1.0,0.0,4.0,1.3841433000000052,-47.5,18.0,0.18,size,color,orientation,0.3,11.0,19,female,0,2706.6599567000003,1,18,0.0,1.0,1.0,0.0,0.0,0.0,19.0,0.0,1.0
119,120,3.0,3.0,2.0,0.0,8.0,4.59959989999993,-11.5,22.0,0.18,size,color,orientation,0.3,11.0,19,female,0,2706.6599567000003,1,18,0.0,1.0,1.0,0.0,0.0,0.0,20.0,1.0,0.0
120,121,3.0,4.0,4.0,1.0,8.0,1.9659487000001263,-79.0,0.0,0.42,size,color,orientation,0.3,11.0,19,female,0,2706.6599567000003,1,18,0.0,1.0,0.0,0.0,0.0,0.0,21.0,2.0,0.0
121,122,3.0,2.0,2.0,1.0,8.0,2.4338304000000335,-11.5,18.0,0.14,size,color,orientation,0.3,11.0,19,female,0,2706.6599567000003,0,18,0.0,1.0,0.0,0.0,0.0,1.0,22.0,3.0,0.0
122,123,3.0,1.0,3.0,0.0,8.0,2.699822999999924,51.5,14.0,0.1,size,color,orientation,0.3,11.0,19,female,0,2706.6599567000003,0,18,0.0,1.0,1.0,0.0,0.0,0.0,23.0,4.0,0.0
123,124,3.0,1.0,1.0,1.0,8.0,1.9336931000000277,38.0,7.0,0.22,size,color,orientation,0.3,11.0,19,female,0,2706.6599567000003,1,18,0.0,1.0,0.0,0.0,0.0,-1.0,24.0,5.0,0.0
124,125,3.0,0.0,7.0,0.0,8.0,2.315869600000042,51.5,21.0,0.3400000000000001,size,color,orientation,0.3,11.0,19,female,0,2706.6599567000003,0,18,0.0,1.0,3.0,0.0,0.0,1.0,25.0,6.0,0.0
125,126,3.0,5.0,5.0,1.0,8.0,1.3499117000001206,33.5,11.0,0.3,size,color,orientation,0.3,11.0,19,female,0,2706.6599567000003,1,18,0.0,1.0,0.0,0.0,0.0,-3.0,26.0,7.0,0.0
126,127,3.0,4.0,3.0,0.0,8.0,1.8997489999999289,20.0,19.0,0.18,size,color,orientation,0.3,11.0,19,female,0,2706.6599567000003,0,18,0.0,1.0,3.0,0.0,0.0,3.0,27.0,8.0,0.0
127,128,3.0,6.0,0.0,0.0,8.0,2.1996681000000535,-47.5,9.0,0.26,size,color,orientation,0.3,11.0,19,female,0,2706.6599567000003,1,18,0.0,1.0,2.0,0.0,0.0,-3.0,28.0,9.0,0.0
128,129,3.0,5.0,1.0,0.0,8.0,3.8999383000000303,78.5,2.0,0.22,size,color,orientation,0.3,11.0,19,female,0,2706.6599567000003,1,18,0.0,1.0,1.0,0.0,0.0,1.0,29.0,10.0,0.0
129,130,2.0,0.0,0.0,1.0,4.0,5.982959599999958,-83.5,7.0,0.14,size,color,orientation,0.3,11.0,19,female,0,2706.6599567000003,1,18,0.0,0.0,1.0,0.0,0.0,1.0,30.0,0.0,1.0
130,131,2.0,3.0,3.0,1.0,4.0,3.1323409999999967,-11.5,23.0,0.3400000000000001,size,color,orientation,0.3,11.0,19,female,0,2706.6599567000003,0,18,0.0,0.0,1.0,0.0,1.0,1.0,31.0,0.0,2.0
131,132,2.0,2.0,1.0,0.0,4.0,1.4838102000001072,65.0,24.0,0.22,size,color,orientation,0.3,11.0,19,female,0,2706.6599567000003,0,18,0.0,2.0,1.0,0.0,0.0,1.0,32.0,0.0,3.0
132,133,2.0,2.0,0.0,0.0,4.0,1.632094000000052,-25.0,12.0,0.26,size,color,orientation,0.3,11.0,19,female,0,2706.6599567000003,1,18,0.0,1.0,1.0,0.0,-2.0,1.0,33.0,0.0,4.0
133,134,2.0,1.0,0.0,0.0,4.0,2.2338184000000183,-70.0,7.0,0.1,size,color,orientation,0.3,11.0,19,female,0,2706.6599567000003,1,18,0.0,1.0,1.0,0.0,1.0,1.0,34.0,0.0,5.0
134,135,2.0,3.0,0.0,0.0,4.0,2.7657175000001644,-29.5,8.0,0.14,size,color,orientation,0.3,11.0,19,female,0,2706.6599567000003,1,18,0.0,2.0,1.0,0.0,0.0,1.0,35.0,0.0,6.0
135,136,2.0,1.0,2.0,0.0,4.0,1.717174899999918,78.5,11.0,0.3,size,color,orientation,0.3,11.0,19,female,0,2706.6599567000003,1,18,0.0,2.0,1.0,0.0,-1.0,1.0,36.0,0.0,7.0
136,137,2.0,0.0,3.0,0.0,4.0,4.400141099999928,-47.5,18.0,0.3,size,color,orientation,0.3,11.0,19,female,0,2706.6599567000003,1,18,0.0,2.0,1.0,0.0,0.0,1.0,37.0,0.0,8.0
137,138,2.0,2.0,3.0,0.0,4.0,1.7331239000000096,74.0,20.0,0.38,size,color,orientation,0.3,11.0,19,female,0,2706.6599567000003,1,18,0.0,1.0,1.0,0.0,0.0,1.0,38.0,0.0,9.0
138,139,2.0,3.0,2.0,0.0,4.0,1.2836379000000306,60.5,1.0,0.3,size,color,orientation,0.3,11.0,19,female,0,2706.6599567000003,1,18,0.0,1.0,1.0,0.0,1.0,1.0,39.0,0.0,10.0
139,140,2.0,0.0,1.0,0.0,4.0,3.5329866000001857,-83.5,14.0,0.1,size,color,orientation,0.3,11.0,19,female,0,2706.6599567000003,1,18,0.0,1.0,1.0,0.0,0.0,1.0,40.0,0.0,11.0
140,141,2.0,3.0,0.0,0.0,4.0,4.53197769999997,-38.5,11.0,0.22,size,color,orientation,0.3,11.0,19,female,0,2706.6599567000003,1,18,0.0,2.0,1.0,0.0,0.0,1.0,41.0,0.0,12.0
141,142,2.0,0.0,0.0,1.0,4.0,2.332543099999839,65.0,7.0,0.14,size,color,orientation,0.3,11.0,19,female,0,2706.6599567000003,1,18,0.0,0.0,1.0,0.0,-1.0,1.0,42.0,0.0,13.0
142,143,2.0,3.0,3.0,1.0,4.0,3.9172343000000183,-11.5,24.0,0.38,size,color,orientation,0.3,11.0,19,female,0,2706.6599567000003,0,18,0.0,0.0,1.0,0.0,2.0,1.0,43.0,0.0,14.0
143,144,2.0,2.0,1.0,0.0,4.0,1.6681040999999368,-47.5,19.0,0.22,size,color,orientation,0.3,11.0,19,female,0,2706.6599567000003,0,18,0.0,2.0,1.0,0.0,0.0,1.0,44.0,0.0,15.0
144,145,2.0,1.0,1.0,1.0,4.0,1.0329259000000093,83.0,20.0,0.18,size,color,orientation,0.3,11.0,19,female,0,2706.6599567000003,1,18,0.0,0.0,1.0,0.0,-2.0,1.0,45.0,0.0,16.0
145,146,2.0,2.0,1.0,0.0,4.0,2.767719800000122,-2.5,19.0,0.22,size,color,orientation,0.3,11.0,19,female,0,2706.6599567000003,0,18,0.0,2.0,1.0,0.0,2.0,1.0,46.0,0.0,17.0
146,147,2.0,3.0,3.0,1.0,4.0,2.0832964999999604,15.5,15.0,0.4600000000000001,size,color,orientation,0.3,11.0,19,female,0,2706.6599567000003,1,18,0.0,0.0,1.0,0.0,-2.0,1.0,47.0,0.0,18.0
147,148,2.0,3.0,2.0,0.0,4.0,1.3337012000001778,11.0,5.0,0.42,size,color,orientation,0.3,11.0,19,female,0,2706.6599567000003,0,18,0.0,1.0,1.0,0.0,2.0,1.0,48.0,0.0,19.0
148,149,2.0,1.0,1.0,1.0,4.0,1.6506217000001016,-2.5,20.0,0.26,size,color,orientation,0.3,11.0,19,female,0,2706.6599567000003,1,18,0.0,0.0,1.0,0.0,-1.0,1.0,49.0,0.0,20.0
149,150,2.0,0.0,3.0,0.0,4.0,4.283701800000017,78.5,22.0,0.42,size,color,orientation,0.3,11.0,19,female,0,2706.6599567000003,0,18,0.0,2.0,1.0,0.0,1.0,1.0,50.0,0.0,21.0
150,151,2.0,2.0,0.0,0.0,4.0,1.4168273000000229,74.0,9.0,0.1,size,color,orientation,0.3,11.0,19,female,0,2706.6599567000003,1,18,0.0,1.0,1.0,0.0,-2.0,1.0,51.0,0.0,22.0
151,152,2.0,1.0,1.0,1.0,4.0,1.4333313999998154,60.5,17.0,0.22,size,color,orientation,0.3,11.0,19,female,0,2706.6599567000003,1,18,0.0,0.0,1.0,0.0,1.0,1.0,52.0,0.0,23.0
152,153,2.0,3.0,3.0,1.0,4.0,1.733621699999958,29.0,15.0,0.42,size,color,orientation,0.3,11.0,19,female,0,2706.6599567000003,0,18,0.0,0.0,1.0,0.0,1.0,1.0,53.0,0.0,24.0
153,154,2.0,3.0,2.0,0.0,4.0,1.2513263999999251,-20.5,4.0,0.4600000000000001,size,color,orientation,0.3,11.0,19,female,0,2706.6599567000003,0,18,0.0,1.0,1.0,0.0,0.0,1.0,54.0,0.0,25.0
154,155,2.0,0.0,1.0,0.0,4.0,2.5164548000000195,78.5,17.0,0.14,size,color,orientation,0.3,11.0,19,female,0,2706.6599567000003,1,18,0.0,1.0,1.0,0.0,-1.0,1.0,55.0,0.0,26.0
155,156,2.0,2.0,2.0,1.0,4.0,2.816397199999983,-2.5,10.0,0.3400000000000001,size,color,orientation,0.3,11.0,19,female,0,2706.6599567000003,1,18,0.0,0.0,1.0,0.0,0.0,1.0,56.0,0.0,27.0
156,157,2.0,1.0,1.0,1.0,4.0,1.699602799999866,47.0,17.0,0.14,size,color,orientation,0.3,11.0,19,female,0,2706.6599567000003,0,18,0.0,0.0,1.0,0.0,1.0,1.0,57.0,0.0,28.0
157,158,2.0,1.0,0.0,0.0,4.0,1.9336557999999968,-43.0,4.0,0.14,size,color,orientation,0.3,11.0,19,female,0,2706.6599567000003,0,18,0.0,1.0,1.0,0.0,0.0,1.0,58.0,0.0,29.0
158,159,2.0,0.0,0.0,1.0,4.0,1.0323941999999988,69.5,12.0,0.18,size,color,orientation,0.3,11.0,19,female,0,2706.6599567000003,1,18,0.0,0.0,1.0,0.0,-1.0,1.0,59.0,0.0,30.0
159,160,2.0,0.0,0.0,1.0,4.0,1.8340324999999211,-65.5,0.0,0.1,size,color,orientation,0.3,11.0,19,female,0,2706.6599567000003,0,18,0.0,0.0,1.0,0.0,1.0,1.0,60.0,0.0,31.0
160,161,2.0,3.0,3.0,1.0,4.0,1.367610000000013,6.5,15.0,0.4600000000000001,size,color,orientation,0.3,11.0,19,female,0,2706.6599567000003,0,18,0.0,0.0,1.0,0.0,0.0,1.0,61.0,0.0,32.0
161,162,2.0,2.0,2.0,1.0,4.0,0.883324200000061,-88.0,8.0,0.3,size,color,orientation,0.3,11.0,19,female,0,2706.6599567000003,0,18,0.0,0.0,1.0,0.0,0.0,1.0,62.0,0.0,33.0
162,163,2.0,0.0,0.0,1.0,4.0,2.93305620000001,47.0,6.0,0.14,size,color,orientation,0.3,11.0,19,female,0,2706.6599567000003,0,18,0.0,0.0,1.0,0.0,0.0,1.0,63.0,0.0,34.0
163,164,2.0,3.0,3.0,1.0,4.0,1.6661450999999945,20.0,24.0,0.42,size,color,orientation,0.3,11.0,19,female,0,2706.6599567000003,0,18,0.0,0.0,1.0,0.0,0.0,1.0,64.0,0.0,35.0
164,165,2.0,2.0,3.0,0.0,4.0,1.2667701999998826,60.5,18.0,0.3400000000000001,size,color,orientation,0.3,11.0,19,female,0,2706.6599567000003,0,18,0.0,1.0,1.0,0.0,0.0,1.0,65.0,0.0,36.0
165,166,2.0,2.0,0.0,0.0,4.0,1.4656517999999323,-52.0,5.0,0.22,size,color,orientation,0.3,11.0,19,female,0,2706.6599567000003,1,18,0.0,1.0,1.0,0.0,-1.0,1.0,66.0,0.0,37.0
166,167,2.0,1.0,0.0,0.0,4.0,1.9494055000000117,6.5,8.0,0.26,size,color,orientation,0.3,11.0,19,female,0,2706.6599567000003,1,18,0.0,1.0,1.0,0.0,0.0,1.0,67.0,0.0,38.0
167,168,2.0,0.0,3.0,0.0,4.0,0.6825108999998974,-7.0,15.0,0.42,size,color,orientation,0.3,11.0,19,female,0,2706.6599567000003,1,18,0.0,2.0,1.0,0.0,0.0,1.0,68.0,0.0,39.0
168,169,2.0,0.0,1.0,0.0,4.0,1.9492784999999913,56.0,20.0,0.1,size,color,orientation,0.3,11.0,19,female,0,2706.6599567000003,1,18,0.0,1.0,1.0,0.0,-1.0,1.0,69.0,0.0,40.0
169,170,2.0,1.0,1.0,1.0,4.0,2.132991300000185,-65.5,14.0,0.1,size,color,orientation,0.3,11.0,19,female,0,2706.6599567000003,1,18,0.0,0.0,1.0,0.0,1.0,1.0,70.0,0.0,41.0
170,171,2.0,0.0,0.0,1.0,4.0,1.433446399999866,-79.0,12.0,0.18,size,color,orientation,0.3,11.0,19,female,0,2706.6599567000003,0,18,0.0,0.0,1.0,0.0,1.0,1.0,71.0,0.0,42.0
171,172,2.0,0.0,0.0,1.0,4.0,1.3995697000000291,47.0,11.0,0.18,size,color,orientation,0.3,11.0,19,female,0,2706.6599567000003,0,18,0.0,0.0,1.0,0.0,0.0,1.0,72.0,0.0,43.0
172,173,2.0,1.0,0.0,0.0,4.0,3.333986800000048,15.5,1.0,0.14,size,color,orientation,0.3,11.0,19,female,0,2706.6599567000003,0,18,0.0,1.0,1.0,0.0,0.0,1.0,73.0,0.0,44.0
173,174,2.0,1.0,1.0,1.0,4.0,1.8157238000001144,-74.5,14.0,0.1,size,color,orientation,0.3,11.0,19,female,0,2706.6599567000003,1,18,0.0,0.0,1.0,0.0,-1.0,1.0,74.0,0.0,45.0
174,175,2.0,2.0,3.0,0.0,4.0,1.667401499999869,-29.5,16.0,0.3,size,color,orientation,0.3,11.0,19,female,0,2706.6599567000003,0,18,0.0,1.0,1.0,0.0,1.0,1.0,75.0,0.0,46.0
175,176,3.0,5.0,3.0,0.0,8.0,12.56643370000006,74.0,14.0,0.22,size,color,orientation,0.3,11.0,19,female,0,2706.6599567000003,1,18,0.0,1.0,2.0,0.0,1.0,0.0,76.0,1.0,0.0
176,177,3.0,6.0,2.0,0.0,8.0,5.548858599999903,-34.0,13.0,0.26,size,color,orientation,0.3,11.0,19,female,0,2706.6599567000003,1,18,0.0,1.0,1.0,0.0,1.0,-1.0,77.0,2.0,0.0
177,178,3.0,0.0,0.0,1.0,8.0,1.0157901999998558,-20.5,1.0,0.26,size,color,orientation,0.3,11.0,19,female,0,2706.6599567000003,1,18,0.0,1.0,0.0,0.0,1.0,1.0,78.0,3.0,0.0
178,179,3.0,7.0,2.0,0.0,8.0,1.7506309000000329,-29.5,13.0,0.1,size,color,orientation,0.3,11.0,19,female,0,2706.6599567000003,0,18,0.0,1.0,2.0,0.0,1.0,1.0,79.0,4.0,0.0
179,180,2.0,1.0,1.0,1.0,4.0,1.5500174999999672,-70.0,13.0,0.26,size,color,orientation,0.3,11.0,19,female,0,2706.6599567000003,1,18,0.0,0.0,2.0,0.0,0.0,1.0,80.0,0.0,1.0
180,181,2.0,3.0,2.0,0.0,4.0,1.7341212999999698,-70.0,1.0,0.4600000000000001,size,color,orientation,0.3,11.0,19,female,0,2706.6599567000003,0,18,0.0,1.0,2.0,0.0,1.0,1.0,81.0,0.0,2.0
181,182,2.0,2.0,3.0,0.0,4.0,2.38208869999994,11.0,14.0,0.38,size,color,orientation,0.3,11.0,19,female,0,2706.6599567000003,1,18,0.0,1.0,2.0,0.0,-1.0,1.0,82.0,0.0,3.0
182,183,2.0,1.0,0.0,0.0,4.0,3.783166200000096,29.0,5.0,0.14,size,color,orientation,0.3,11.0,19,female,0,2706.6599567000003,1,18,0.0,1.0,2.0,0.0,0.0,1.0,83.0,0.0,4.0
183,184,2.0,0.0,0.0,1.0,4.0,3.182563400000163,87.5,3.0,0.14,size,color,orientation,0.3,11.0,19,female,0,2706.6599567000003,1,18,0.0,0.0,2.0,0.0,0.0,1.0,84.0,0.0,5.0
184,185,2.0,3.0,3.0,1.0,4.0,1.633158200000025,-2.5,20.0,0.38,size,color,orientation,0.3,11.0,19,female,0,2706.6599567000003,0,18,0.0,0.0,2.0,0.0,1.0,1.0,85.0,0.0,6.0
185,186,2.0,3.0,3.0,1.0,4.0,1.0176036000000297,51.5,21.0,0.42,size,color,orientation,0.3,11.0,19,female,0,2706.6599567000003,0,18,0.0,0.0,2.0,0.0,0.0,1.0,86.0,0.0,7.0
186,187,2.0,2.0,2.0,1.0,4.0,1.3003404999999475,51.5,1.0,0.3400000000000001,size,color,orientation,0.3,11.0,19,female,0,2706.6599567000003,0,18,0.0,0.0,2.0,0.0,0.0,1.0,87.0,0.0,8.0
187,188,2.0,3.0,3.0,1.0,4.0,1.1342223999999987,69.5,16.0,0.42,size,color,orientation,0.3,11.0,19,female,0,2706.6599567000003,0,18,0.0,0.0,2.0,0.0,0.0,1.0,88.0,0.0,9.0
188,189,2.0,3.0,2.0,0.0,4.0,0.9170449999999164,65.0,2.0,0.4600000000000001,size,color,orientation,0.3,11.0,19,female,0,2706.6599567000003,0,18,0.0,1.0,2.0,0.0,0.0,1.0,89.0,0.0,10.0
189,190,2.0,1.0,0.0,0.0,4.0,1.1166740999999547,-79.0,7.0,0.18,size,color,orientation,0.3,11.0,19,female,0,2706.6599567000003,1,18,0.0,1.0,2.0,0.0,-1.0,1.0,90.0,0.0,11.0
190,191,2.0,0.0,0.0,1.0,4.0,1.7985721999998532,60.5,12.0,0.14,size,color,orientation,0.3,11.0,19,female,0,2706.6599567000003,1,18,0.0,0.0,2.0,0.0,0.0,1.0,91.0,0.0,12.0
191,192,2.0,3.0,2.0,0.0,4.0,1.467069100000117,-65.5,6.0,0.42,size,color,orientation,0.3,11.0,19,female,0,2706.6599567000003,0,18,0.0,1.0,2.0,0.0,1.0,1.0,92.0,0.0,13.0
192,193,2.0,0.0,1.0,0.0,4.0,2.265946299999996,47.0,24.0,0.14,size,color,orientation,0.3,11.0,19,female,0,2706.6599567000003,1,18,0.0,1.0,2.0,0.0,-1.0,1.0,93.0,0.0,14.0
193,194,2.0,2.0,3.0,0.0,4.0,2.6994265000000723,83.0,13.0,0.38,size,color,orientation,0.3,11.0,19,female,0,2706.6599567000003,1,18,0.0,1.0,2.0,0.0,0.0,1.0,94.0,0.0,15.0
194,195,2.0,1.0,1.0,1.0,4.0,3.600134700000126,29.0,15.0,0.18,size,color,orientation,0.3,11.0,19,female,0,2706.6599567000003,1,18,0.0,0.0,2.0,0.0,0.0,1.0,95.0,0.0,16.0
195,196,2.0,1.0,0.0,0.0,4.0,1.767672000000175,-20.5,1.0,0.14,size,color,orientation,0.3,11.0,19,female,0,2706.6599567000003,0,18,0.0,1.0,2.0,0.0,1.0,1.0,96.0,0.0,17.0
196,197,2.0,2.0,3.0,0.0,4.0,0.9986635999998724,83.0,14.0,0.3,size,color,orientation,0.3,11.0,19,female,0,2706.6599567000003,1,18,0.0,1.0,2.0,0.0,-1.0,1.0,97.0,0.0,18.0
197,198,2.0,2.0,0.0,0.0,4.0,2.749290599999995,-20.5,4.0,0.26,size,color,orientation,0.3,11.0,19,female,0,2706.6599567000003,1,18,0.0,1.0,2.0,0.0,0.0,1.0,98.0,0.0,19.0
198,199,2.0,1.0,0.0,0.0,4.0,2.6323017000001983,-29.5,7.0,0.18,size,color,orientation,0.3,11.0,19,female,0,2706.6599567000003,1,18,0.0,1.0,2.0,0.0,0.0,1.0,99.0,0.0,20.0
199,200,2.0,2.0,2.0,1.0,4.0,12.0324892000001,-34.0,5.0,0.3400000000000001,size,color,orientation,0.3,11.0,19,female,0,2706.6599567000003,1,18,0.0,0.0,2.0,0.0,0.0,1.0,100.0,0.0,21.0
200,201,2.0,2.0,0.0,0.0,4.0,2.9998324000000594,78.5,11.0,0.22,size,color,orientation,0.3,11.0,19,female,0,2706.6599567000003,0,18,0.0,1.0,2.0,0.0,1.0,1.0,101.0,0.0,22.0
201,202,2.0,1.0,0.0,0.0,4.0,1.8157860999999684,29.0,4.0,0.14,size,color,orientation,0.3,11.0,19,female,0,2706.6599567000003,1,18,0.0,1.0,2.0,0.0,-1.0,1.0,102.0,0.0,23.0
202,203,2.0,0.0,0.0,1.0,4.0,1.315910199999962,-43.0,9.0,0.14,size,color,orientation,0.3,11.0,19,female,0,2706.6599567000003,1,18,0.0,0.0,2.0,0.0,0.0,1.0,103.0,0.0,24.0
203,204,2.0,0.0,0.0,1.0,4.0,1.0508638999999675,-88.0,0.0,0.14,size,color,orientation,0.3,11.0,19,female,0,2706.6599567000003,0,18,0.0,0.0,2.0,0.0,1.0,1.0,104.0,0.0,25.0
204,205,2.0,1.0,0.0,0.0,4.0,3.917316699999901,-29.5,3.0,0.18,size,color,orientation,0.3,11.0,19,female,0,2706.6599567000003,0,18,0.0,1.0,2.0,0.0,0.0,1.0,105.0,0.0,26.0
205,206,2.0,0.0,0.0,1.0,4.0,1.1815570999999636,6.5,12.0,0.18,size,color,orientation,0.3,11.0,19,female,0,2706.6599567000003,1,18,0.0,0.0,2.0,0.0,-1.0,1.0,106.0,0.0,27.0
206,207,2.0,0.0,1.0,0.0,4.0,2.467120899999827,-88.0,23.0,0.26,size,color,orientation,0.3,11.0,19,female,0,2706.6599567000003,0,18,0.0,1.0,2.0,0.0,1.0,1.0,107.0,0.0,28.0
207,208,2.0,0.0,0.0,1.0,4.0,1.7169510000001085,-11.5,8.0,0.14,size,color,orientation,0.3,11.0,19,female,0,2706.6599567000003,1,18,0.0,0.0,2.0,0.0,-1.0,1.0,108.0,0.0,29.0
208,209,2.0,0.0,1.0,0.0,4.0,1.3340534999999818,-16.0,20.0,0.1,size,color,orientation,0.3,11.0,19,female,0,2706.6599567000003,0,18,0.0,1.0,2.0,0.0,1.0,1.0,109.0,0.0,30.0
209,210,2.0,3.0,3.0,1.0,4.0,2.2156676999998126,-61.0,19.0,0.42,size,color,orientation,0.3,11.0,19,female,0,2706.6599567000003,1,18,0.0,0.0,2.0,0.0,-1.0,1.0,110.0,0.0,31.0
210,211,2.0,0.0,0.0,1.0,4.0,1.2182722000000012,29.0,9.0,0.14,size,color,orientation,0.3,11.0,19,female,0,2706.6599567000003,0,18,0.0,0.0,2.0,0.0,1.0,1.0,111.0,0.0,32.0
211,212,2.0,3.0,3.0,1.0,4.0,3.549509799999896,87.5,13.0,0.4600000000000001,size,color,orientation,0.3,11.0,19,female,0,2706.6599567000003,0,18,0.0,0.0,2.0,0.0,0.0,1.0,112.0,0.0,33.0
212,213,2.0,3.0,2.0,0.0,4.0,1.849631100000124,20.0,7.0,0.4600000000000001,size,color,orientation,0.3,11.0,19,female,0,2706.6599567000003,0,18,0.0,1.0,2.0,0.0,0.0,1.0,113.0,0.0,34.0
213,214,2.0,0.0,1.0,0.0,4.0,1.6495173000000705,29.0,19.0,0.1,size,color,orientation,0.3,11.0,19,female,0,2706.6599567000003,1,18,0.0,1.0,2.0,0.0,-1.0,1.0,114.0,0.0,35.0
214,215,3.0,7.0,4.0,0.0,8.0,9.599957800000084,-43.0,11.0,0.38,size,color,orientation,0.3,11.0,19,female,0,2706.6599567000003,1,18,0.0,1.0,2.0,0.0,-1.0,0.0,115.0,1.0,0.0
215,216,3.0,3.0,6.0,0.0,8.0,5.499130899999955,-65.5,13.0,0.38,size,color,orientation,0.3,11.0,19,female,0,2706.6599567000003,1,18,0.0,1.0,2.0,0.0,-1.0,0.0,116.0,2.0,0.0
216,217,3.0,1.0,7.0,0.0,8.0,1.3492922000000362,20.0,18.0,0.3400000000000001,size,color,orientation,0.3,11.0,19,female,0,2706.6599567000003,1,18,0.0,1.0,2.0,0.0,-1.0,0.0,117.0,3.0,0.0
217,218,3.0,6.0,5.0,0.0,8.0,1.2327228999999988,51.5,2.0,0.3400000000000001,size,color,orientation,0.3,11.0,19,female,0,2706.6599567000003,1,18,0.0,1.0,2.0,0.0,-1.0,0.0,118.0,4.0,0.0
218,219,3.0,4.0,6.0,0.0,8.0,1.56620769999995,6.5,22.0,0.3400000000000001,size,color,orientation,0.3,11.0,19,female,0,2706.6599567000003,1,18,0.0,1.0,1.0,0.0,-1.0,0.0,119.0,5.0,0.0
219,220,2.0,3.0,3.0,1.0,4.0,9.29958929999998,60.5,23.0,0.4600000000000001,size,color,orientation,0.3,11.0,19,female,0,2706.6599567000003,1,18,0.0,0.0,1.0,0.0,0.0,0.0,120.0,0.0,1.0
220,221,2.0,1.0,0.0,0.0,4.0,1.8832679999998163,-56.5,3.0,0.26,size,color,orientation,0.3,11.0,19,female,0,2706.6599567000003,0,18,0.0,1.0,1.0,0.0,1.0,0.0,121.0,0.0,2.0
221,222,2.0,0.0,1.0,0.0,4.0,1.7823505999999725,87.5,16.0,0.1,size,color,orientation,0.3,11.0,19,female,0,2706.6599567000003,1,18,0.0,1.0,1.0,0.0,-1.0,0.0,122.0,0.0,3.0
222,223,2.0,2.0,3.0,0.0,4.0,1.7998572000001332,33.5,20.0,0.3400000000000001,size,color,orientation,0.3,11.0,19,female,0,2706.6599567000003,1,18,0.0,1.0,1.0,0.0,0.0,0.0,123.0,0.0,4.0
223,224,2.0,1.0,1.0,1.0,4.0,3.731727200000023,38.0,20.0,0.18,size,color,orientation,0.3,11.0,19,female,0,2706.6599567000003,1,18,0.0,0.0,1.0,0.0,0.0,0.0,124.0,0.0,5.0
224,225,2.0,1.0,0.0,0.0,4.0,1.2848899000000529,24.5,8.0,0.22,size,color,orientation,0.3,11.0,19,female,0,2706.6599567000003,0,18,0.0,1.0,1.0,0.0,1.0,0.0,125.0,0.0,6.0
225,226,2.0,2.0,2.0,1.0,4.0,1.2497941999999966,-88.0,8.0,0.3400000000000001,size,color,orientation,0.3,11.0,19,female,0,2706.6599567000003,1,18,0.0,0.0,1.0,0.0,-1.0,0.0,126.0,0.0,7.0
226,227,2.0,3.0,0.0,0.0,4.0,1.9324227000001883,-70.0,11.0,0.26,size,color,orientation,0.3,11.0,19,female,0,2706.6599567000003,0,18,0.0,2.0,1.0,0.0,1.0,0.0,127.0,0.0,8.0
227,228,2.0,1.0,3.0,0.0,4.0,0.9158830000001216,56.0,15.0,0.42,size,color,orientation,0.3,11.0,19,female,0,2706.6599567000003,1,18,0.0,1.0,1.0,0.0,-2.0,0.0,128.0,0.0,9.0
228,229,2.0,0.0,0.0,1.0,4.0,1.4326806999999917,-16.0,7.0,0.14,size,color,orientation,0.3,11.0,19,female,0,2706.6599567000003,1,18,0.0,0.0,1.0,0.0,1.0,0.0,129.0,0.0,10.0
229,230,2.0,1.0,0.0,0.0,4.0,2.917100100000198,65.0,1.0,0.1,size,color,orientation,0.3,11.0,19,female,0,2706.6599567000003,0,18,0.0,1.0,1.0,0.0,1.0,0.0,130.0,0.0,11.0
230,231,2.0,3.0,2.0,0.0,4.0,2.93283190000011,-56.5,1.0,0.42,size,color,orientation,0.3,11.0,19,female,0,2706.6599567000003,1,18,0.0,1.0,1.0,0.0,-1.0,0.0,131.0,0.0,12.0
231,232,2.0,2.0,0.0,0.0,4.0,0.999745300000086,15.5,10.0,0.26,size,color,orientation,0.3,11.0,19,female,0,2706.6599567000003,1,18,0.0,1.0,1.0,0.0,0.0,0.0,132.0,0.0,13.0
232,233,2.0,3.0,3.0,1.0,4.0,2.883040800000117,-56.5,24.0,0.4600000000000001,size,color,orientation,0.3,11.0,19,female,0,2706.6599567000003,1,18,0.0,0.0,1.0,0.0,0.0,0.0,133.0,0.0,14.0
233,234,2.0,3.0,3.0,1.0,4.0,2.5165912999998454,-65.5,22.0,0.4600000000000001,size,color,orientation,0.3,11.0,19,female,0,2706.6599567000003,0,18,0.0,0.0,1.0,0.0,1.0,0.0,134.0,0.0,15.0
234,235,2.0,0.0,1.0,0.0,4.0,2.650699899999836,-43.0,22.0,0.1,size,color,orientation,0.3,11.0,19,female,0,2706.6599567000003,0,18,0.0,1.0,1.0,0.0,0.0,0.0,135.0,0.0,16.0
235,236,2.0,2.0,2.0,1.0,4.0,1.19913889999998,83.0,4.0,0.4600000000000001,size,color,orientation,0.3,11.0,19,female,0,2706.6599567000003,1,18,0.0,0.0,1.0,0.0,-1.0,0.0,136.0,0.0,17.0
236,237,2.0,1.0,0.0,0.0,4.0,1.6492130000001453,-7.0,9.0,0.26,size,color,orientation,0.3,11.0,19,female,0,2706.6599567000003,0,18,0.0,1.0,1.0,0.0,1.0,0.0,137.0,0.0,18.0
237,238,2.0,0.0,0.0,1.0,4.0,0.9999685000000228,2.0,7.0,0.18,size,color,orientation,0.3,11.0,19,female,0,2706.6599567000003,1,18,0.0,0.0,1.0,0.0,-1.0,0.0,138.0,0.0,19.0
238,239,2.0,1.0,1.0,1.0,4.0,1.11728149999999,-20.5,24.0,0.14,size,color,orientation,0.3,11.0,19,female,0,2706.6599567000003,0,18,0.0,0.0,1.0,0.0,1.0,0.0,139.0,0.0,20.0
239,240,2.0,2.0,1.0,0.0,4.0,4.150542700000187,-74.5,17.0,0.18,size,color,orientation,0.3,11.0,19,female,0,2706.6599567000003,0,18,0.0,2.0,1.0,0.0,0.0,0.0,140.0,0.0,21.0
240,241,2.0,2.0,1.0,0.0,4.0,1.4502285999999458,-88.0,24.0,0.26,size,color,orientation,0.3,11.0,19,female,0,2706.6599567000003,1,18,0.0,2.0,1.0,0.0,-2.0,0.0,141.0,0.0,22.0
241,242,2.0,3.0,2.0,0.0,4.0,2.5823476999999,-52.0,11.0,0.4600000000000001,size,color,orientation,0.3,11.0,19,female,0,2706.6599567000003,1,18,0.0,1.0,1.0,0.0,0.0,0.0,142.0,0.0,23.0
242,243,2.0,1.0,1.0,1.0,4.0,2.4668197999999393,-65.5,20.0,0.22,size,color,orientation,0.3,11.0,19,female,0,2706.6599567000003,1,18,0.0,0.0,1.0,0.0,1.0,0.0,143.0,0.0,24.0
243,244,2.0,1.0,1.0,1.0,4.0,6.167399099999784,-16.0,18.0,0.22,size,color,orientation,0.3,11.0,19,female,0,2706.6599567000003,0,18,0.0,0.0,1.0,0.0,1.0,0.0,144.0,0.0,25.0
244,245,2.0,3.0,2.0,0.0,4.0,2.4003671000000395,87.5,12.0,0.42,size,color,orientation,0.3,11.0,19,female,0,2706.6599567000003,0,18,0.0,1.0,1.0,0.0,0.0,0.0,145.0,0.0,26.0
245,246,2.0,2.0,2.0,1.0,4.0,1.715136399999892,-65.5,8.0,0.3400000000000001,size,color,orientation,0.3,11.0,19,female,0,2706.6599567000003,1,18,0.0,0.0,1.0,0.0,-1.0,0.0,146.0,0.0,27.0
246,247,2.0,3.0,2.0,0.0,4.0,2.183985499999835,29.0,12.0,0.4600000000000001,size,color,orientation,0.3,11.0,19,female,0,2706.6599567000003,0,18,0.0,1.0,1.0,0.0,1.0,0.0,147.0,0.0,28.0
247,248,2.0,1.0,0.0,0.0,4.0,2.115758499999856,51.5,0.0,0.22,size,color,orientation,0.3,11.0,19,female,0,2706.6599567000003,1,18,0.0,1.0,1.0,0.0,-1.0,0.0,148.0,0.0,29.0
248,249,2.0,0.0,0.0,1.0,4.0,1.3657130000001416,-74.5,0.0,0.14,size,color,orientation,0.3,11.0,19,female,0,2706.6599567000003,1,18,0.0,0.0,1.0,0.0,0.0,0.0,149.0,0.0,30.0
249,250,2.0,3.0,2.0,0.0,4.0,2.19893490000004,56.0,2.0,0.4600000000000001,size,color,orientation,0.3,11.0,19,female,0,2706.6599567000003,0,18,0.0,1.0,1.0,0.0,1.0,0.0,150.0,0.0,31.0
250,251,2.0,2.0,3.0,0.0,4.0,1.6818147999999835,-43.0,14.0,0.42,size,color,orientation,0.3,11.0,19,female,0,2706.6599567000003,1,18,0.0,1.0,1.0,0.0,-1.0,0.0,151.0,0.0,32.0
251,252,2.0,0.0,1.0,0.0,4.0,3.4984408999998777,-16.0,21.0,0.14,size,color,orientation,0.3,11.0,19,female,0,2706.6599567000003,1,18,0.0,1.0,1.0,0.0,0.0,0.0,152.0,0.0,33.0
252,253,1.0,0.0,0.0,1.0,2.0,1.744294299999865,56.0,6.0,0.18,size,color,orientation,0.3,11.0,19,female,0,2706.6599567000003,1,18,0.0,1.0,1.0,0.0,0.0,0.0,0.0,1.0,34.0
253,254,1.0,1.0,1.0,1.0,2.0,1.2341222000000016,60.5,23.0,0.38,size,color,orientation,0.3,11.0,19,female,0,2706.6599567000003,0,18,0.0,1.0,1.0,0.0,0.0,0.0,0.0,2.0,35.0
254,255,1.0,1.0,1.0,1.0,2.0,0.7331246000001101,-74.5,22.0,0.38,size,color,orientation,0.3,11.0,19,female,0,2706.6599567000003,0,18,0.0,1.0,1.0,0.0,0.0,0.0,0.0,3.0,36.0
255,256,1.0,1.0,1.0,1.0,2.0,1.7330047000000377,-79.0,18.0,0.3400000000000001,size,color,orientation,0.3,11.0,19,female,0,2706.6599567000003,0,18,0.0,1.0,1.0,0.0,0.0,0.0,0.0,4.0,37.0
256,257,1.0,0.0,0.0,1.0,2.0,0.9004649999999401,-34.0,17.0,0.18,size,color,orientation,0.3,11.0,19,female,0,2706.6599567000003,0,18,0.0,1.0,1.0,0.0,0.0,0.0,0.0,5.0,38.0
257,258,1.0,0.0,0.0,1.0,2.0,0.9498844999998256,-38.5,16.0,0.14,size,color,orientation,0.3,11.0,19,female,0,2706.6599567000003,0,18,0.0,1.0,1.0,0.0,0.0,0.0,0.0,6.0,39.0
258,259,1.0,1.0,1.0,1.0,2.0,1.1665847000001577,15.5,2.0,0.3400000000000001,size,color,orientation,0.3,11.0,19,female,0,2706.6599567000003,0,18,0.0,1.0,1.0,0.0,0.0,0.0,0.0,7.0,40.0
259,260,1.0,1.0,0.0,0.0,2.0,1.9498499999999697,11.0,7.0,0.26,size,color,orientation,0.3,11.0,19,female,0,2706.6599567000003,0,18,1.0,1.0,1.0,0.0,0.0,0.0,0.0,8.0,41.0
260,261,1.0,1.0,0.0,0.0,2.0,1.3954100999999357,-70.0,4.0,0.26,size,color,orientation,0.3,11.0,19,female,0,2706.6599567000003,1,18,1.0,1.0,1.0,-1.0,0.0,0.0,0.0,9.0,42.0
261,262,1.0,0.0,1.0,0.0,2.0,0.4948239000000285,38.0,17.0,0.3,size,color,orientation,0.3,11.0,19,female,0,2706.6599567000003,1,18,1.0,1.0,1.0,0.0,0.0,0.0,0.0,10.0,43.0
262,263,1.0,0.0,1.0,0.0,2.0,1.2787292999998954,20.0,19.0,0.38,size,color,orientation,0.3,11.0,19,female,0,2706.6599567000003,1,18,1.0,1.0,1.0,0.0,0.0,0.0,0.0,11.0,44.0
263,264,1.0,1.0,1.0,1.0,2.0,2.0793714000001273,-56.5,0.0,0.38,size,color,orientation,0.3,11.0,19,female,0,2706.6599567000003,1,18,0.0,1.0,1.0,0.0,0.0,0.0,0.0,12.0,45.0
264,265,1.0,1.0,1.0,1.0,2.0,0.7002811999998357,-2.5,0.0,0.38,size,color,orientation,0.3,11.0,19,female,0,2706.6599567000003,0,18,0.0,1.0,1.0,1.0,0.0,0.0,0.0,13.0,46.0
265,266,1.0,0.0,0.0,1.0,2.0,1.2667357999998785,-11.5,17.0,0.26,size,color,orientation,0.3,11.0,19,female,0,2706.6599567000003,0,18,0.0,1.0,1.0,0.0,0.0,0.0,0.0,14.0,47.0
266,267,1.0,1.0,1.0,1.0,2.0,1.2990904000000685,56.0,21.0,0.42,size,color,orientation,0.3,11.0,19,female,0,2706.6599567000003,0,18,0.0,1.0,1.0,0.0,0.0,0.0,0.0,15.0,48.0
267,268,1.0,1.0,1.0,1.0,2.0,1.9342523000000256,-83.5,10.0,0.4600000000000001,size,color,orientation,0.3,11.0,19,female,0,2706.6599567000003,0,18,0.0,1.0,1.0,0.0,0.0,0.0,0.0,16.0,49.0
268,269,1.0,0.0,0.0,1.0,2.0,1.684204700000009,15.5,5.0,0.1,size,color,orientation,0.3,11.0,19,female,0,2706.6599567000003,0,18,0.0,1.0,1.0,0.0,0.0,0.0,0.0,17.0,50.0
269,270,1.0,1.0,1.0,1.0,2.0,1.78340060000005,-70.0,15.0,0.4600000000000001,size,color,orientation,0.3,11.0,19,female,0,2706.6599567000003,0,18,0.0,1.0,1.0,0.0,0.0,0.0,0.0,18.0,51.0
270,271,1.0,0.0,0.0,1.0,2.0,2.816763499999979,-74.5,12.0,0.22,size,color,orientation,0.3,11.0,19,female,0,2706.6599567000003,0,18,0.0,1.0,1.0,0.0,0.0,0.0,0.0,19.0,52.0
271,272,1.0,1.0,1.0,1.0,2.0,1.633930099999816,-2.5,13.0,0.4600000000000001,size,color,orientation,0.3,11.0,19,female,0,2706.6599567000003,0,18,0.0,1.0,1.0,0.0,0.0,0.0,0.0,20.0,53.0
272,273,1.0,0.0,0.0,1.0,2.0,1.4826852999999574,-88.0,11.0,0.14,size,color,orientation,0.3,11.0,19,female,0,2706.6599567000003,0,18,0.0,1.0,1.0,0.0,0.0,0.0,0.0,21.0,54.0
273,274,2.0,2.0,3.0,0.0,4.0,11.266286199999968,51.5,19.0,0.3,size,color,orientation,0.3,11.0,19,female,0,2706.6599567000003,1,18,0.0,1.0,1.0,0.0,0.0,0.0,1.0,0.0,55.0
274,275,2.0,3.0,2.0,0.0,4.0,3.050212499999816,38.0,9.0,0.38,size,color,orientation,0.3,11.0,19,female,0,2706.6599567000003,1,18,0.0,1.0,1.0,0.0,0.0,0.0,2.0,0.0,56.0
275,276,2.0,1.0,2.0,0.0,4.0,3.115291999999954,-34.0,2.0,0.42,size,color,orientation,0.3,11.0,19,female,0,2706.6599567000003,1,18,0.0,2.0,1.0,0.0,0.0,0.0,3.0,0.0,57.0
276,277,2.0,2.0,3.0,0.0,4.0,1.464335500000061,-38.5,24.0,0.42,size,color,orientation,0.3,11.0,19,female,0,2706.6599567000003,1,18,0.0,1.0,1.0,0.0,-1.0,0.0,4.0,0.0,58.0
277,278,2.0,0.0,0.0,1.0,4.0,1.5672538000001168,-74.5,5.0,0.1,size,color,orientation,0.3,11.0,19,female,0,2706.6599567000003,1,18,0.0,0.0,1.0,0.0,1.0,0.0,5.0,0.0,59.0
278,279,2.0,1.0,3.0,0.0,4.0,2.517192300000034,-70.0,23.0,0.3400000000000001,size,color,orientation,0.3,11.0,19,female,0,2706.6599567000003,0,18,0.0,1.0,1.0,0.0,1.0,0.0,6.0,0.0,60.0
279,280,2.0,3.0,2.0,0.0,4.0,1.8661916999999448,-56.5,2.0,0.3,size,color,orientation,0.3,11.0,19,female,0,2706.6599567000003,1,18,0.0,1.0,1.0,0.0,-1.0,0.0,7.0,0.0,61.0
280,281,2.0,0.0,0.0,1.0,4.0,1.5334453999998914,-70.0,11.0,0.1,size,color,orientation,0.3,11.0,19,female,0,2706.6599567000003,1,18,0.0,0.0,1.0,0.0,0.0,0.0,8.0,0.0,62.0
281,282,2.0,3.0,3.0,1.0,4.0,2.9497736000000714,2.0,22.0,0.4600000000000001,size,color,orientation,0.3,11.0,19,female,0,2706.6599567000003,0,18,0.0,0.0,1.0,0.0,1.0,0.0,9.0,0.0,63.0
282,283,2.0,2.0,3.0,0.0,4.0,2.098627399999941,20.0,14.0,0.3400000000000001,size,color,orientation,0.3,11.0,19,female,0,2706.6599567000003,0,18,0.0,1.0,1.0,0.0,0.0,0.0,10.0,0.0,64.0
283,284,2.0,3.0,3.0,1.0,4.0,1.032535800000005,38.0,14.0,0.4600000000000001,size,color,orientation,0.3,11.0,19,female,0,2706.6599567000003,1,18,0.0,0.0,1.0,0.0,-1.0,0.0,11.0,0.0,65.0
284,285,2.0,2.0,3.0,0.0,4.0,0.8502347999999529,11.0,24.0,0.3,size,color,orientation,0.3,11.0,19,female,0,2706.6599567000003,0,18,0.0,1.0,1.0,0.0,1.0,0.0,12.0,0.0,66.0
285,286,2.0,3.0,2.0,0.0,4.0,1.366315400000076,-38.5,12.0,0.42,size,color,orientation,0.3,11.0,19,female,0,2706.6599567000003,1,18,0.0,1.0,1.0,0.0,-1.0,0.0,13.0,0.0,67.0
286,287,2.0,1.0,0.0,0.0,4.0,6.399312900000041,47.0,3.0,0.26,size,color,orientation,0.3,11.0,19,female,0,2706.6599567000003,1,18,0.0,1.0,1.0,0.0,0.0,0.0,14.0,0.0,68.0
287,288,3.0,1.0,2.0,0.0,8.0,14.098593600000186,6.5,14.0,0.18,size,color,orientation,0.3,11.0,19,female,0,2706.6599567000003,1,18,0.0,1.0,2.0,0.0,0.0,0.0,15.0,1.0,0.0
288,289,3.0,3.0,1.0,0.0,8.0,1.2821964999998272,24.5,11.0,0.14,size,color,orientation,0.3,11.0,19,female,0,2706.6599567000003,1,18,0.0,1.0,1.0,0.0,0.0,-1.0,16.0,2.0,0.0
289,290,3.0,3.0,5.0,0.0,8.0,1.4655846999999085,20.0,9.0,0.3400000000000001,size,color,orientation,0.3,11.0,19,female,0,2706.6599567000003,1,18,0.0,1.0,2.0,0.0,0.0,1.0,17.0,3.0,0.0
290,291,3.0,6.0,3.0,0.0,8.0,2.0662426999999752,74.0,22.0,0.26,size,color,orientation,0.3,11.0,19,female,0,2706.6599567000003,1,18,0.0,1.0,2.0,0.0,0.0,-1.0,18.0,4.0,0.0
291,292,3.0,3.0,0.0,0.0,8.0,6.982434600000033,-34.0,6.0,0.26,size,color,orientation,0.3,11.0,19,female,0,2706.6599567000003,1,18,0.0,1.0,2.0,0.0,0.0,0.0,19.0,5.0,0.0
292,293,2.0,2.0,3.0,0.0,4.0,1.3492685999999594,-11.5,20.0,0.3,size,color,orientation,0.3,11.0,19,female,0,2706.6599567000003,1,18,0.0,1.0,2.0,0.0,0.0,0.0,20.0,0.0,1.0
293,294,2.0,3.0,3.0,1.0,4.0,7.416843399999834,-65.5,24.0,0.38,size,color,orientation,0.3,11.0,19,female,0,2706.6599567000003,1,18,0.0,0.0,2.0,0.0,0.0,0.0,21.0,0.0,2.0
294,295,2.0,3.0,3.0,1.0,4.0,3.250433599999951,65.0,21.0,0.4600000000000001,size,color,orientation,0.3,11.0,19,female,0,2706.6599567000003,0,18,0.0,0.0,2.0,0.0,1.0,0.0,22.0,0.0,3.0
295,296,2.0,0.0,1.0,0.0,4.0,4.066651100000172,-52.0,21.0,0.22,size,color,orientation,0.3,11.0,19,female,0,2706.6599567000003,0,18,0.0,1.0,2.0,0.0,0.0,0.0,23.0,0.0,4.0
296,297,2.0,1.0,0.0,0.0,4.0,1.0830567000000428,38.0,4.0,0.18,size,color,orientation,0.3,11.0,19,female,0,2706.6599567000003,1,18,0.0,1.0,2.0,0.0,-1.0,0.0,24.0,0.0,5.0
297,298,2.0,2.0,2.0,1.0,4.0,1.8154684000001,-88.0,10.0,0.38,size,color,orientation,0.3,11.0,19,female,0,2706.6599567000003,1,18,0.0,0.0,2.0,0.0,0.0,0.0,25.0,0.0,6.0
298,299,2.0,1.0,1.0,1.0,4.0,1.9497499000001424,38.0,14.0,0.26,size,color,orientation,0.3,11.0,19,female,0,2706.6599567000003,0,18,0.0,0.0,2.0,0.0,1.0,0.0,26.0,0.0,7.0
299,300,2.0,2.0,1.0,0.0,4.0,1.800810900000215,87.5,19.0,0.26,size,color,orientation,0.3,11.0,19,female,0,2706.6599567000003,0,18,0.0,2.0,2.0,0.0,0.0,0.0,27.0,0.0,8.0
300,301,2.0,3.0,2.0,0.0,4.0,2.649265700000342,56.0,6.0,0.4600000000000001,size,color,orientation,0.3,11.0,19,female,0,2706.6599567000003,1,18,0.0,1.0,2.0,0.0,-2.0,0.0,28.0,0.0,9.0
301,302,2.0,0.0,0.0,1.0,4.0,1.3824209999997947,29.0,11.0,0.14,size,color,orientation,0.3,11.0,19,female,0,2706.6599567000003,1,18,0.0,0.0,2.0,0.0,1.0,0.0,29.0,0.0,10.0
302,303,2.0,3.0,2.0,0.0,4.0,2.98334879999993,38.0,0.0,0.38,size,color,orientation,0.3,11.0,19,female,0,2706.6599567000003,0,18,0.0,1.0,2.0,0.0,1.0,0.0,30.0,0.0,11.0
303,304,2.0,2.0,2.0,1.0,4.0,1.0824139999999716,65.0,6.0,0.3,size,color,orientation,0.3,11.0,19,female,0,2706.6599567000003,1,18,0.0,0.0,2.0,0.0,-1.0,0.0,31.0,0.0,12.0
304,305,2.0,0.0,1.0,0.0,4.0,0.9672513999998956,-25.0,17.0,0.22,size,color,orientation,0.3,11.0,19,female,0,2706.6599567000003,0,18,0.0,1.0,2.0,0.0,1.0,0.0,32.0,0.0,13.0
305,306,2.0,2.0,3.0,0.0,4.0,2.465259699999933,15.5,24.0,0.42,size,color,orientation,0.3,11.0,19,female,0,2706.6599567000003,1,18,0.0,1.0,2.0,0.0,-1.0,0.0,33.0,0.0,14.0
306,307,2.0,0.0,0.0,1.0,4.0,1.3661910999999236,56.0,11.0,0.1,size,color,orientation,0.3,11.0,19,female,0,2706.6599567000003,1,18,0.0,0.0,2.0,0.0,0.0,0.0,34.0,0.0,15.0
307,308,2.0,2.0,2.0,1.0,4.0,2.2999181000000135,-43.0,9.0,0.3,size,color,orientation,0.3,11.0,19,female,0,2706.6599567000003,0,18,0.0,0.0,2.0,0.0,1.0,0.0,35.0,0.0,16.0
308,309,2.0,1.0,3.0,0.0,4.0,3.4167450999998437,2.0,23.0,0.42,size,color,orientation,0.3,11.0,19,female,0,2706.6599567000003,0,18,0.0,1.0,2.0,0.0,0.0,0.0,36.0,0.0,17.0
309,310,2.0,1.0,0.0,0.0,4.0,1.516052700000273,38.0,3.0,0.14,size,color,orientation,0.3,11.0,19,female,0,2706.6599567000003,1,18,0.0,1.0,2.0,0.0,-1.0,0.0,37.0,0.0,18.0
310,311,2.0,3.0,2.0,0.0,4.0,1.9154806000001372,42.5,12.0,0.4600000000000001,size,color,orientation,0.3,11.0,19,female,0,2706.6599567000003,1,18,0.0,1.0,2.0,0.0,0.0,0.0,38.0,0.0,19.0
311,312,2.0,3.0,3.0,1.0,4.0,3.0490830999997343,-20.5,24.0,0.3400000000000001,size,color,orientation,0.3,11.0,19,female,0,2706.6599567000003,1,18,0.0,0.0,2.0,0.0,0.0,0.0,39.0,0.0,20.0
312,313,2.0,0.0,0.0,1.0,4.0,1.700141799999983,-11.5,7.0,0.1,size,color,orientation,0.3,11.0,19,female,0,2706.6599567000003,0,18,0.0,0.0,2.0,0.0,1.0,0.0,40.0,0.0,21.0
313,314,2.0,0.0,0.0,1.0,4.0,1.3678611000000274,-47.5,9.0,0.1,size,color,orientation,0.3,11.0,19,female,0,2706.6599567000003,0,18,0.0,0.0,2.0,0.0,0.0,0.0,41.0,0.0,22.0
314,315,2.0,0.0,1.0,0.0,4.0,3.148459499999717,38.0,14.0,0.14,size,color,orientation,0.3,11.0,19,female,0,2706.6599567000003,0,18,0.0,1.0,2.0,0.0,0.0,0.0,42.0,0.0,23.0
315,316,2.0,2.0,2.0,1.0,4.0,1.298756299999695,33.5,12.0,0.4600000000000001,size,color,orientation,0.3,11.0,19,female,0,2706.6599567000003,1,18,0.0,0.0,2.0,0.0,-1.0,0.0,43.0,0.0,24.0
316,317,2.0,3.0,3.0,1.0,4.0,2.1832744000003004,33.5,15.0,0.38,size,color,orientation,0.3,11.0,19,female,0,2706.6599567000003,0,18,0.0,0.0,2.0,0.0,1.0,0.0,44.0,0.0,25.0
317,318,2.0,3.0,2.0,0.0,4.0,1.5677700000001096,65.0,4.0,0.4600000000000001,size,color,orientation,0.3,11.0,19,female,0,2706.6599567000003,0,18,0.0,1.0,2.0,0.0,0.0,0.0,45.0,0.0,26.0
318,319,2.0,1.0,0.0,0.0,4.0,0.9167802000001756,20.0,9.0,0.14,size,color,orientation,0.3,11.0,19,female,0,2706.6599567000003,1,18,0.0,1.0,2.0,0.0,-1.0,0.0,46.0,0.0,27.0
319,320,2.0,1.0,1.0,1.0,4.0,2.450429399999848,24.5,15.0,0.18,size,color,orientation,0.3,11.0,19,female,0,2706.6599567000003,1,18,0.0,0.0,2.0,0.0,0.0,0.0,47.0,0.0,28.0
320,321,2.0,1.0,3.0,0.0,4.0,1.5497910999997655,11.0,15.0,0.3,size,color,orientation,0.3,11.0,19,female,0,2706.6599567000003,0,18,0.0,1.0,2.0,0.0,1.0,0.0,48.0,0.0,29.0
321,322,1.0,0.0,0.0,1.0,2.0,1.3114087999997537,-16.0,9.0,0.1,size,color,orientation,0.3,11.0,19,female,0,2706.6599567000003,1,18,0.0,1.0,2.0,0.0,1.0,0.0,0.0,1.0,30.0
322,323,1.0,0.0,0.0,1.0,2.0,1.0174668999998175,47.0,20.0,0.1,size,color,orientation,0.3,11.0,19,female,0,2706.6599567000003,0,18,0.0,1.0,2.0,0.0,1.0,0.0,0.0,2.0,31.0
323,324,1.0,1.0,1.0,1.0,2.0,1.3003764000000049,-20.5,7.0,0.3,size,color,orientation,0.3,11.0,19,female,0,2706.6599567000003,0,18,0.0,1.0,2.0,0.0,1.0,0.0,0.0,3.0,32.0
324,325,1.0,1.0,1.0,1.0,2.0,1.067047300000013,-70.0,9.0,0.3,size,color,orientation,0.3,11.0,19,female,0,2706.6599567000003,0,18,0.0,1.0,2.0,0.0,1.0,0.0,0.0,4.0,33.0
325,326,1.0,1.0,0.0,0.0,2.0,0.8833850000000893,-70.0,2.0,0.26,size,color,orientation,0.3,11.0,19,female,0,2706.6599567000003,0,18,1.0,1.0,2.0,0.0,1.0,0.0,0.0,5.0,34.0
326,327,1.0,1.0,1.0,1.0,2.0,1.7622937999999522,47.0,16.0,0.42,size,color,orientation,0.3,11.0,19,female,0,2706.6599567000003,1,18,0.0,1.0,2.0,-1.0,1.0,0.0,0.0,6.0,35.0
327,328,1.0,0.0,0.0,1.0,2.0,1.267077199999676,65.0,1.0,0.18,size,color,orientation,0.3,11.0,19,female,0,2706.6599567000003,0,18,0.0,1.0,2.0,1.0,1.0,0.0,0.0,7.0,36.0
328,329,1.0,1.0,1.0,1.0,2.0,0.9830147000002398,-88.0,10.0,0.3400000000000001,size,color,orientation,0.3,11.0,19,female,0,2706.6599567000003,0,18,0.0,1.0,2.0,0.0,1.0,0.0,0.0,8.0,37.0
329,330,1.0,1.0,1.0,1.0,2.0,1.6163289999999506,-11.5,0.0,0.3,size,color,orientation,0.3,11.0,19,female,0,2706.6599567000003,0,18,0.0,1.0,2.0,0.0,1.0,0.0,0.0,9.0,38.0
330,331,1.0,1.0,1.0,1.0,2.0,0.8492784999998548,-34.0,1.0,0.4600000000000001,size,color,orientation,0.3,11.0,19,female,0,2706.6599567000003,0,18,0.0,1.0,2.0,0.0,1.0,0.0,0.0,10.0,39.0
331,332,1.0,1.0,1.0,1.0,2.0,1.1502825999996276,29.0,2.0,0.38,size,color,orientation,0.3,11.0,19,female,0,2706.6599567000003,0,18,0.0,1.0,2.0,0.0,1.0,0.0,0.0,11.0,40.0
332,333,1.0,1.0,1.0,1.0,2.0,1.2500022999997782,51.5,16.0,0.3,size,color,orientation,0.3,11.0,19,female,0,2706.6599567000003,0,18,0.0,1.0,2.0,0.0,1.0,0.0,0.0,12.0,41.0
333,334,1.0,1.0,1.0,1.0,2.0,1.01781660000006,74.0,19.0,0.38,size,color,orientation,0.3,11.0,19,female,0,2706.6599567000003,0,18,0.0,1.0,2.0,0.0,1.0,0.0,0.0,13.0,42.0
334,335,1.0,1.0,1.0,1.0,2.0,0.7825405000003229,-88.0,17.0,0.42,size,color,orientation,0.3,11.0,19,female,0,2706.6599567000003,0,18,0.0,1.0,2.0,0.0,1.0,0.0,0.0,14.0,43.0
335,336,1.0,0.0,0.0,1.0,2.0,1.1666509000001497,-20.5,11.0,0.1,size,color,orientation,0.3,11.0,19,female,0,2706.6599567000003,0,18,0.0,1.0,2.0,0.0,1.0,0.0,0.0,15.0,44.0
336,337,2.0,1.0,0.0,0.0,4.0,1.5502988000002915,78.5,3.0,0.18,size,color,orientation,0.3,11.0,19,female,0,2706.6599567000003,1,18,0.0,1.0,2.0,0.0,0.0,0.0,1.0,0.0,45.0
337,338,2.0,1.0,1.0,1.0,4.0,1.349742000000333,47.0,23.0,0.26,size,color,orientation,0.3,11.0,19,female,0,2706.6599567000003,1,18,0.0,0.0,2.0,0.0,0.0,0.0,2.0,0.0,46.0
338,339,2.0,1.0,1.0,1.0,4.0,1.0172320000001491,83.0,13.0,0.26,size,color,orientation,0.3,11.0,19,female,0,2706.6599567000003,0,18,0.0,0.0,2.0,0.0,1.0,0.0,3.0,0.0,47.0
339,340,2.0,1.0,2.0,0.0,4.0,1.0825322000000597,-38.5,8.0,0.3400000000000001,size,color,orientation,0.3,11.0,19,female,0,2706.6599567000003,0,18,0.0,2.0,2.0,0.0,0.0,0.0,4.0,0.0,48.0
340,341,2.0,0.0,0.0,1.0,4.0,1.0491587000001346,56.0,6.0,0.1,size,color,orientation,0.3,11.0,19,female,0,2706.6599567000003,1,18,0.0,0.0,2.0,0.0,-2.0,0.0,5.0,0.0,49.0
341,342,2.0,1.0,2.0,0.0,4.0,1.7333075000001372,42.5,1.0,0.38,size,color,orientation,0.3,11.0,19,female,0,2706.6599567000003,0,18,0.0,2.0,2.0,0.0,2.0,0.0,6.0,0.0,50.0
342,343,2.0,2.0,2.0,1.0,4.0,0.7330139999999119,29.0,8.0,0.38,size,color,orientation,0.3,11.0,19,female,0,2706.6599567000003,1,18,0.0,0.0,2.0,0.0,-2.0,0.0,7.0,0.0,51.0
343,344,2.0,1.0,1.0,1.0,4.0,2.466839400000026,78.5,23.0,0.26,size,color,orientation,0.3,11.0,19,female,0,2706.6599567000003,0,18,0.0,0.0,2.0,0.0,2.0,0.0,8.0,0.0,52.0
344,345,2.0,1.0,1.0,1.0,4.0,1.2338800000002266,-16.0,20.0,0.26,size,color,orientation,0.3,11.0,19,female,0,2706.6599567000003,0,18,0.0,0.0,2.0,0.0,0.0,0.0,9.0,0.0,53.0
345,346,2.0,3.0,2.0,0.0,4.0,1.2830822000000808,-74.5,5.0,0.42,size,color,orientation,0.3,11.0,19,female,0,2706.6599567000003,0,18,0.0,1.0,2.0,0.0,0.0,0.0,10.0,0.0,54.0
346,347,2.0,2.0,0.0,0.0,4.0,1.3321642999999312,-29.5,2.0,0.26,size,color,orientation,0.3,11.0,19,female,0,2706.6599567000003,1,18,0.0,1.0,2.0,0.0,-1.0,0.0,11.0,0.0,55.0
347,348,3.0,4.0,1.0,0.0,8.0,2.548273599999902,87.5,3.0,0.26,size,color,orientation,0.3,11.0,19,female,0,2706.6599567000003,1,18,0.0,1.0,2.0,0.0,-1.0,0.0,12.0,1.0,0.0
348,349,3.0,5.0,5.0,1.0,8.0,10.366323200000352,47.0,11.0,0.42,size,color,orientation,0.3,11.0,19,female,0,2706.6599567000003,1,18,0.0,1.0,0.0,0.0,-1.0,0.0,13.0,2.0,0.0
349,350,3.0,6.0,6.0,1.0,8.0,2.9153888999999253,-29.5,14.0,0.3,size,color,orientation,0.3,11.0,19,female,0,2706.6599567000003,0,18,0.0,1.0,0.0,0.0,-1.0,2.0,14.0,3.0,0.0
350,351,3.0,3.0,7.0,0.0,8.0,1.734064899999794,60.5,24.0,0.3,size,color,orientation,0.3,11.0,19,female,0,2706.6599567000003,0,18,0.0,1.0,1.0,0.0,-1.0,0.0,15.0,4.0,0.0
351,352,2.0,2.0,3.0,0.0,4.0,1.7346674000000348,-11.5,21.0,0.42,size,color,orientation,0.3,11.0,19,female,0,2706.6599567000003,1,18,0.0,1.0,1.0,0.0,0.0,0.0,16.0,0.0,1.0
352,353,3.0,4.0,6.0,0.0,8.0,1.749472699999842,-38.5,14.0,0.42,size,color,orientation,0.3,11.0,19,female,0,2706.6599567000003,1,18,0.0,1.0,1.0,0.0,0.0,0.0,17.0,1.0,0.0
353,354,2.0,2.0,2.0,1.0,4.0,1.6662673000000725,-25.0,1.0,0.38,size,color,orientation,0.3,11.0,19,female,0,2706.6599567000003,1,18,0.0,0.0,1.0,0.0,0.0,0.0,18.0,0.0,1.0
354,355,2.0,0.0,1.0,0.0,4.0,1.099869900000158,-79.0,21.0,0.14,size,color,orientation,0.3,11.0,19,female,0,2706.6599567000003,0,18,0.0,1.0,1.0,0.0,1.0,0.0,19.0,0.0,2.0
355,356,3.0,2.0,7.0,0.0,8.0,2.68129080000017,29.0,21.0,0.4600000000000001,size,color,orientation,0.3,11.0,19,female,0,2706.6599567000003,1,18,0.0,1.0,2.0,0.0,1.0,0.0,20.0,1.0,0.0
356,357,3.0,3.0,7.0,0.0,8.0,1.3820964999999887,74.0,19.0,0.4600000000000001,size,color,orientation,0.3,11.0,19,female,0,2706.6599567000003,1,18,0.0,1.0,1.0,0.0,1.0,-1.0,21.0,2.0,0.0
357,358,2.0,0.0,1.0,0.0,4.0,1.6159228999999868,47.0,22.0,0.1,size,color,orientation,0.3,11.0,19,female,0,2706.6599567000003,1,18,0.0,1.0,1.0,0.0,0.0,-1.0,22.0,0.0,1.0
358,359,3.0,5.0,0.0,0.0,8.0,3.7492395999997825,-52.0,4.0,0.26,size,color,orientation,0.3,11.0,19,female,0,2706.6599567000003,1,18,0.0,1.0,2.0,0.0,0.0,0.0,23.0,1.0,0.0
359,360,3.0,1.0,2.0,0.0,8.0,3.182324299999891,-11.5,20.0,0.14,size,color,orientation,0.3,11.0,19,female,0,2706.6599567000003,1,18,0.0,1.0,2.0,0.0,0.0,-1.0,24.0,2.0,0.0
360,361,3.0,3.0,2.0,0.0,8.0,3.13240659999974,-56.5,14.0,0.26,size,color,orientation,0.3,11.0,19,female,0,2706.6599567000003,1,18,0.0,1.0,1.0,0.0,0.0,0.0,25.0,3.0,0.0
361,362,3.0,4.0,5.0,0.0,8.0,1.5658974000002672,24.5,9.0,0.4600000000000001,size,color,orientation,0.3,11.0,19,female,0,2706.6599567000003,1,18,0.0,1.0,1.0,0.0,0.0,1.0,26.0,4.0,0.0
362,363,3.0,1.0,2.0,0.0,8.0,1.6153994000001148,2.0,18.0,0.22,size,color,orientation,0.3,11.0,19,female,0,2706.6599567000003,1,18,0.0,1.0,2.0,0.0,0.0,0.0,27.0,5.0,0.0
363,364,3.0,3.0,4.0,0.0,8.0,1.7990264999998544,-2.5,4.0,0.38,size,color,orientation,0.3,11.0,19,female,0,2706.6599567000003,1,18,0.0,1.0,3.0,0.0,0.0,-1.0,28.0,6.0,0.0
364,365,3.0,4.0,1.0,0.0,8.0,10.132121000000096,83.0,12.0,0.26,size,color,orientation,0.3,11.0,19,female,0,2706.6599567000003,1,18,0.0,1.0,2.0,0.0,0.0,-1.0,29.0,7.0,0.0
365,366,3.0,1.0,5.0,0.0,8.0,3.765542799999821,60.5,7.0,0.3400000000000001,size,color,orientation,0.3,11.0,19,female,0,2706.6599567000003,1,18,0.0,1.0,1.0,0.0,0.0,1.0,30.0,8.0,0.0
366,367,3.0,5.0,5.0,1.0,8.0,0.6816477999996096,74.0,4.0,0.3400000000000001,size,color,orientation,0.3,11.0,19,female,0,2706.6599567000003,1,18,0.0,1.0,0.0,0.0,0.0,1.0,31.0,9.0,0.0
367,368,3.0,0.0,1.0,0.0,8.0,4.750893700000233,11.0,3.0,0.1,size,color,orientation,0.3,11.0,19,female,0,2706.6599567000003,0,18,0.0,1.0,1.0,0.0,0.0,1.0,32.0,10.0,0.0
368,369,3.0,5.0,7.0,0.0,8.0,0.9663925999998356,47.0,23.0,0.4600000000000001,size,color,orientation,0.3,11.0,19,female,0,2706.6599567000003,1,18,0.0,1.0,1.0,0.0,0.0,-1.0,33.0,11.0,0.0
369,370,3.0,5.0,1.0,0.0,8.0,1.09895860000006,42.5,8.0,0.22,size,color,orientation,0.3,11.0,19,female,0,2706.6599567000003,1,18,0.0,1.0,1.0,0.0,0.0,0.0,34.0,12.0,0.0
370,371,3.0,3.0,4.0,0.0,8.0,2.1992090999997345,-88.0,7.0,0.3400000000000001,size,color,orientation,0.3,11.0,19,female,0,2706.6599567000003,1,18,0.0,1.0,3.0,0.0,0.0,0.0,35.0,13.0,0.0
371,372,3.0,6.0,2.0,0.0,8.0,4.515844399999878,-2.5,13.0,0.14,size,color,orientation,0.3,11.0,19,female,0,2706.6599567000003,1,18,0.0,1.0,1.0,0.0,0.0,-2.0,36.0,14.0,0.0
372,373,2.0,1.0,0.0,0.0,4.0,3.2319251999997505,56.0,11.0,0.26,size,color,orientation,0.3,11.0,19,female,0,2706.6599567000003,1,18,0.0,1.0,1.0,0.0,0.0,-2.0,37.0,0.0,1.0
373,374,2.0,0.0,1.0,0.0,4.0,1.531782000000021,38.0,24.0,0.18,size,color,orientation,0.3,11.0,19,female,0,2706.6599567000003,1,18,0.0,1.0,1.0,0.0,0.0,-2.0,38.0,0.0,2.0
374,375,1.0,1.0,1.0,1.0,2.0,1.1796892000002115,-88.0,3.0,0.3,size,color,orientation,0.3,11.0,19,female,0,2706.6599567000003,1,18,0.0,1.0,1.0,0.0,0.0,-2.0,0.0,1.0,3.0
375,376,1.0,1.0,1.0,1.0,2.0,0.833090699999957,60.5,21.0,0.4600000000000001,size,color,orientation,0.3,11.0,19,female,0,2706.6599567000003,0,18,0.0,1.0,1.0,0.0,0.0,-2.0,0.0,2.0,4.0
376,377,1.0,0.0,0.0,1.0,2.0,1.3341574999999466,20.0,10.0,0.18,size,color,orientation,0.3,11.0,19,female,0,2706.6599567000003,0,18,0.0,1.0,1.0,0.0,0.0,-2.0,0.0,3.0,5.0
377,378,1.0,0.0,0.0,1.0,2.0,0.7831105000000207,-43.0,3.0,0.22,size,color,orientation,0.3,11.0,19,female,0,2706.6599567000003,0,18,0.0,1.0,1.0,0.0,0.0,-2.0,0.0,4.0,6.0
378,379,1.0,0.0,0.0,1.0,2.0,0.7166769999998905,-16.0,5.0,0.22,size,color,orientation,0.3,11.0,19,female,0,2706.6599567000003,0,18,0.0,1.0,1.0,0.0,0.0,-2.0,0.0,5.0,7.0
379,380,1.0,1.0,1.0,1.0,2.0,1.199558999999681,-83.5,8.0,0.38,size,color,orientation,0.3,11.0,19,female,0,2706.6599567000003,0,18,0.0,1.0,1.0,0.0,0.0,-2.0,0.0,6.0,8.0
380,381,1.0,0.0,0.0,1.0,2.0,1.550464699999793,-7.0,1.0,0.14,size,color,orientation,0.3,11.0,19,female,0,2706.6599567000003,0,18,0.0,1.0,1.0,0.0,0.0,-2.0,0.0,7.0,9.0
381,382,1.0,1.0,1.0,1.0,2.0,1.4010551000001217,-38.5,3.0,0.42,size,color,orientation,0.3,11.0,19,female,0,2706.6599567000003,0,18,0.0,1.0,1.0,0.0,0.0,-2.0,0.0,8.0,10.0
382,383,1.0,1.0,0.0,0.0,2.0,0.9846216999999342,-70.0,15.0,0.26,size,color,orientation,0.3,11.0,19,female,0,2706.6599567000003,0,18,1.0,1.0,1.0,0.0,0.0,-2.0,0.0,9.0,11.0
383,384,1.0,0.0,0.0,1.0,2.0,0.7946845000001304,38.0,14.0,0.26,size,color,orientation,0.3,11.0,19,female,0,2706.6599567000003,1,18,0.0,1.0,1.0,-1.0,0.0,-2.0,0.0,10.0,12.0
384,385,1.0,1.0,1.0,1.0,2.0,1.450670700000046,-70.0,17.0,0.42,size,color,orientation,0.3,11.0,19,female,0,2706.6599567000003,0,18,0.0,1.0,1.0,1.0,0.0,-2.0,0.0,11.0,13.0
385,386,1.0,0.0,0.0,1.0,2.0,1.6335472000000664,69.5,0.0,0.18,size,color,orientation,0.3,11.0,19,female,0,2706.6599567000003,0,18,0.0,1.0,1.0,0.0,0.0,-2.0,0.0,12.0,14.0
386,387,1.0,0.0,0.0,1.0,2.0,0.5172716999995828,69.5,8.0,0.18,size,color,orientation,0.3,11.0,19,female,0,2706.6599567000003,0,18,0.0,1.0,1.0,0.0,0.0,-2.0,0.0,13.0,15.0
387,388,1.0,0.0,0.0,1.0,2.0,1.00062459999981,-16.0,7.0,0.18,size,color,orientation,0.3,11.0,19,female,0,2706.6599567000003,0,18,0.0,1.0,1.0,0.0,0.0,-2.0,0.0,14.0,16.0
388,389,1.0,1.0,1.0,1.0,2.0,1.0494361000000936,-65.5,15.0,0.38,size,color,orientation,0.3,11.0,19,female,0,2706.6599567000003,0,18,0.0,1.0,1.0,0.0,0.0,-2.0,0.0,15.0,17.0
389,390,1.0,0.0,0.0,1.0,2.0,1.4001290000001063,24.5,23.0,0.14,size,color,orientation,0.3,11.0,19,female,0,2706.6599567000003,0,18,0.0,1.0,1.0,0.0,0.0,-2.0,0.0,16.0,18.0
390,391,1.0,1.0,1.0,1.0,2.0,1.0669934000002286,38.0,3.0,0.3400000000000001,size,color,orientation,0.3,11.0,19,female,0,2706.6599567000003,0,18,0.0,1.0,1.0,0.0,0.0,-2.0,0.0,17.0,19.0
391,392,1.0,1.0,1.0,1.0,2.0,2.0501601999999366,-61.0,18.0,0.42,size,color,orientation,0.3,11.0,19,female,0,2706.6599567000003,0,18,0.0,1.0,1.0,0.0,0.0,-2.0,0.0,18.0,20.0
392,393,1.0,0.0,0.0,1.0,2.0,1.1012627000000066,-20.5,21.0,0.1,size,color,orientation,0.3,11.0,19,female,0,2706.6599567000003,0,18,0.0,1.0,1.0,0.0,0.0,-2.0,0.0,19.0,21.0
393,394,1.0,1.0,1.0,1.0,2.0,2.6297835999998824,-2.5,24.0,0.4600000000000001,size,color,orientation,0.3,11.0,19,female,0,2706.6599567000003,1,18,0.0,1.0,1.0,0.0,0.0,-2.0,0.0,20.0,22.0
394,395,1.0,0.0,0.0,1.0,2.0,1.882601599999816,-34.0,24.0,0.1,size,color,orientation,0.3,11.0,19,female,0,2706.6599567000003,0,18,0.0,1.0,1.0,0.0,0.0,-2.0,0.0,21.0,23.0
395,396,1.0,1.0,1.0,1.0,2.0,1.0505459000000883,65.0,20.0,0.38,size,color,orientation,0.3,11.0,19,female,0,2706.6599567000003,0,18,0.0,1.0,1.0,0.0,0.0,-2.0,0.0,22.0,24.0
396,397,1.0,1.0,1.0,1.0,2.0,0.7837523999996847,83.0,15.0,0.3400000000000001,size,color,orientation,0.3,11.0,19,female,0,2706.6599567000003,0,18,0.0,1.0,1.0,0.0,0.0,-2.0,0.0,23.0,25.0
397,398,1.0,1.0,0.0,0.0,2.0,0.9837785999998232,-25.0,18.0,0.26,size,color,orientation,0.3,11.0,19,female,0,2706.6599567000003,0,18,1.0,1.0,1.0,0.0,0.0,-2.0,0.0,24.0,26.0
398,399,3.0,7.0,6.0,0.0,8.0,4.648269899999832,-11.5,19.0,0.38,size,color,orientation,0.3,11.0,19,female,0,2706.6599567000003,1,18,1.0,1.0,1.0,0.0,0.0,0.0,1.0,25.0,0.0
399,400,2.0,1.0,1.0,1.0,4.0,1.5655047000000195,-20.5,20.0,0.22,size,color,orientation,0.3,11.0,19,female,0,2706.6599567000003,1,18,1.0,0.0,1.0,0.0,0.0,0.0,2.0,0.0,1.0
400,401,2.0,1.0,1.0,1.0,4.0,1.0496142999995757,78.5,20.0,0.26,size,color,orientation,0.3,11.0,19,female,0,2706.6599567000003,0,18,1.0,0.0,1.0,0.0,1.0,0.0,3.0,0.0,2.0
401,402,2.0,0.0,1.0,0.0,4.0,1.9333121999998184,-11.5,21.0,0.18,size,color,orientation,0.3,11.0,19,female,0,2706.6599567000003,0,18,1.0,1.0,1.0,0.0,0.0,0.0,4.0,0.0,3.0
402,403,3.0,3.0,0.0,0.0,8.0,0.7153830000002017,2.0,3.0,0.18,size,color,orientation,0.3,11.0,19,female,0,2706.6599567000003,1,18,1.0,1.0,2.0,0.0,0.0,0.0,5.0,1.0,0.0
403,404,2.0,1.0,2.0,0.0,4.0,1.565925800000059,47.0,11.0,0.38,size,color,orientation,0.3,11.0,19,female,0,2706.6599567000003,1,18,1.0,2.0,2.0,0.0,0.0,0.0,6.0,0.0,1.0
404,405,2.0,2.0,3.0,0.0,4.0,1.4995245999998588,-70.0,24.0,0.4600000000000001,size,color,orientation,0.3,11.0,19,female,0,2706.6599567000003,1,18,1.0,1.0,2.0,0.0,-1.0,0.0,7.0,0.0,2.0
405,406,2.0,1.0,2.0,0.0,4.0,2.149231200000031,74.0,9.0,0.3400000000000001,size,color,orientation,0.3,11.0,19,female,0,2706.6599567000003,1,18,1.0,2.0,2.0,0.0,1.0,0.0,8.0,0.0,3.0
406,407,2.0,0.0,0.0,1.0,4.0,1.7992996000002677,15.5,10.0,0.1,size,color,orientation,0.3,11.0,19,female,0,2706.6599567000003,1,18,1.0,0.0,2.0,0.0,-1.0,0.0,9.0,0.0,4.0
407,408,2.0,1.0,0.0,0.0,4.0,1.549927800000205,38.0,8.0,0.26,size,color,orientation,0.3,11.0,19,female,0,2706.6599567000003,0,18,1.0,1.0,2.0,0.0,2.0,0.0,10.0,0.0,5.0
408,409,2.0,0.0,1.0,0.0,4.0,1.5160242000001745,-79.0,15.0,0.14,size,color,orientation,0.3,11.0,19,female,0,2706.6599567000003,1,18,1.0,1.0,2.0,0.0,-1.0,0.0,11.0,0.0,6.0
409,410,3.0,7.0,5.0,0.0,8.0,5.7496077999999216,38.0,4.0,0.3,size,color,orientation,0.3,11.0,19,female,0,2706.6599567000003,1,18,1.0,1.0,1.0,0.0,-1.0,0.0,12.0,1.0,0.0
410,411,2.0,2.0,2.0,1.0,4.0,1.4317285000001905,-83.5,1.0,0.4600000000000001,size,color,orientation,0.3,11.0,19,female,0,2706.6599567000003,1,18,1.0,0.0,1.0,0.0,0.0,0.0,13.0,0.0,1.0
411,412,2.0,1.0,0.0,0.0,4.0,2.1171220999999605,38.0,10.0,0.26,size,color,orientation,0.3,11.0,19,female,0,2706.6599567000003,0,18,1.0,1.0,1.0,0.0,1.0,0.0,14.0,0.0,2.0
412,413,2.0,1.0,2.0,0.0,4.0,0.899865299999874,33.5,2.0,0.3400000000000001,size,color,orientation,0.3,11.0,19,female,0,2706.6599567000003,1,18,1.0,2.0,1.0,0.0,-1.0,0.0,15.0,0.0,3.0
413,414,2.0,0.0,0.0,1.0,4.0,1.1495411999999303,-38.5,5.0,0.14,size,color,orientation,0.3,11.0,19,female,0,2706.6599567000003,1,18,1.0,0.0,1.0,0.0,-1.0,0.0,16.0,0.0,4.0
414,415,2.0,3.0,2.0,0.0,4.0,2.5838111000002755,11.0,7.0,0.42,size,color,orientation,0.3,11.0,19,female,0,2706.6599567000003,0,18,1.0,1.0,1.0,0.0,2.0,0.0,17.0,0.0,5.0
415,416,2.0,0.0,1.0,0.0,4.0,1.0826270000002296,74.0,19.0,0.1,size,color,orientation,0.3,11.0,19,female,0,2706.6599567000003,1,18,1.0,1.0,1.0,0.0,-1.0,0.0,18.0,0.0,6.0
416,417,2.0,3.0,2.0,0.0,4.0,1.94995229999995,-16.0,0.0,0.3400000000000001,size,color,orientation,0.3,11.0,19,female,0,2706.6599567000003,1,18,1.0,1.0,1.0,0.0,0.0,0.0,19.0,0.0,7.0
417,418,3.0,4.0,6.0,0.0,8.0,2.531937200000357,-47.5,23.0,0.4600000000000001,size,color,orientation,0.3,11.0,19,female,0,2706.6599567000003,1,18,1.0,1.0,1.0,0.0,0.0,0.0,20.0,1.0,0.0
418,419,2.0,2.0,2.0,1.0,4.0,1.3659664999995584,-88.0,5.0,0.42,size,color,orientation,0.3,11.0,19,female,0,2706.6599567000003,1,18,1.0,0.0,1.0,0.0,0.0,0.0,21.0,0.0,1.0
419,420,2.0,0.0,0.0,1.0,4.0,2.2170321999997213,47.0,5.0,0.18,size,color,orientation,0.3,11.0,19,female,0,2706.6599567000003,0,18,1.0,0.0,1.0,0.0,1.0,0.0,22.0,0.0,2.0
420,421,2.0,1.0,3.0,0.0,4.0,1.1845926000000873,-29.5,20.0,0.3400000000000001,size,color,orientation,0.3,11.0,19,female,0,2706.6599567000003,0,18,1.0,1.0,1.0,0.0,0.0,0.0,23.0,0.0,3.0
421,422,2.0,2.0,3.0,0.0,4.0,1.132641700000022,-74.5,24.0,0.3,size,color,orientation,0.3,11.0,19,female,0,2706.6599567000003,1,18,1.0,1.0,1.0,0.0,-1.0,0.0,24.0,0.0,4.0
422,423,2.0,3.0,3.0,1.0,4.0,3.6493577999999616,-47.5,22.0,0.42,size,color,orientation,0.3,11.0,19,female,0,2706.6599567000003,1,18,1.0,0.0,1.0,0.0,0.0,0.0,25.0,0.0,5.0
423,424,2.0,3.0,3.0,1.0,4.0,2.917113800000152,-79.0,21.0,0.42,size,color,orientation,0.3,11.0,19,female,0,2706.6599567000003,0,18,1.0,0.0,1.0,0.0,1.0,0.0,26.0,0.0,6.0
424,425,2.0,2.0,3.0,0.0,4.0,1.9670940000000885,56.0,24.0,0.42,size,color,orientation,0.3,11.0,19,female,0,2706.6599567000003,0,18,1.0,1.0,1.0,0.0,0.0,0.0,27.0,0.0,7.0
425,426,2.0,2.0,3.0,0.0,4.0,0.9329140999998344,-70.0,23.0,0.3,size,color,orientation,0.3,11.0,19,female,0,2706.6599567000003,1,18,1.0,1.0,1.0,0.0,-1.0,0.0,28.0,0.0,8.0
426,427,2.0,3.0,2.0,0.0,4.0,1.765269999999873,56.0,11.0,0.4600000000000001,size,color,orientation,0.3,11.0,19,female,0,2706.6599567000003,1,18,1.0,1.0,1.0,0.0,0.0,0.0,29.0,0.0,9.0
427,428,2.0,1.0,1.0,1.0,4.0,2.0819062999999005,-56.5,22.0,0.18,size,color,orientation,0.3,11.0,19,female,0,2706.6599567000003,1,18,1.0,0.0,1.0,0.0,0.0,0.0,30.0,0.0,10.0
428,429,2.0,0.0,1.0,0.0,4.0,1.332762300000013,83.0,24.0,0.1,size,color,orientation,0.3,11.0,19,female,0,2706.6599567000003,0,18,1.0,1.0,1.0,0.0,1.0,0.0,31.0,0.0,11.0
429,430,2.0,0.0,1.0,0.0,4.0,2.382982699999957,-7.0,18.0,0.22,size,color,orientation,0.3,11.0,19,female,0,2706.6599567000003,1,18,1.0,1.0,1.0,0.0,-1.0,0.0,32.0,0.0,12.0
430,431,2.0,3.0,2.0,0.0,4.0,6.182216200000312,11.0,11.0,0.38,size,color,orientation,0.3,11.0,19,female,0,2706.6599567000003,1,18,1.0,1.0,1.0,0.0,0.0,0.0,33.0,0.0,13.0
431,432,2.0,2.0,0.0,0.0,4.0,0.9485684000001128,-7.0,8.0,0.26,size,color,orientation,0.3,11.0,19,female,0,2706.6599567000003,1,18,1.0,1.0,1.0,0.0,0.0,0.0,34.0,0.0,14.0
432,433,3.0,0.0,3.0,0.0,8.0,1.9993254000000888,87.5,18.0,0.1,size,color,orientation,0.3,11.0,19,female,0,2706.6599567000003,1,18,1.0,1.0,2.0,0.0,0.0,0.0,35.0,1.0,0.0
433,434,3.0,4.0,4.0,1.0,8.0,2.5670712999999523,-65.5,9.0,0.38,size,color,orientation,0.3,11.0,19,female,0,2706.6599567000003,1,18,1.0,1.0,0.0,0.0,0.0,-1.0,36.0,2.0,0.0
434,435,3.0,5.0,3.0,0.0,8.0,1.233024800000294,78.5,16.0,0.26,size,color,orientation,0.3,11.0,19,female,0,2706.6599567000003,0,18,1.0,1.0,2.0,0.0,0.0,2.0,37.0,3.0,0.0
435,436,3.0,3.0,7.0,0.0,8.0,8.548257599999943,60.5,13.0,0.38,size,color,orientation,0.3,11.0,19,female,0,2706.6599567000003,1,18,1.0,1.0,1.0,0.0,0.0,-2.0,38.0,4.0,0.0
436,437,3.0,2.0,3.0,0.0,8.0,2.350634599999921,20.0,13.0,0.14,size,color,orientation,0.3,11.0,19,female,0,2706.6599567000003,1,18,1.0,1.0,1.0,0.0,0.0,1.0,39.0,5.0,0.0
437,438,3.0,4.0,0.0,0.0,8.0,0.8161644000001615,-16.0,10.0,0.26,size,color,orientation,0.3,11.0,19,female,0,2706.6599567000003,1,18,1.0,1.0,1.0,0.0,0.0,0.0,40.0,6.0,0.0
438,439,3.0,3.0,0.0,0.0,8.0,2.6994416000002275,-47.5,6.0,0.14,size,color,orientation,0.3,11.0,19,female,0,2706.6599567000003,1,18,1.0,1.0,2.0,0.0,0.0,0.0,41.0,7.0,0.0
439,440,3.0,5.0,1.0,0.0,8.0,14.44938890000003,29.0,12.0,0.14,size,color,orientation,0.3,11.0,19,female,0,2706.6599567000003,1,18,1.0,1.0,1.0,0.0,0.0,-1.0,42.0,8.0,0.0
440,441,3.0,2.0,1.0,0.0,8.0,1.7820042000003014,11.0,3.0,0.1,size,color,orientation,0.3,11.0,19,female,0,2706.6599567000003,1,18,1.0,1.0,2.0,0.0,0.0,1.0,43.0,9.0,0.0
441,442,3.0,1.0,0.0,0.0,8.0,1.350107200000366,-7.0,5.0,0.14,size,color,orientation,0.3,11.0,19,female,0,2706.6599567000003,1,18,1.0,1.0,1.0,0.0,0.0,-1.0,44.0,10.0,0.0
442,443,3.0,6.0,6.0,1.0,8.0,2.399045099999966,-47.5,19.0,0.4600000000000001,size,color,orientation,0.3,11.0,19,female,0,2706.6599567000003,1,18,1.0,1.0,0.0,0.0,0.0,1.0,45.0,11.0,0.0
443,444,3.0,2.0,3.0,0.0,8.0,3.0164887000000817,11.0,13.0,0.14,size,color,orientation,0.3,11.0,19,female,0,2706.6599567000003,0,18,1.0,1.0,1.0,0.0,0.0,1.0,46.0,12.0,0.0
444,445,3.0,4.0,7.0,0.0,8.0,2.281910199999857,11.0,20.0,0.3,size,color,orientation,0.3,11.0,19,female,0,2706.6599567000003,1,18,1.0,1.0,2.0,0.0,0.0,-1.0,47.0,13.0,0.0
445,446,3.0,1.0,0.0,0.0,8.0,8.650212300000021,-7.0,8.0,0.18,size,color,orientation,0.3,11.0,19,female,0,2706.6599567000003,1,18,1.0,1.0,1.0,0.0,0.0,-1.0,48.0,14.0,0.0
446,447,1.0,1.0,1.0,1.0,2.0,2.0961420999997245,29.0,21.0,0.3400000000000001,size,color,orientation,0.3,11.0,19,female,0,2706.6599567000003,1,18,0.0,1.0,1.0,0.0,0.0,-1.0,0.0,15.0,1.0
447,448,1.0,1.0,1.0,1.0,2.0,1.2335032999999385,-11.5,20.0,0.3400000000000001,size,color,orientation,0.3,11.0,19,female,0,2706.6599567000003,0,18,0.0,1.0,1.0,1.0,0.0,-1.0,0.0,16.0,2.0
448,449,1.0,1.0,1.0,1.0,2.0,0.9991602000000056,33.5,1.0,0.4600000000000001,size,color,orientation,0.3,11.0,19,female,0,2706.6599567000003,0,18,0.0,1.0,1.0,0.0,0.0,-1.0,0.0,17.0,3.0
449,450,1.0,0.0,0.0,1.0,2.0,1.4660206999997172,-56.5,10.0,0.1,size,color,orientation,0.3,11.0,19,female,0,2706.6599567000003,0,18,0.0,1.0,1.0,0.0,0.0,-1.0,0.0,18.0,4.0
450,451,1.0,1.0,1.0,1.0,2.0,3.81833800000004,-52.0,23.0,0.42,size,color,orientation,0.3,11.0,19,female,0,2706.6599567000003,0,18,0.0,1.0,1.0,0.0,0.0,-1.0,0.0,19.0,5.0
451,452,1.0,1.0,1.0,1.0,2.0,3.5832735000003595,-11.5,14.0,0.42,size,color,orientation,0.3,11.0,19,female,0,2706.6599567000003,0,18,0.0,1.0,1.0,0.0,0.0,-1.0,0.0,20.0,6.0
452,453,1.0,1.0,1.0,1.0,2.0,5.3009689000000435,-2.5,10.0,0.4600000000000001,size,color,orientation,0.3,11.0,19,female,0,2706.6599567000003,0,18,0.0,1.0,1.0,0.0,0.0,-1.0,0.0,21.0,7.0
453,454,1.0,1.0,1.0,1.0,2.0,3.250837000000047,-38.5,12.0,0.3,size,color,orientation,0.3,11.0,19,female,0,2706.6599567000003,0,18,0.0,1.0,1.0,0.0,0.0,-1.0,0.0,22.0,8.0
454,455,1.0,1.0,1.0,1.0,2.0,2.049626100000296,33.5,14.0,0.3,size,color,orientation,0.3,11.0,19,female,0,2706.6599567000003,0,18,0.0,1.0,1.0,0.0,0.0,-1.0,0.0,23.0,9.0
455,456,1.0,1.0,1.0,1.0,2.0,1.1498947000000044,-25.0,7.0,0.38,size,color,orientation,0.3,11.0,19,female,0,2706.6599567000003,0,18,0.0,1.0,1.0,0.0,0.0,-1.0,0.0,24.0,10.0
456,457,2.0,1.0,1.0,1.0,4.0,5.515789399999903,2.0,19.0,0.22,size,color,orientation,0.3,11.0,19,female,0,2706.6599567000003,1,18,0.0,0.0,1.0,0.0,0.0,-1.0,1.0,0.0,11.0
457,458,2.0,3.0,0.0,0.0,4.0,5.933381300000292,-56.5,3.0,0.22,size,color,orientation,0.3,11.0,19,female,0,2706.6599567000003,0,18,0.0,2.0,1.0,0.0,1.0,-1.0,2.0,0.0,12.0
458,459,2.0,2.0,3.0,0.0,4.0,1.5171128000001772,-16.0,15.0,0.4600000000000001,size,color,orientation,0.3,11.0,19,female,0,2706.6599567000003,1,18,0.0,1.0,1.0,0.0,-2.0,-1.0,3.0,0.0,13.0
459,460,2.0,2.0,2.0,1.0,4.0,1.3164542999998048,-88.0,4.0,0.3,size,color,orientation,0.3,11.0,19,female,0,2706.6599567000003,1,18,0.0,0.0,1.0,0.0,1.0,-1.0,4.0,0.0,14.0
460,461,2.0,0.0,1.0,0.0,4.0,2.017241600000034,-52.0,18.0,0.14,size,color,orientation,0.3,11.0,19,female,0,2706.6599567000003,0,18,0.0,1.0,1.0,0.0,1.0,-1.0,5.0,0.0,15.0
461,462,2.0,1.0,0.0,0.0,4.0,0.8993881999999758,-56.5,6.0,0.26,size,color,orientation,0.3,11.0,19,female,0,2706.6599567000003,1,18,0.0,1.0,1.0,0.0,-1.0,-1.0,6.0,0.0,16.0
462,463,1.0,0.0,0.0,1.0,2.0,1.7959390000000894,60.5,9.0,0.22,size,color,orientation,0.3,11.0,19,female,0,2706.6599567000003,1,18,0.0,1.0,1.0,0.0,-1.0,-1.0,0.0,1.0,17.0
463,464,1.0,0.0,0.0,1.0,2.0,4.200551199999609,65.0,22.0,0.18,size,color,orientation,0.3,11.0,19,female,0,2706.6599567000003,0,18,0.0,1.0,1.0,0.0,-1.0,-1.0,0.0,2.0,18.0
464,465,1.0,1.0,1.0,1.0,2.0,3.1676597000000584,-74.5,6.0,0.38,size,color,orientation,0.3,11.0,19,female,0,2706.6599567000003,0,18,0.0,1.0,1.0,0.0,-1.0,-1.0,0.0,3.0,19.0
465,466,1.0,1.0,1.0,1.0,2.0,4.216798699999799,24.5,1.0,0.38,size,color,orientation,0.3,11.0,19,female,0,2706.6599567000003,0,18,0.0,1.0,1.0,0.0,-1.0,-1.0,0.0,4.0,20.0
466,467,1.0,1.0,1.0,1.0,2.0,4.6331349000001865,29.0,22.0,0.3400000000000001,size,color,orientation,0.3,11.0,19,female,0,2706.6599567000003,0,18,0.0,1.0,1.0,0.0,-1.0,-1.0,0.0,5.0,21.0
467,468,1.0,0.0,0.0,1.0,2.0,6.649898299999677,-34.0,2.0,0.1,size,color,orientation,0.3,11.0,19,female,0,2706.6599567000003,0,18,0.0,1.0,1.0,0.0,-1.0,-1.0,0.0,6.0,22.0
468,469,1.0,0.0,0.0,1.0,2.0,4.283566399999927,6.5,22.0,0.18,size,color,orientation,0.3,11.0,19,female,0,2706.6599567000003,0,18,0.0,1.0,1.0,0.0,-1.0,-1.0,0.0,7.0,23.0
469,470,1.0,1.0,0.0,0.0,2.0,2.50051620000022,-65.5,23.0,0.26,size,color,orientation,0.3,11.0,19,female,0,2706.6599567000003,0,18,1.0,1.0,1.0,0.0,-1.0,-1.0,0.0,8.0,24.0
470,471,1.0,1.0,0.0,0.0,2.0,1.712283099999695,33.5,12.0,0.26,size,color,orientation,0.3,11.0,19,female,0,2706.6599567000003,1,18,1.0,1.0,1.0,-1.0,-1.0,-1.0,0.0,9.0,25.0
471,472,1.0,0.0,1.0,0.0,2.0,0.6467289000001983,29.0,11.0,0.3,size,color,orientation,0.3,11.0,19,female,0,2706.6599567000003,1,18,1.0,1.0,1.0,0.0,-1.0,-1.0,0.0,10.0,26.0
472,473,1.0,0.0,0.0,1.0,2.0,0.7280044999997699,-25.0,17.0,0.22,size,color,orientation,0.3,11.0,19,female,0,2706.6599567000003,1,18,0.0,1.0,1.0,0.0,-1.0,-1.0,0.0,11.0,27.0
473,474,1.0,1.0,1.0,1.0,2.0,2.784739300000183,-56.5,23.0,0.3400000000000001,size,color,orientation,0.3,11.0,19,female,0,2706.6599567000003,0,18,0.0,1.0,1.0,1.0,-1.0,-1.0,0.0,12.0,28.0
474,475,1.0,1.0,1.0,1.0,2.0,4.317047300000013,-25.0,12.0,0.42,size,color,orientation,0.3,11.0,19,female,0,2706.6599567000003,0,18,0.0,1.0,1.0,0.0,-1.0,-1.0,0.0,13.0,29.0
475,476,1.0,1.0,1.0,1.0,2.0,9.083243499999751,11.0,9.0,0.42,size,color,orientation,0.3,11.0,19,female,0,2706.6599567000003,0,18,0.0,1.0,1.0,0.0,-1.0,-1.0,0.0,14.0,30.0
476,477,1.0,0.0,0.0,1.0,2.0,2.649932700000136,-7.0,22.0,0.22,size,color,orientation,0.3,11.0,19,female,0,2706.6599567000003,0,18,0.0,1.0,1.0,0.0,-1.0,-1.0,0.0,15.0,31.0
477,478,1.0,0.0,0.0,1.0,2.0,2.3503445999999713,-25.0,5.0,0.26,size,color,orientation,0.3,11.0,19,female,0,2706.6599567000003,0,18,0.0,1.0,1.0,0.0,-1.0,-1.0,0.0,16.0,32.0
478,479,1.0,0.0,0.0,1.0,2.0,2.967265899999802,24.5,5.0,0.18,size,color,orientation,0.3,11.0,19,female,0,2706.6599567000003,0,18,0.0,1.0,1.0,0.0,-1.0,-1.0,0.0,17.0,33.0
479,480,1.0,0.0,0.0,1.0,2.0,3.4509721999997964,74.0,0.0,0.1,size,color,orientation,0.3,11.0,19,female,0,2706.6599567000003,0,18,0.0,1.0,1.0,0.0,-1.0,-1.0,0.0,18.0,34.0
480,481,1.0,1.0,1.0,1.0,2.0,5.083606199999849,-47.5,1.0,0.3400000000000001,size,color,orientation,0.3,11.0,19,female,0,2706.6599567000003,0,18,0.0,1.0,1.0,0.0,-1.0,-1.0,0.0,19.0,35.0
481,482,1.0,0.0,0.0,1.0,2.0,4.1510480000001735,-56.5,3.0,0.18,size,color,orientation,0.3,11.0,19,female,0,2706.6599567000003,0,18,0.0,1.0,1.0,0.0,-1.0,-1.0,0.0,20.0,36.0
482,483,1.0,0.0,0.0,1.0,2.0,1.4802012000000104,2.0,1.0,0.26,size,color,orientation,0.3,11.0,19,female,0,2706.6599567000003,1,18,0.0,1.0,1.0,0.0,-1.0,-1.0,0.0,21.0,37.0
483,484,1.0,0.0,0.0,1.0,2.0,3.0836761999999,-7.0,12.0,0.18,size,color,orientation,0.3,11.0,19,female,0,2706.6599567000003,0,18,0.0,1.0,1.0,0.0,-1.0,-1.0,0.0,22.0,38.0
484,485,1.0,0.0,0.0,1.0,2.0,3.6171635000000606,78.5,11.0,0.18,size,color,orientation,0.3,11.0,19,female,0,2706.6599567000003,0,18,0.0,1.0,1.0,0.0,-1.0,-1.0,0.0,23.0,39.0
485,486,1.0,1.0,1.0,1.0,2.0,5.48340619999999,-2.5,8.0,0.4600000000000001,size,color,orientation,0.3,11.0,19,female,0,2706.6599567000003,0,18,0.0,1.0,1.0,0.0,-1.0,-1.0,0.0,24.0,40.0
486,487,1.0,0.0,0.0,1.0,2.0,3.7836316000002626,74.0,8.0,0.1,size,color,orientation,0.3,11.0,19,female,0,2706.6599567000003,0,18,0.0,1.0,1.0,0.0,-1.0,-1.0,0.0,25.0,41.0
487,488,1.0,0.0,1.0,0.0,2.0,1.9833079,-43.0,7.0,0.3,size,color,orientation,0.3,11.0,19,female,0,2706.6599567000003,0,18,1.0,1.0,1.0,0.0,-1.0,-1.0,0.0,26.0,42.0
