,Trial_number,Chosen_castle,Chosen_location,Correct_location,Accuracy,Number_of_doors,RT,Current_orientation,Current_color,Current_size,First_feature,Second_feature,Third_feature,Participant_size,Participant_orientation,Participant_number,Participant_gender,Early_exit,Training_time,Meta_trial,Participant_age,PE_1,PE_2,PE_3,LP_1,LP_2,LP_3,Nov_1,Nov_2,Nov_3
0,1,2.0,2.0,3.0,0.0,4.0,8.966553200000021,20.0,23.0,0.38,orientation,size,color,0.22,-7.0,7,female,0,2712.7208285,1,22,0.0,0.0,0.0,0.0,0.0,0.0,99.0,0.0,99.0
1,2,2.0,0.0,3.0,0.0,4.0,4.616338900000073,38.0,9.0,0.3400000000000001,orientation,size,color,0.22,-7.0,7,female,0,2712.7208285,1,22,0.0,2.0,0.0,0.0,0.0,0.0,100.0,0.0,100.0
2,3,2.0,1.0,2.0,0.0,4.0,5.267102900000054,29.0,1.0,0.18,orientation,size,color,0.22,-7.0,7,female,0,2712.7208285,1,22,0.0,2.0,0.0,0.0,-2.0,0.0,101.0,0.0,101.0
3,4,2.0,2.0,1.0,0.0,4.0,6.866171900000154,-38.5,14.0,0.3,orientation,size,color,0.22,-7.0,7,female,0,2712.7208285,1,22,0.0,2.0,0.0,0.0,0.0,0.0,102.0,0.0,102.0
4,5,2.0,3.0,1.0,0.0,4.0,0.5673355999999785,-16.0,3.0,0.22,orientation,size,color,0.22,-7.0,7,female,0,2712.7208285,1,22,0.0,1.0,0.0,0.0,0.0,0.0,103.0,0.0,103.0
5,6,1.0,0.0,1.0,0.0,2.0,5.558855499999936,69.5,16.0,0.3400000000000001,orientation,size,color,0.22,-7.0,7,female,0,2712.7208285,1,22,1.0,1.0,0.0,0.0,0.0,0.0,0.0,1.0,104.0
6,7,1.0,1.0,1.0,1.0,2.0,3.97477240000012,-2.5,4.0,0.14,orientation,size,color,0.22,-7.0,7,female,0,2712.7208285,1,22,0.0,1.0,0.0,-1.0,0.0,0.0,0.0,2.0,105.0
7,8,1.0,1.0,1.0,1.0,2.0,1.8838976999998067,-2.5,14.0,0.22,orientation,size,color,0.22,-7.0,7,female,0,2712.7208285,0,22,0.0,1.0,0.0,1.0,0.0,0.0,0.0,3.0,106.0
8,9,1.0,1.0,1.0,1.0,2.0,2.383989399999791,69.5,4.0,0.42,orientation,size,color,0.22,-7.0,7,female,0,2712.7208285,0,22,0.0,1.0,0.0,0.0,0.0,0.0,0.0,4.0,107.0
9,10,1.0,1.0,1.0,1.0,2.0,1.3507518999999777,56.0,14.0,0.26,orientation,size,color,0.22,-7.0,7,female,0,2712.7208285,0,22,0.0,1.0,0.0,0.0,0.0,0.0,0.0,5.0,108.0
10,11,1.0,1.0,1.0,1.0,2.0,3.233826200000067,-2.5,6.0,0.4600000000000001,orientation,size,color,0.22,-7.0,7,female,0,2712.7208285,0,22,0.0,1.0,0.0,0.0,0.0,0.0,0.0,6.0,109.0
11,12,1.0,0.0,0.0,1.0,2.0,3.567245999999841,-88.0,5.0,0.22,orientation,size,color,0.22,-7.0,7,female,0,2712.7208285,0,22,0.0,1.0,0.0,0.0,0.0,0.0,0.0,7.0,110.0
12,13,1.0,0.0,0.0,1.0,2.0,1.9174897000000328,-83.5,3.0,0.18,orientation,size,color,0.22,-7.0,7,female,0,2712.7208285,0,22,0.0,1.0,0.0,0.0,0.0,0.0,0.0,8.0,111.0
13,14,1.0,1.0,1.0,1.0,2.0,10.183839600000056,2.0,3.0,0.38,orientation,size,color,0.22,-7.0,7,female,0,2712.7208285,0,22,0.0,1.0,0.0,0.0,0.0,0.0,0.0,9.0,112.0
14,15,1.0,0.0,0.0,1.0,2.0,2.3509090000000015,-79.0,6.0,0.42,orientation,size,color,0.22,-7.0,7,female,0,2712.7208285,0,22,0.0,1.0,0.0,0.0,0.0,0.0,0.0,10.0,113.0
15,16,1.0,0.0,0.0,1.0,2.0,1.2668300999998792,-43.0,0.0,0.22,orientation,size,color,0.22,-7.0,7,female,0,2712.7208285,0,22,0.0,1.0,0.0,0.0,0.0,0.0,0.0,11.0,114.0
16,17,3.0,3.0,3.0,1.0,8.0,6.315437900000006,-47.5,21.0,0.38,orientation,size,color,0.22,-7.0,7,female,0,2712.7208285,1,22,0.0,1.0,0.0,0.0,0.0,0.0,1.0,12.0,0.0
17,18,3.0,4.0,4.0,1.0,8.0,2.532870100000082,69.5,1.0,0.18,orientation,size,color,0.22,-7.0,7,female,0,2712.7208285,0,22,0.0,1.0,0.0,0.0,0.0,0.0,2.0,13.0,0.0
18,19,3.0,4.0,6.0,0.0,8.0,2.4822721999998976,15.5,0.0,0.3400000000000001,orientation,size,color,0.22,-7.0,7,female,0,2712.7208285,0,22,0.0,1.0,1.0,0.0,0.0,0.0,3.0,14.0,0.0
19,20,3.0,3.0,7.0,0.0,8.0,2.266960799999879,60.5,15.0,0.38,orientation,size,color,0.22,-7.0,7,female,0,2712.7208285,1,22,0.0,1.0,1.0,0.0,0.0,-1.0,4.0,15.0,0.0
20,21,3.0,4.0,6.0,0.0,8.0,1.065674799999897,15.5,3.0,0.26,orientation,size,color,0.22,-7.0,7,female,0,2712.7208285,1,22,0.0,1.0,1.0,0.0,0.0,0.0,5.0,16.0,0.0
21,22,3.0,3.0,7.0,0.0,8.0,5.382264099999929,51.5,20.0,0.26,orientation,size,color,0.22,-7.0,7,female,0,2712.7208285,1,22,0.0,1.0,1.0,0.0,0.0,0.0,6.0,17.0,0.0
22,23,3.0,3.0,5.0,0.0,8.0,8.015573900000163,42.5,24.0,0.1,orientation,size,color,0.22,-7.0,7,female,0,2712.7208285,1,22,0.0,1.0,2.0,0.0,0.0,0.0,7.0,18.0,0.0
23,24,1.0,1.0,1.0,1.0,2.0,2.0414705000000595,-2.5,9.0,0.22,orientation,size,color,0.22,-7.0,7,female,0,2712.7208285,1,22,0.0,1.0,2.0,0.0,0.0,0.0,0.0,19.0,1.0
24,25,1.0,1.0,0.0,0.0,2.0,1.0826004000000466,-83.5,17.0,0.22,orientation,size,color,0.22,-7.0,7,female,0,2712.7208285,0,22,1.0,1.0,2.0,0.0,0.0,0.0,0.0,20.0,2.0
25,26,1.0,1.0,0.0,0.0,2.0,2.1923197000000982,-65.5,12.0,0.18,orientation,size,color,0.22,-7.0,7,female,0,2712.7208285,1,22,1.0,1.0,2.0,-1.0,0.0,0.0,0.0,21.0,3.0
26,27,1.0,1.0,1.0,1.0,2.0,5.92517799999996,6.5,5.0,0.14,orientation,size,color,0.22,-7.0,7,female,0,2712.7208285,1,22,0.0,1.0,2.0,0.0,0.0,0.0,0.0,22.0,4.0
27,28,1.0,0.0,0.0,1.0,2.0,2.6339086000000407,-11.5,18.0,0.42,orientation,size,color,0.22,-7.0,7,female,0,2712.7208285,0,22,0.0,1.0,2.0,1.0,0.0,0.0,0.0,23.0,5.0
28,29,1.0,0.0,0.0,1.0,2.0,1.2344700000001012,-79.0,14.0,0.42,orientation,size,color,0.22,-7.0,7,female,0,2712.7208285,0,22,0.0,1.0,2.0,0.0,0.0,0.0,0.0,24.0,6.0
29,30,1.0,1.0,1.0,1.0,2.0,2.0675423000000137,87.5,24.0,0.18,orientation,size,color,0.22,-7.0,7,female,0,2712.7208285,0,22,0.0,1.0,2.0,0.0,0.0,0.0,0.0,25.0,7.0
30,31,1.0,0.0,0.0,1.0,2.0,0.8837621000000127,-29.5,13.0,0.22,orientation,size,color,0.22,-7.0,7,female,0,2712.7208285,0,22,0.0,1.0,2.0,0.0,0.0,0.0,0.0,26.0,8.0
31,32,1.0,1.0,1.0,1.0,2.0,0.8007078000000547,38.0,14.0,0.38,orientation,size,color,0.22,-7.0,7,female,0,2712.7208285,0,22,0.0,1.0,2.0,0.0,0.0,0.0,0.0,27.0,9.0
32,33,1.0,0.0,0.0,1.0,2.0,0.9507555999998658,-47.5,3.0,0.18,orientation,size,color,0.22,-7.0,7,female,0,2712.7208285,0,22,0.0,1.0,2.0,0.0,0.0,0.0,0.0,28.0,10.0
33,34,1.0,0.0,0.0,1.0,2.0,2.1675058999999237,-88.0,2.0,0.22,orientation,size,color,0.22,-7.0,7,female,0,2712.7208285,0,22,0.0,1.0,2.0,0.0,0.0,0.0,0.0,29.0,11.0
34,35,1.0,0.0,0.0,1.0,2.0,0.7667112999999972,-20.5,18.0,0.22,orientation,size,color,0.22,-7.0,7,female,0,2712.7208285,0,22,0.0,1.0,2.0,0.0,0.0,0.0,0.0,30.0,12.0
35,36,1.0,0.0,0.0,1.0,2.0,0.6505698999999368,-61.0,18.0,0.38,orientation,size,color,0.22,-7.0,7,female,0,2712.7208285,0,22,0.0,1.0,2.0,0.0,0.0,0.0,0.0,31.0,13.0
36,37,3.0,2.0,3.0,0.0,8.0,6.898915700000089,-38.5,20.0,0.42,orientation,size,color,0.22,-7.0,7,female,0,2712.7208285,1,22,0.0,1.0,1.0,0.0,0.0,0.0,1.0,32.0,0.0
37,38,3.0,4.0,3.0,0.0,8.0,6.4329402000000755,-88.0,21.0,0.22,orientation,size,color,0.22,-7.0,7,female,0,2712.7208285,1,22,0.0,1.0,3.0,0.0,0.0,1.0,2.0,33.0,0.0
38,39,3.0,3.0,3.0,1.0,8.0,12.448780500000112,-34.0,19.0,0.3,orientation,size,color,0.22,-7.0,7,female,0,2712.7208285,1,22,0.0,1.0,0.0,0.0,0.0,-2.0,3.0,34.0,0.0
39,40,3.0,3.0,2.0,0.0,8.0,5.43309360000012,-83.5,12.0,0.22,orientation,size,color,0.22,-7.0,7,female,0,2712.7208285,0,22,0.0,1.0,1.0,0.0,0.0,3.0,4.0,35.0,0.0
40,41,3.0,4.0,1.0,0.0,8.0,4.648392100000137,-65.5,24.0,0.14,orientation,size,color,0.22,-7.0,7,female,0,2712.7208285,1,22,0.0,1.0,2.0,0.0,0.0,-1.0,5.0,36.0,0.0
41,42,3.0,3.0,7.0,0.0,8.0,2.265556300000071,56.0,15.0,0.3,orientation,size,color,0.22,-7.0,7,female,0,2712.7208285,1,22,0.0,1.0,1.0,0.0,0.0,-1.0,6.0,37.0,0.0
42,43,3.0,0.0,1.0,0.0,8.0,16.100105400000075,-70.0,23.0,0.18,orientation,size,color,0.22,-7.0,7,female,0,2712.7208285,1,22,0.0,1.0,1.0,0.0,0.0,1.0,7.0,38.0,0.0
43,44,3.0,2.0,7.0,0.0,8.0,13.848864899999851,15.5,15.0,0.3400000000000001,orientation,size,color,0.22,-7.0,7,female,0,2712.7208285,1,22,0.0,1.0,2.0,0.0,0.0,0.0,8.0,39.0,0.0
44,45,3.0,2.0,3.0,0.0,8.0,9.08157970000002,-20.5,14.0,0.38,orientation,size,color,0.22,-7.0,7,female,0,2712.7208285,1,22,0.0,1.0,1.0,0.0,0.0,-1.0,9.0,40.0,0.0
45,46,3.0,7.0,1.0,0.0,8.0,11.648777800000062,-88.0,22.0,0.1,orientation,size,color,0.22,-7.0,7,female,0,2712.7208285,1,22,0.0,1.0,2.0,0.0,0.0,1.0,10.0,41.0,0.0
46,47,3.0,2.0,6.0,0.0,8.0,5.01557159999993,83.0,9.0,0.38,orientation,size,color,0.22,-7.0,7,female,0,2712.7208285,1,22,0.0,1.0,1.0,0.0,0.0,-1.0,11.0,42.0,0.0
47,48,3.0,4.0,6.0,0.0,8.0,10.699342200000046,2.0,8.0,0.3400000000000001,orientation,size,color,0.22,-7.0,7,female,0,2712.7208285,1,22,0.0,1.0,1.0,0.0,0.0,1.0,12.0,43.0,0.0
48,49,3.0,4.0,6.0,0.0,8.0,15.415563999999904,69.5,9.0,0.26,orientation,size,color,0.22,-7.0,7,female,0,2712.7208285,1,22,0.0,1.0,1.0,0.0,0.0,0.0,13.0,44.0,0.0
49,50,3.0,7.0,6.0,0.0,8.0,1.7488777999999456,11.0,5.0,0.38,orientation,size,color,0.22,-7.0,7,female,0,2712.7208285,1,22,0.0,1.0,1.0,0.0,0.0,0.0,14.0,45.0,0.0
50,51,3.0,7.0,5.0,0.0,8.0,2.148283999999876,2.0,19.0,0.14,orientation,size,color,0.22,-7.0,7,female,0,2712.7208285,1,22,0.0,1.0,1.0,0.0,0.0,0.0,15.0,46.0,0.0
51,52,3.0,2.0,1.0,0.0,8.0,2.8658293999999387,-47.5,16.0,0.14,orientation,size,color,0.22,-7.0,7,female,0,2712.7208285,1,22,0.0,1.0,2.0,0.0,0.0,0.0,16.0,47.0,0.0
52,53,3.0,5.0,6.0,0.0,8.0,4.099955200000068,20.0,11.0,0.26,orientation,size,color,0.22,-7.0,7,female,0,2712.7208285,1,22,0.0,1.0,2.0,0.0,0.0,-1.0,17.0,48.0,0.0
53,54,3.0,5.0,6.0,0.0,8.0,1.598042299999861,42.5,4.0,0.3,orientation,size,color,0.22,-7.0,7,female,0,2712.7208285,1,22,0.0,1.0,2.0,0.0,0.0,0.0,18.0,49.0,0.0
54,55,3.0,2.0,3.0,0.0,8.0,2.0324359999999615,-65.5,18.0,0.22,orientation,size,color,0.22,-7.0,7,female,0,2712.7208285,1,22,0.0,1.0,1.0,0.0,0.0,0.0,19.0,50.0,0.0
55,56,3.0,5.0,6.0,0.0,8.0,3.166079299999865,33.5,6.0,0.38,orientation,size,color,0.22,-7.0,7,female,0,2712.7208285,1,22,0.0,1.0,2.0,0.0,0.0,1.0,20.0,51.0,0.0
56,57,3.0,5.0,6.0,0.0,8.0,2.5324103000000378,29.0,9.0,0.42,orientation,size,color,0.22,-7.0,7,female,0,2712.7208285,1,22,0.0,1.0,2.0,0.0,0.0,-1.0,21.0,52.0,0.0
57,58,3.0,2.0,1.0,0.0,8.0,1.848447399999941,-65.5,22.0,0.18,orientation,size,color,0.22,-7.0,7,female,0,2712.7208285,1,22,0.0,1.0,2.0,0.0,0.0,0.0,22.0,53.0,0.0
58,59,3.0,1.0,3.0,0.0,8.0,7.3659317999999985,-52.0,14.0,0.3400000000000001,orientation,size,color,0.22,-7.0,7,female,0,2712.7208285,1,22,0.0,1.0,1.0,0.0,0.0,0.0,23.0,54.0,0.0
59,60,3.0,3.0,3.0,1.0,8.0,1.8323577999999543,-83.5,15.0,0.4600000000000001,orientation,size,color,0.22,-7.0,7,female,0,2712.7208285,1,22,0.0,1.0,0.0,0.0,0.0,1.0,24.0,55.0,0.0
60,61,3.0,3.0,2.0,0.0,8.0,3.417601099999956,-83.5,4.0,0.42,orientation,size,color,0.22,-7.0,7,female,0,2712.7208285,0,22,0.0,1.0,1.0,0.0,0.0,1.0,25.0,56.0,0.0
61,62,3.0,6.0,6.0,1.0,8.0,3.0335373999998865,2.0,3.0,0.26,orientation,size,color,0.22,-7.0,7,female,0,2712.7208285,1,22,0.0,1.0,0.0,0.0,0.0,-1.0,26.0,57.0,0.0
62,63,3.0,3.0,3.0,1.0,8.0,1.6493639999998777,-74.5,23.0,0.42,orientation,size,color,0.22,-7.0,7,female,0,2712.7208285,0,22,0.0,1.0,0.0,0.0,0.0,1.0,27.0,58.0,0.0
63,64,3.0,1.0,1.0,1.0,8.0,2.0997474000000693,-20.5,16.0,0.14,orientation,size,color,0.22,-7.0,7,female,0,2712.7208285,0,22,0.0,1.0,0.0,0.0,0.0,0.0,28.0,59.0,0.0
64,65,3.0,1.0,7.0,0.0,8.0,8.08334630000013,87.5,15.0,0.3,orientation,size,color,0.22,-7.0,7,female,0,2712.7208285,0,22,0.0,1.0,2.0,0.0,0.0,0.0,29.0,60.0,0.0
65,66,3.0,2.0,3.0,0.0,8.0,2.598688599999832,-38.5,14.0,0.4600000000000001,orientation,size,color,0.22,-7.0,7,female,0,2712.7208285,1,22,0.0,1.0,1.0,0.0,0.0,-2.0,30.0,61.0,0.0
66,67,3.0,6.0,4.0,0.0,8.0,2.416566699999976,6.5,6.0,0.18,orientation,size,color,0.22,-7.0,7,female,0,2712.7208285,1,22,0.0,1.0,1.0,0.0,0.0,1.0,31.0,62.0,0.0
67,68,3.0,3.0,1.0,0.0,8.0,6.617441000000099,-20.5,14.0,0.18,orientation,size,color,0.22,-7.0,7,female,0,2712.7208285,1,22,0.0,1.0,1.0,0.0,0.0,0.0,32.0,63.0,0.0
68,69,3.0,1.0,1.0,1.0,8.0,2.6662913000000117,-61.0,13.0,0.1,orientation,size,color,0.22,-7.0,7,female,0,2712.7208285,1,22,0.0,1.0,0.0,0.0,0.0,0.0,33.0,64.0,0.0
69,70,3.0,1.0,6.0,0.0,8.0,3.732569099999864,-7.0,5.0,0.42,orientation,size,color,0.22,-7.0,7,female,0,2712.7208285,0,22,0.0,1.0,3.0,0.0,0.0,1.0,34.0,65.0,0.0
70,71,3.0,6.0,7.0,0.0,8.0,3.9154905999998846,11.0,24.0,0.38,orientation,size,color,0.22,-7.0,7,female,0,2712.7208285,1,22,0.0,1.0,1.0,0.0,0.0,-3.0,35.0,66.0,0.0
71,72,3.0,5.0,6.0,0.0,8.0,3.4164210000001276,78.5,6.0,0.22,orientation,size,color,0.22,-7.0,7,female,0,2712.7208285,1,22,0.0,1.0,2.0,0.0,0.0,2.0,36.0,67.0,0.0
72,73,3.0,5.0,7.0,0.0,8.0,1.0661330000000362,60.5,18.0,0.4600000000000001,orientation,size,color,0.22,-7.0,7,female,0,2712.7208285,1,22,0.0,1.0,1.0,0.0,0.0,-1.0,37.0,68.0,0.0
73,74,3.0,5.0,6.0,0.0,8.0,1.7831837000001087,78.5,6.0,0.38,orientation,size,color,0.22,-7.0,7,female,0,2712.7208285,1,22,0.0,1.0,2.0,0.0,0.0,1.0,38.0,69.0,0.0
74,75,3.0,3.0,1.0,0.0,8.0,1.6812895999999,-47.5,14.0,0.1,orientation,size,color,0.22,-7.0,7,female,0,2712.7208285,1,22,0.0,1.0,1.0,0.0,0.0,-1.0,39.0,70.0,0.0
75,76,3.0,2.0,3.0,0.0,8.0,1.048584000000119,-65.5,17.0,0.42,orientation,size,color,0.22,-7.0,7,female,0,2712.7208285,1,22,0.0,1.0,1.0,0.0,0.0,1.0,40.0,71.0,0.0
76,77,3.0,1.0,2.0,0.0,8.0,1.682331299999987,-25.0,2.0,0.38,orientation,size,color,0.22,-7.0,7,female,0,2712.7208285,1,22,0.0,1.0,2.0,0.0,0.0,0.0,41.0,72.0,0.0
77,78,3.0,3.0,2.0,0.0,8.0,1.1499544999999216,-79.0,0.0,0.26,orientation,size,color,0.22,-7.0,7,female,0,2712.7208285,1,22,0.0,1.0,1.0,0.0,0.0,-1.0,42.0,73.0,0.0
78,79,3.0,2.0,3.0,0.0,8.0,0.8153081000000384,-16.0,13.0,0.3,orientation,size,color,0.22,-7.0,7,female,0,2712.7208285,1,22,0.0,1.0,1.0,0.0,0.0,1.0,43.0,74.0,0.0
79,80,3.0,6.0,4.0,0.0,8.0,4.982021900000063,-2.5,10.0,0.14,orientation,size,color,0.22,-7.0,7,female,0,2712.7208285,1,22,0.0,1.0,1.0,0.0,0.0,0.0,44.0,75.0,0.0
80,81,3.0,6.0,5.0,0.0,8.0,1.448998800000027,24.5,18.0,0.14,orientation,size,color,0.22,-7.0,7,female,0,2712.7208285,1,22,0.0,1.0,2.0,0.0,0.0,0.0,45.0,76.0,0.0
81,82,3.0,6.0,5.0,0.0,8.0,3.6824992000001657,38.0,13.0,0.18,orientation,size,color,0.22,-7.0,7,female,0,2712.7208285,1,22,0.0,1.0,2.0,0.0,0.0,-1.0,46.0,77.0,0.0
82,83,3.0,2.0,2.0,1.0,8.0,1.8649995999999192,-16.0,6.0,0.42,orientation,size,color,0.22,-7.0,7,female,0,2712.7208285,1,22,0.0,1.0,0.0,0.0,0.0,0.0,47.0,78.0,0.0
83,84,3.0,6.0,6.0,1.0,8.0,3.632926600000019,-2.5,10.0,0.4600000000000001,orientation,size,color,0.22,-7.0,7,female,0,2712.7208285,0,22,0.0,1.0,0.0,0.0,0.0,2.0,48.0,79.0,0.0
84,85,3.0,1.0,2.0,0.0,8.0,9.465603099999951,-38.5,3.0,0.4600000000000001,orientation,size,color,0.22,-7.0,7,female,0,2712.7208285,0,22,0.0,1.0,2.0,0.0,0.0,0.0,49.0,80.0,0.0
85,86,3.0,1.0,0.0,0.0,8.0,5.14845379999997,-16.0,5.0,0.1,orientation,size,color,0.22,-7.0,7,female,0,2712.7208285,1,22,0.0,1.0,1.0,0.0,0.0,-2.0,50.0,81.0,0.0
86,87,3.0,5.0,6.0,0.0,8.0,4.615358199999946,83.0,10.0,0.3,orientation,size,color,0.22,-7.0,7,female,0,2712.7208285,1,22,0.0,1.0,2.0,0.0,0.0,1.0,51.0,82.0,0.0
87,88,3.0,6.0,6.0,1.0,8.0,4.69874609999988,60.5,10.0,0.4600000000000001,orientation,size,color,0.22,-7.0,7,female,0,2712.7208285,1,22,0.0,1.0,0.0,0.0,0.0,-1.0,52.0,83.0,0.0
88,89,3.0,1.0,7.0,0.0,8.0,6.400077799999963,65.0,13.0,0.22,orientation,size,color,0.22,-7.0,7,female,0,2712.7208285,0,22,0.0,1.0,2.0,0.0,0.0,2.0,53.0,84.0,0.0
89,90,3.0,6.0,7.0,0.0,8.0,8.616127400000096,33.5,24.0,0.3,orientation,size,color,0.22,-7.0,7,female,0,2712.7208285,1,22,0.0,1.0,1.0,0.0,0.0,-2.0,54.0,85.0,0.0
90,91,3.0,6.0,4.0,0.0,8.0,1.6327314999998634,51.5,9.0,0.14,orientation,size,color,0.22,-7.0,7,female,0,2712.7208285,1,22,0.0,1.0,1.0,0.0,0.0,1.0,55.0,86.0,0.0
91,92,3.0,6.0,3.0,0.0,8.0,7.633321700000124,-16.0,19.0,0.38,orientation,size,color,0.22,-7.0,7,female,0,2712.7208285,1,22,0.0,1.0,2.0,0.0,0.0,0.0,56.0,87.0,0.0
92,93,3.0,2.0,3.0,0.0,8.0,4.531679100000019,-88.0,24.0,0.3,orientation,size,color,0.22,-7.0,7,female,0,2712.7208285,1,22,0.0,1.0,1.0,0.0,0.0,-1.0,57.0,88.0,0.0
93,94,3.0,6.0,3.0,0.0,8.0,2.065589999999929,-52.0,20.0,0.22,orientation,size,color,0.22,-7.0,7,female,0,2712.7208285,1,22,0.0,1.0,2.0,0.0,0.0,1.0,58.0,89.0,0.0
94,95,3.0,6.0,2.0,0.0,8.0,1.5493397999998706,-83.5,6.0,0.42,orientation,size,color,0.22,-7.0,7,female,0,2712.7208285,1,22,0.0,1.0,1.0,0.0,0.0,-1.0,59.0,90.0,0.0
95,96,3.0,1.0,6.0,0.0,8.0,2.2320776999999907,-7.0,3.0,0.3,orientation,size,color,0.22,-7.0,7,female,0,2712.7208285,1,22,0.0,1.0,3.0,0.0,0.0,1.0,60.0,91.0,0.0
96,97,3.0,6.0,4.0,0.0,8.0,11.56555870000011,24.5,7.0,0.18,orientation,size,color,0.22,-7.0,7,female,0,2712.7208285,1,22,0.0,1.0,1.0,0.0,0.0,-2.0,61.0,92.0,0.0
97,98,3.0,4.0,5.0,0.0,8.0,5.166253099999949,60.5,14.0,0.18,orientation,size,color,0.22,-7.0,7,female,0,2712.7208285,1,22,0.0,1.0,1.0,0.0,0.0,2.0,62.0,93.0,0.0
98,99,3.0,6.0,2.0,0.0,8.0,6.499139300000024,-20.5,12.0,0.42,orientation,size,color,0.22,-7.0,7,female,0,2712.7208285,1,22,0.0,1.0,1.0,0.0,0.0,0.0,63.0,94.0,0.0
99,100,3.0,0.0,3.0,0.0,8.0,4.948143799999798,-74.5,13.0,0.42,orientation,size,color,0.22,-7.0,7,female,0,2712.7208285,1,22,0.0,1.0,2.0,0.0,0.0,0.0,64.0,95.0,0.0
100,101,3.0,6.0,5.0,0.0,8.0,2.6665735999999924,6.5,13.0,0.18,orientation,size,color,0.22,-7.0,7,female,0,2712.7208285,1,22,0.0,1.0,2.0,0.0,0.0,-1.0,65.0,96.0,0.0
101,102,3.0,1.0,2.0,0.0,8.0,6.115293699999938,-11.5,2.0,0.22,orientation,size,color,0.22,-7.0,7,female,0,2712.7208285,1,22,0.0,1.0,2.0,0.0,0.0,0.0,66.0,97.0,0.0
102,103,3.0,2.0,2.0,1.0,8.0,1.63186010000004,-20.5,2.0,0.3400000000000001,orientation,size,color,0.22,-7.0,7,female,0,2712.7208285,1,22,0.0,1.0,0.0,0.0,0.0,0.0,67.0,98.0,0.0
103,104,3.0,5.0,5.0,1.0,8.0,5.017148000000134,15.5,22.0,0.18,orientation,size,color,0.22,-7.0,7,female,0,2712.7208285,0,22,0.0,1.0,0.0,0.0,0.0,2.0,68.0,99.0,0.0
104,105,3.0,2.0,3.0,0.0,8.0,17.58296990000008,-20.5,13.0,0.22,orientation,size,color,0.22,-7.0,7,female,0,2712.7208285,0,22,0.0,1.0,1.0,0.0,0.0,0.0,69.0,100.0,0.0
105,106,3.0,7.0,5.0,0.0,8.0,10.6316925000001,15.5,13.0,0.1,orientation,size,color,0.22,-7.0,7,female,0,2712.7208285,1,22,0.0,1.0,1.0,0.0,0.0,-1.0,70.0,101.0,0.0
106,107,3.0,2.0,1.0,0.0,8.0,5.781463600000052,-38.5,13.0,0.14,orientation,size,color,0.22,-7.0,7,female,0,2712.7208285,1,22,0.0,1.0,2.0,0.0,0.0,0.0,71.0,102.0,0.0
107,108,3.0,5.0,4.0,0.0,8.0,2.7159903000001577,51.5,6.0,0.14,orientation,size,color,0.22,-7.0,7,female,0,2712.7208285,1,22,0.0,1.0,1.0,0.0,0.0,-1.0,72.0,103.0,0.0
108,109,3.0,5.0,6.0,0.0,8.0,1.7150010000000293,33.5,1.0,0.3400000000000001,orientation,size,color,0.22,-7.0,7,female,0,2712.7208285,1,22,0.0,1.0,2.0,0.0,0.0,1.0,73.0,104.0,0.0
109,110,3.0,5.0,5.0,1.0,8.0,2.7330622000001767,47.0,19.0,0.1,orientation,size,color,0.22,-7.0,7,female,0,2712.7208285,1,22,0.0,1.0,0.0,0.0,0.0,-1.0,74.0,105.0,0.0
110,111,3.0,7.0,7.0,1.0,8.0,1.88252609999995,11.0,22.0,0.22,orientation,size,color,0.22,-7.0,7,female,0,2712.7208285,0,22,0.0,1.0,0.0,0.0,0.0,2.0,75.0,106.0,0.0
111,112,3.0,1.0,3.0,0.0,8.0,1.650573099999974,-29.5,17.0,0.26,orientation,size,color,0.22,-7.0,7,female,0,2712.7208285,0,22,0.0,1.0,1.0,0.0,0.0,0.0,76.0,107.0,0.0
112,113,3.0,7.0,7.0,1.0,8.0,5.565421399999877,11.0,19.0,0.3400000000000001,orientation,size,color,0.22,-7.0,7,female,0,2712.7208285,1,22,0.0,1.0,0.0,0.0,0.0,-1.0,77.0,108.0,0.0
113,114,3.0,1.0,6.0,0.0,8.0,7.367708100000073,11.0,11.0,0.42,orientation,size,color,0.22,-7.0,7,female,0,2712.7208285,0,22,0.0,1.0,3.0,0.0,0.0,1.0,78.0,109.0,0.0
114,115,3.0,4.0,7.0,0.0,8.0,3.7996570000000247,78.5,16.0,0.38,orientation,size,color,0.22,-7.0,7,female,0,2712.7208285,1,22,0.0,1.0,2.0,0.0,0.0,-3.0,79.0,110.0,0.0
115,116,3.0,5.0,7.0,0.0,8.0,2.7824282999999923,42.5,14.0,0.4600000000000001,orientation,size,color,0.22,-7.0,7,female,0,2712.7208285,1,22,0.0,1.0,1.0,0.0,0.0,1.0,80.0,111.0,0.0
116,117,3.0,2.0,2.0,1.0,8.0,2.565184600000066,-16.0,11.0,0.38,orientation,size,color,0.22,-7.0,7,female,0,2712.7208285,1,22,0.0,1.0,0.0,0.0,0.0,1.0,81.0,112.0,0.0
117,118,3.0,1.0,1.0,1.0,8.0,4.482646500000101,-65.5,16.0,0.14,orientation,size,color,0.22,-7.0,7,female,0,2712.7208285,0,22,0.0,1.0,0.0,0.0,0.0,1.0,82.0,113.0,0.0
118,119,3.0,6.0,7.0,0.0,8.0,7.616977800000086,24.5,23.0,0.22,orientation,size,color,0.22,-7.0,7,female,0,2712.7208285,0,22,0.0,1.0,1.0,0.0,0.0,0.0,83.0,114.0,0.0
119,120,3.0,1.0,3.0,0.0,8.0,1.8662039000000732,-34.0,18.0,0.38,orientation,size,color,0.22,-7.0,7,female,0,2712.7208285,1,22,0.0,1.0,1.0,0.0,0.0,-1.0,84.0,115.0,0.0
120,121,3.0,7.0,5.0,0.0,8.0,3.4142647000001034,47.0,13.0,0.18,orientation,size,color,0.22,-7.0,7,female,0,2712.7208285,1,22,0.0,1.0,1.0,0.0,0.0,0.0,85.0,116.0,0.0
121,122,3.0,1.0,2.0,0.0,8.0,1.733435899999904,-34.0,1.0,0.22,orientation,size,color,0.22,-7.0,7,female,0,2712.7208285,1,22,0.0,1.0,2.0,0.0,0.0,0.0,86.0,117.0,0.0
122,123,3.0,2.0,0.0,0.0,8.0,3.749481800000012,-25.0,5.0,0.14,orientation,size,color,0.22,-7.0,7,female,0,2712.7208285,1,22,0.0,1.0,1.0,0.0,0.0,-1.0,87.0,118.0,0.0
123,124,3.0,6.0,5.0,0.0,8.0,2.0322235000001,38.0,20.0,0.14,orientation,size,color,0.22,-7.0,7,female,0,2712.7208285,1,22,0.0,1.0,2.0,0.0,0.0,1.0,88.0,119.0,0.0
124,125,3.0,4.0,7.0,0.0,8.0,2.515749899999946,83.0,14.0,0.26,orientation,size,color,0.22,-7.0,7,female,0,2712.7208285,1,22,0.0,1.0,2.0,0.0,0.0,-1.0,89.0,120.0,0.0
125,126,3.0,3.0,3.0,1.0,8.0,4.365485199999966,-61.0,18.0,0.4600000000000001,orientation,size,color,0.22,-7.0,7,female,0,2712.7208285,1,22,0.0,1.0,0.0,0.0,0.0,0.0,90.0,121.0,0.0
126,127,3.0,2.0,0.0,0.0,8.0,5.498827099999971,-74.5,7.0,0.18,orientation,size,color,0.22,-7.0,7,female,0,2712.7208285,0,22,0.0,1.0,1.0,0.0,0.0,2.0,91.0,122.0,0.0
127,128,3.0,6.0,6.0,1.0,8.0,8.565077700000074,38.0,5.0,0.26,orientation,size,color,0.22,-7.0,7,female,0,2712.7208285,1,22,0.0,1.0,0.0,0.0,0.0,-1.0,92.0,123.0,0.0
128,129,3.0,6.0,7.0,0.0,8.0,6.716267600000037,74.0,19.0,0.26,orientation,size,color,0.22,-7.0,7,female,0,2712.7208285,0,22,0.0,1.0,1.0,0.0,0.0,1.0,93.0,124.0,0.0
129,130,3.0,6.0,7.0,0.0,8.0,1.2486039999998866,15.5,22.0,0.26,orientation,size,color,0.22,-7.0,7,female,0,2712.7208285,1,22,0.0,1.0,1.0,0.0,0.0,-1.0,94.0,125.0,0.0
130,131,3.0,2.0,0.0,0.0,8.0,2.065532200000007,-38.5,11.0,0.18,orientation,size,color,0.22,-7.0,7,female,0,2712.7208285,1,22,0.0,1.0,1.0,0.0,0.0,0.0,95.0,126.0,0.0
131,132,3.0,1.0,2.0,0.0,8.0,1.4158128999999915,-25.0,4.0,0.3,orientation,size,color,0.22,-7.0,7,female,0,2712.7208285,1,22,0.0,1.0,2.0,0.0,0.0,0.0,96.0,127.0,0.0
132,133,3.0,2.0,3.0,0.0,8.0,4.5491223999999875,-70.0,17.0,0.4600000000000001,orientation,size,color,0.22,-7.0,7,female,0,2712.7208285,1,22,0.0,1.0,1.0,0.0,0.0,-1.0,97.0,128.0,0.0
133,134,3.0,2.0,3.0,0.0,8.0,2.599045199999864,-47.5,22.0,0.22,orientation,size,color,0.22,-7.0,7,female,0,2712.7208285,1,22,0.0,1.0,1.0,0.0,0.0,1.0,98.0,129.0,0.0
134,135,3.0,2.0,1.0,0.0,8.0,2.48258850000002,-70.0,13.0,0.18,orientation,size,color,0.22,-7.0,7,female,0,2712.7208285,1,22,0.0,1.0,2.0,0.0,0.0,0.0,99.0,130.0,0.0
135,136,3.0,2.0,2.0,1.0,8.0,2.4998233999999684,-47.5,7.0,0.22,orientation,size,color,0.22,-7.0,7,female,0,2712.7208285,1,22,0.0,1.0,0.0,0.0,0.0,-1.0,100.0,131.0,0.0
136,137,3.0,1.0,2.0,0.0,8.0,4.150316000000203,-16.0,12.0,0.38,orientation,size,color,0.22,-7.0,7,female,0,2712.7208285,0,22,0.0,1.0,2.0,0.0,0.0,2.0,101.0,132.0,0.0
137,138,3.0,4.0,6.0,0.0,8.0,4.548791000000165,69.5,4.0,0.38,orientation,size,color,0.22,-7.0,7,female,0,2712.7208285,1,22,0.0,1.0,1.0,0.0,0.0,-2.0,102.0,133.0,0.0
138,139,3.0,7.0,5.0,0.0,8.0,2.1646844000001693,20.0,23.0,0.14,orientation,size,color,0.22,-7.0,7,female,0,2712.7208285,1,22,0.0,1.0,1.0,0.0,0.0,1.0,103.0,134.0,0.0
139,140,3.0,3.0,0.0,0.0,8.0,1.1986864999998943,-79.0,6.0,0.14,orientation,size,color,0.22,-7.0,7,female,0,2712.7208285,1,22,0.0,1.0,2.0,0.0,0.0,0.0,104.0,135.0,0.0
140,141,3.0,3.0,1.0,0.0,8.0,3.431526399999711,-88.0,21.0,0.14,orientation,size,color,0.22,-7.0,7,female,0,2712.7208285,1,22,0.0,1.0,1.0,0.0,0.0,-1.0,105.0,136.0,0.0
141,142,3.0,7.0,7.0,1.0,8.0,2.4652047999998103,2.0,21.0,0.3400000000000001,orientation,size,color,0.22,-7.0,7,female,0,2712.7208285,1,22,0.0,1.0,0.0,0.0,0.0,1.0,106.0,137.0,0.0
142,143,3.0,6.0,6.0,1.0,8.0,6.0836709999998675,47.0,5.0,0.3,orientation,size,color,0.22,-7.0,7,female,0,2712.7208285,0,22,0.0,1.0,0.0,0.0,0.0,1.0,107.0,138.0,0.0
143,144,3.0,4.0,4.0,1.0,8.0,11.334335200000169,78.5,12.0,0.1,orientation,size,color,0.22,-7.0,7,female,0,2712.7208285,0,22,0.0,1.0,0.0,0.0,0.0,0.0,108.0,139.0,0.0
144,145,3.0,2.0,1.0,0.0,8.0,12.533353599999828,-79.0,23.0,0.1,orientation,size,color,0.22,-7.0,7,female,0,2712.7208285,0,22,0.0,1.0,2.0,0.0,0.0,0.0,109.0,140.0,0.0
145,146,3.0,7.0,6.0,0.0,8.0,2.1479724999999235,2.0,3.0,0.3,orientation,size,color,0.22,-7.0,7,female,0,2712.7208285,1,22,0.0,1.0,1.0,0.0,0.0,-2.0,110.0,141.0,0.0
146,147,3.0,6.0,4.0,0.0,8.0,6.43213999999989,56.0,3.0,0.18,orientation,size,color,0.22,-7.0,7,female,0,2712.7208285,1,22,0.0,1.0,1.0,0.0,0.0,1.0,111.0,142.0,0.0
147,148,3.0,3.0,3.0,1.0,8.0,2.8662155999995775,-43.0,17.0,0.26,orientation,size,color,0.22,-7.0,7,female,0,2712.7208285,1,22,0.0,1.0,0.0,0.0,0.0,0.0,112.0,143.0,0.0
148,149,3.0,1.0,2.0,0.0,8.0,5.983428900000035,-70.0,6.0,0.22,orientation,size,color,0.22,-7.0,7,female,0,2712.7208285,0,22,0.0,1.0,2.0,0.0,0.0,1.0,113.0,144.0,0.0
149,150,3.0,7.0,5.0,0.0,8.0,5.3816837999997915,69.5,21.0,0.14,orientation,size,color,0.22,-7.0,7,female,0,2712.7208285,1,22,0.0,1.0,1.0,0.0,0.0,-2.0,114.0,145.0,0.0
150,151,3.0,6.0,7.0,0.0,8.0,0.8484874000000673,15.5,17.0,0.3400000000000001,orientation,size,color,0.22,-7.0,7,female,0,2712.7208285,1,22,0.0,1.0,1.0,0.0,0.0,1.0,115.0,146.0,0.0
151,152,3.0,2.0,2.0,1.0,8.0,0.8816242000002603,-34.0,7.0,0.3400000000000001,orientation,size,color,0.22,-7.0,7,female,0,2712.7208285,1,22,0.0,1.0,0.0,0.0,0.0,0.0,116.0,147.0,0.0
152,153,3.0,5.0,6.0,0.0,8.0,1.6826759999999013,11.0,11.0,0.42,orientation,size,color,0.22,-7.0,7,female,0,2712.7208285,0,22,0.0,1.0,2.0,0.0,0.0,1.0,117.0,148.0,0.0
153,154,3.0,2.0,3.0,0.0,8.0,2.015722099999948,-52.0,21.0,0.4600000000000001,orientation,size,color,0.22,-7.0,7,female,0,2712.7208285,1,22,0.0,1.0,1.0,0.0,0.0,-2.0,118.0,149.0,0.0
154,155,3.0,5.0,6.0,0.0,8.0,1.6998884999998154,56.0,6.0,0.26,orientation,size,color,0.22,-7.0,7,female,0,2712.7208285,1,22,0.0,1.0,2.0,0.0,0.0,1.0,119.0,150.0,0.0
155,156,3.0,2.0,2.0,1.0,8.0,0.9986768999997366,-38.5,5.0,0.26,orientation,size,color,0.22,-7.0,7,female,0,2712.7208285,1,22,0.0,1.0,0.0,0.0,0.0,-1.0,120.0,151.0,0.0
156,157,3.0,6.0,7.0,0.0,8.0,7.866370199999892,6.5,13.0,0.38,orientation,size,color,0.22,-7.0,7,female,0,2712.7208285,0,22,0.0,1.0,1.0,0.0,0.0,2.0,121.0,152.0,0.0
157,158,3.0,2.0,3.0,0.0,8.0,2.0826756000001296,-16.0,17.0,0.22,orientation,size,color,0.22,-7.0,7,female,0,2712.7208285,1,22,0.0,1.0,1.0,0.0,0.0,-1.0,122.0,153.0,0.0
158,159,3.0,1.0,3.0,0.0,8.0,2.932901900000161,-74.5,17.0,0.42,orientation,size,color,0.22,-7.0,7,female,0,2712.7208285,1,22,0.0,1.0,1.0,0.0,0.0,0.0,123.0,154.0,0.0
159,160,3.0,6.0,4.0,0.0,8.0,3.531925599999795,29.0,7.0,0.14,orientation,size,color,0.22,-7.0,7,female,0,2712.7208285,1,22,0.0,1.0,1.0,0.0,0.0,0.0,124.0,155.0,0.0
160,161,3.0,1.0,6.0,0.0,8.0,13.665959099999782,-7.0,10.0,0.26,orientation,size,color,0.22,-7.0,7,female,0,2712.7208285,1,22,0.0,1.0,3.0,0.0,0.0,0.0,125.0,156.0,0.0
161,162,3.0,1.0,2.0,0.0,8.0,5.382658999999876,-16.0,11.0,0.3,orientation,size,color,0.22,-7.0,7,female,0,2712.7208285,1,22,0.0,1.0,2.0,0.0,0.0,-2.0,126.0,157.0,0.0
162,163,3.0,6.0,6.0,1.0,8.0,6.750008600000001,38.0,0.0,0.4600000000000001,orientation,size,color,0.22,-7.0,7,female,0,2712.7208285,1,22,0.0,1.0,0.0,0.0,0.0,1.0,127.0,158.0,0.0
163,164,3.0,4.0,4.0,1.0,8.0,10.167172599999958,74.0,12.0,0.14,orientation,size,color,0.22,-7.0,7,female,0,2712.7208285,0,22,0.0,1.0,0.0,0.0,0.0,2.0,128.0,159.0,0.0
164,165,3.0,2.0,2.0,1.0,8.0,9.184210200000052,-47.5,6.0,0.38,orientation,size,color,0.22,-7.0,7,female,0,2712.7208285,0,22,0.0,1.0,0.0,0.0,0.0,0.0,129.0,160.0,0.0
165,166,3.0,6.0,6.0,1.0,8.0,14.31631010000001,11.0,3.0,0.4600000000000001,orientation,size,color,0.22,-7.0,7,female,0,2712.7208285,0,22,0.0,1.0,0.0,0.0,0.0,0.0,130.0,161.0,0.0
166,167,3.0,6.0,7.0,0.0,8.0,19.750945299999785,33.5,21.0,0.42,orientation,size,color,0.22,-7.0,7,female,0,2712.7208285,0,22,0.0,1.0,1.0,0.0,0.0,0.0,131.0,162.0,0.0
167,168,3.0,4.0,6.0,0.0,8.0,1.233339999999771,60.5,10.0,0.26,orientation,size,color,0.22,-7.0,7,female,0,2712.7208285,1,22,0.0,1.0,1.0,0.0,0.0,-1.0,132.0,163.0,0.0
168,169,3.0,2.0,3.0,0.0,8.0,2.698294700000133,-83.5,23.0,0.42,orientation,size,color,0.22,-7.0,7,female,0,2712.7208285,1,22,0.0,1.0,1.0,0.0,0.0,0.0,133.0,164.0,0.0
169,170,3.0,4.0,7.0,0.0,8.0,0.9825375000000348,69.5,18.0,0.3,orientation,size,color,0.22,-7.0,7,female,0,2712.7208285,1,22,0.0,1.0,2.0,0.0,0.0,0.0,134.0,165.0,0.0
170,171,3.0,4.0,6.0,0.0,8.0,2.814753599999676,74.0,12.0,0.3,orientation,size,color,0.22,-7.0,7,female,0,2712.7208285,1,22,0.0,1.0,1.0,0.0,0.0,-1.0,135.0,166.0,0.0
171,172,3.0,4.0,5.0,0.0,8.0,18.615843899999614,78.5,23.0,0.1,orientation,size,color,0.22,-7.0,7,female,0,2712.7208285,1,22,0.0,1.0,1.0,0.0,0.0,1.0,136.0,167.0,0.0
172,173,3.0,3.0,0.0,0.0,8.0,1.21503870000015,-70.0,0.0,0.18,orientation,size,color,0.22,-7.0,7,female,0,2712.7208285,1,22,0.0,1.0,2.0,0.0,0.0,0.0,137.0,168.0,0.0
173,174,3.0,3.0,2.0,0.0,8.0,18.882710899999893,-65.5,0.0,0.26,orientation,size,color,0.22,-7.0,7,female,0,2712.7208285,1,22,0.0,1.0,1.0,0.0,0.0,-1.0,138.0,169.0,0.0
174,175,3.0,3.0,3.0,1.0,8.0,1.7485011999997369,-65.5,18.0,0.38,orientation,size,color,0.22,-7.0,7,female,0,2712.7208285,1,22,0.0,1.0,0.0,0.0,0.0,1.0,139.0,170.0,0.0
175,176,3.0,4.0,4.0,1.0,8.0,3.616108200000326,69.5,4.0,0.1,orientation,size,color,0.22,-7.0,7,female,0,2712.7208285,0,22,0.0,1.0,0.0,0.0,0.0,1.0,140.0,171.0,0.0
176,177,3.0,5.0,7.0,0.0,8.0,6.367498200000227,29.0,14.0,0.42,orientation,size,color,0.22,-7.0,7,female,0,2712.7208285,0,22,0.0,1.0,1.0,0.0,0.0,0.0,141.0,172.0,0.0
177,178,3.0,3.0,2.0,0.0,8.0,8.165766900000108,-65.5,4.0,0.3,orientation,size,color,0.22,-7.0,7,female,0,2712.7208285,1,22,0.0,1.0,1.0,0.0,0.0,-1.0,142.0,173.0,0.0
178,179,3.0,3.0,2.0,0.0,8.0,1.833163699999659,-79.0,8.0,0.42,orientation,size,color,0.22,-7.0,7,female,0,2712.7208285,1,22,0.0,1.0,1.0,0.0,0.0,0.0,143.0,174.0,0.0
179,180,3.0,4.0,4.0,1.0,8.0,2.7163314999997965,42.5,8.0,0.1,orientation,size,color,0.22,-7.0,7,female,0,2712.7208285,1,22,0.0,1.0,0.0,0.0,0.0,0.0,144.0,175.0,0.0
180,181,3.0,1.0,2.0,0.0,8.0,4.233408699999927,-16.0,5.0,0.22,orientation,size,color,0.22,-7.0,7,female,0,2712.7208285,0,22,0.0,1.0,2.0,0.0,0.0,1.0,145.0,176.0,0.0
181,182,3.0,4.0,4.0,1.0,8.0,1.9484054000004107,38.0,6.0,0.18,orientation,size,color,0.22,-7.0,7,female,0,2712.7208285,1,22,0.0,1.0,0.0,0.0,0.0,-2.0,146.0,177.0,0.0
182,183,3.0,5.0,6.0,0.0,8.0,4.483064600000034,69.5,7.0,0.3,orientation,size,color,0.22,-7.0,7,female,0,2712.7208285,0,22,0.0,1.0,2.0,0.0,0.0,2.0,147.0,178.0,0.0
183,184,3.0,5.0,6.0,0.0,8.0,2.114715399999568,24.5,3.0,0.4600000000000001,orientation,size,color,0.22,-7.0,7,female,0,2712.7208285,1,22,0.0,1.0,2.0,0.0,0.0,-2.0,148.0,179.0,0.0
184,185,3.0,4.0,7.0,0.0,8.0,1.5655742999997528,83.0,22.0,0.4600000000000001,orientation,size,color,0.22,-7.0,7,female,0,2712.7208285,1,22,0.0,1.0,2.0,0.0,0.0,0.0,149.0,180.0,0.0
185,186,3.0,5.0,7.0,0.0,8.0,8.39896409999983,78.5,22.0,0.3400000000000001,orientation,size,color,0.22,-7.0,7,female,0,2712.7208285,1,22,0.0,1.0,1.0,0.0,0.0,0.0,150.0,181.0,0.0
186,187,3.0,3.0,1.0,0.0,8.0,5.8656191999998555,-20.5,15.0,0.18,orientation,size,color,0.22,-7.0,7,female,0,2712.7208285,1,22,0.0,1.0,1.0,0.0,0.0,1.0,151.0,182.0,0.0
187,188,3.0,2.0,2.0,1.0,8.0,1.315476199999921,-11.5,12.0,0.4600000000000001,orientation,size,color,0.22,-7.0,7,female,0,2712.7208285,1,22,0.0,1.0,0.0,0.0,0.0,0.0,152.0,183.0,0.0
188,189,3.0,3.0,2.0,0.0,8.0,4.266728700000385,-74.5,3.0,0.38,orientation,size,color,0.22,-7.0,7,female,0,2712.7208285,0,22,0.0,1.0,1.0,0.0,0.0,1.0,153.0,184.0,0.0
189,190,3.0,5.0,5.0,1.0,8.0,2.665201099999649,15.5,15.0,0.14,orientation,size,color,0.22,-7.0,7,female,0,2712.7208285,1,22,0.0,1.0,0.0,0.0,0.0,-1.0,154.0,185.0,0.0
190,191,3.0,3.0,0.0,0.0,8.0,6.966229799999837,-56.5,5.0,0.14,orientation,size,color,0.22,-7.0,7,female,0,2712.7208285,0,22,0.0,1.0,2.0,0.0,0.0,1.0,155.0,186.0,0.0
191,192,3.0,3.0,1.0,0.0,8.0,1.133037499999773,-74.5,24.0,0.14,orientation,size,color,0.22,-7.0,7,female,0,2712.7208285,1,22,0.0,1.0,1.0,0.0,0.0,-2.0,156.0,187.0,0.0
192,193,3.0,4.0,7.0,0.0,8.0,1.648708500000339,78.5,23.0,0.3400000000000001,orientation,size,color,0.22,-7.0,7,female,0,2712.7208285,1,22,0.0,1.0,2.0,0.0,0.0,1.0,157.0,188.0,0.0
193,194,3.0,5.0,5.0,1.0,8.0,2.232786600000054,56.0,22.0,0.14,orientation,size,color,0.22,-7.0,7,female,0,2712.7208285,1,22,0.0,1.0,0.0,0.0,0.0,-1.0,158.0,189.0,0.0
194,195,3.0,2.0,0.0,0.0,8.0,1.6001936000002388,-29.5,10.0,0.18,orientation,size,color,0.22,-7.0,7,female,0,2712.7208285,0,22,0.0,1.0,1.0,0.0,0.0,2.0,159.0,190.0,0.0
195,196,3.0,3.0,2.0,0.0,8.0,4.233073500000046,-56.5,0.0,0.3400000000000001,orientation,size,color,0.22,-7.0,7,female,0,2712.7208285,1,22,0.0,1.0,1.0,0.0,0.0,-1.0,160.0,191.0,0.0
196,197,3.0,4.0,6.0,0.0,8.0,0.9154112999999596,69.5,3.0,0.22,orientation,size,color,0.22,-7.0,7,female,0,2712.7208285,1,22,0.0,1.0,1.0,0.0,0.0,0.0,161.0,192.0,0.0
197,198,3.0,2.0,3.0,0.0,8.0,1.931280499999957,-61.0,18.0,0.3400000000000001,orientation,size,color,0.22,-7.0,7,female,0,2712.7208285,1,22,0.0,1.0,1.0,0.0,0.0,0.0,162.0,193.0,0.0
198,199,3.0,2.0,3.0,0.0,8.0,1.6820737000002737,-61.0,21.0,0.42,orientation,size,color,0.22,-7.0,7,female,0,2712.7208285,1,22,0.0,1.0,1.0,0.0,0.0,0.0,163.0,194.0,0.0
199,200,3.0,4.0,6.0,0.0,8.0,1.0315825000002403,60.5,10.0,0.26,orientation,size,color,0.22,-7.0,7,female,0,2712.7208285,1,22,0.0,1.0,1.0,0.0,0.0,0.0,164.0,195.0,0.0
200,201,3.0,3.0,1.0,0.0,8.0,1.515302299999803,-79.0,18.0,0.1,orientation,size,color,0.22,-7.0,7,female,0,2712.7208285,1,22,0.0,1.0,1.0,0.0,0.0,0.0,165.0,196.0,0.0
201,202,3.0,4.0,7.0,0.0,8.0,4.148827600000004,56.0,19.0,0.22,orientation,size,color,0.22,-7.0,7,female,0,2712.7208285,1,22,0.0,1.0,2.0,0.0,0.0,0.0,166.0,197.0,0.0
202,203,3.0,4.0,7.0,0.0,8.0,5.915845200000149,-2.5,23.0,0.4600000000000001,orientation,size,color,0.22,-7.0,7,female,0,2712.7208285,1,22,0.0,1.0,2.0,0.0,0.0,-1.0,167.0,198.0,0.0
203,204,3.0,5.0,4.0,0.0,8.0,2.2486266999999316,6.5,5.0,0.14,orientation,size,color,0.22,-7.0,7,female,0,2712.7208285,1,22,0.0,1.0,1.0,0.0,0.0,0.0,168.0,199.0,0.0
204,205,3.0,3.0,1.0,0.0,8.0,1.6491836000000148,-29.5,17.0,0.14,orientation,size,color,0.22,-7.0,7,female,0,2712.7208285,1,22,0.0,1.0,1.0,0.0,0.0,1.0,169.0,200.0,0.0
205,206,3.0,2.0,2.0,1.0,8.0,2.1657281999996485,-16.0,7.0,0.4600000000000001,orientation,size,color,0.22,-7.0,7,female,0,2712.7208285,1,22,0.0,1.0,0.0,0.0,0.0,0.0,170.0,201.0,0.0
206,207,3.0,3.0,2.0,0.0,8.0,4.666701299999659,-83.5,8.0,0.4600000000000001,orientation,size,color,0.22,-7.0,7,female,0,2712.7208285,0,22,0.0,1.0,1.0,0.0,0.0,1.0,171.0,202.0,0.0
207,208,3.0,1.0,6.0,0.0,8.0,1.431257799999912,-7.0,3.0,0.3400000000000001,orientation,size,color,0.22,-7.0,7,female,0,2712.7208285,1,22,0.0,1.0,3.0,0.0,0.0,-1.0,172.0,203.0,0.0
208,209,3.0,5.0,7.0,0.0,8.0,1.315238700000009,42.5,14.0,0.42,orientation,size,color,0.22,-7.0,7,female,0,2712.7208285,1,22,0.0,1.0,1.0,0.0,0.0,-2.0,173.0,204.0,0.0
209,210,3.0,4.0,6.0,0.0,8.0,16.04993080000031,56.0,8.0,0.38,orientation,size,color,0.22,-7.0,7,female,0,2712.7208285,1,22,0.0,1.0,1.0,0.0,0.0,2.0,174.0,205.0,0.0
210,211,3.0,4.0,6.0,0.0,8.0,1.4823014999997213,65.0,7.0,0.22,orientation,size,color,0.22,-7.0,7,female,0,2712.7208285,1,22,0.0,1.0,1.0,0.0,0.0,0.0,175.0,206.0,0.0
211,212,3.0,2.0,0.0,0.0,8.0,3.5995100000000093,-20.5,12.0,0.14,orientation,size,color,0.22,-7.0,7,female,0,2712.7208285,1,22,0.0,1.0,1.0,0.0,0.0,0.0,176.0,207.0,0.0
212,213,3.0,0.0,2.0,0.0,8.0,6.483001399999921,-88.0,10.0,0.22,orientation,size,color,0.22,-7.0,7,female,0,2712.7208285,1,22,0.0,1.0,1.0,0.0,0.0,0.0,177.0,208.0,0.0
213,214,3.0,2.0,2.0,1.0,8.0,0.7488760000001093,-29.5,9.0,0.3400000000000001,orientation,size,color,0.22,-7.0,7,female,0,2712.7208285,1,22,0.0,1.0,0.0,0.0,0.0,0.0,178.0,209.0,0.0
214,215,3.0,1.0,2.0,0.0,8.0,3.7502254999999423,-88.0,9.0,0.38,orientation,size,color,0.22,-7.0,7,female,0,2712.7208285,0,22,0.0,1.0,2.0,0.0,0.0,1.0,179.0,210.0,0.0
215,216,3.0,2.0,2.0,1.0,8.0,0.949228199999652,-56.5,7.0,0.4600000000000001,orientation,size,color,0.22,-7.0,7,female,0,2712.7208285,1,22,0.0,1.0,0.0,0.0,0.0,-2.0,180.0,211.0,0.0
216,217,3.0,6.0,1.0,0.0,8.0,8.24902259999999,-52.0,17.0,0.1,orientation,size,color,0.22,-7.0,7,female,0,2712.7208285,0,22,0.0,1.0,3.0,0.0,0.0,2.0,181.0,212.0,0.0
217,218,3.0,5.0,5.0,1.0,8.0,2.831970799999908,87.5,15.0,0.1,orientation,size,color,0.22,-7.0,7,female,0,2712.7208285,1,22,0.0,1.0,0.0,0.0,0.0,-3.0,182.0,213.0,0.0
218,219,3.0,2.0,2.0,1.0,8.0,2.650514100000237,-74.5,6.0,0.42,orientation,size,color,0.22,-7.0,7,female,0,2712.7208285,0,22,0.0,1.0,0.0,0.0,0.0,3.0,183.0,214.0,0.0
219,220,3.0,6.0,5.0,0.0,8.0,7.532736000000114,56.0,22.0,0.14,orientation,size,color,0.22,-7.0,7,female,0,2712.7208285,0,22,0.0,1.0,2.0,0.0,0.0,0.0,184.0,215.0,0.0
220,221,3.0,2.0,2.0,1.0,8.0,3.2485563999998703,-38.5,10.0,0.26,orientation,size,color,0.22,-7.0,7,female,0,2712.7208285,1,22,0.0,1.0,0.0,0.0,0.0,-2.0,185.0,216.0,0.0
221,222,3.0,1.0,2.0,0.0,8.0,2.7496753999998873,-65.5,5.0,0.38,orientation,size,color,0.22,-7.0,7,female,0,2712.7208285,0,22,0.0,1.0,2.0,0.0,0.0,2.0,186.0,217.0,0.0
222,223,3.0,2.0,0.0,0.0,8.0,0.8150636999998824,-38.5,11.0,0.14,orientation,size,color,0.22,-7.0,7,female,0,2712.7208285,1,22,0.0,1.0,1.0,0.0,0.0,-2.0,187.0,218.0,0.0
223,224,3.0,5.0,7.0,0.0,8.0,1.048263499999848,33.5,14.0,0.4600000000000001,orientation,size,color,0.22,-7.0,7,female,0,2712.7208285,1,22,0.0,1.0,1.0,0.0,0.0,1.0,188.0,219.0,0.0
224,225,3.0,4.0,6.0,0.0,8.0,0.9493366000001516,65.0,0.0,0.3400000000000001,orientation,size,color,0.22,-7.0,7,female,0,2712.7208285,1,22,0.0,1.0,1.0,0.0,0.0,0.0,189.0,220.0,0.0
225,226,3.0,3.0,2.0,0.0,8.0,0.9819303999997828,-88.0,11.0,0.42,orientation,size,color,0.22,-7.0,7,female,0,2712.7208285,1,22,0.0,1.0,1.0,0.0,0.0,0.0,190.0,221.0,0.0
226,227,3.0,2.0,3.0,0.0,8.0,0.5823638000001665,-25.0,20.0,0.42,orientation,size,color,0.22,-7.0,7,female,0,2712.7208285,1,22,0.0,1.0,1.0,0.0,0.0,0.0,191.0,222.0,0.0
227,228,3.0,1.0,2.0,0.0,8.0,0.8824073000000681,-25.0,0.0,0.3400000000000001,orientation,size,color,0.22,-7.0,7,female,0,2712.7208285,1,22,0.0,1.0,2.0,0.0,0.0,0.0,192.0,223.0,0.0
228,229,3.0,6.0,5.0,0.0,8.0,6.748540200000207,65.0,16.0,0.14,orientation,size,color,0.22,-7.0,7,female,0,2712.7208285,1,22,0.0,1.0,2.0,0.0,0.0,-1.0,193.0,224.0,0.0
229,230,3.0,3.0,0.0,0.0,8.0,1.0993186999999125,-74.5,3.0,0.14,orientation,size,color,0.22,-7.0,7,female,0,2712.7208285,1,22,0.0,1.0,2.0,0.0,0.0,0.0,194.0,225.0,0.0
230,231,3.0,1.0,3.0,0.0,8.0,13.249383800000032,-70.0,21.0,0.3,orientation,size,color,0.22,-7.0,7,female,0,2712.7208285,1,22,0.0,1.0,1.0,0.0,0.0,0.0,195.0,226.0,0.0
231,232,3.0,2.0,3.0,0.0,8.0,1.015198699999928,-34.0,13.0,0.42,orientation,size,color,0.22,-7.0,7,female,0,2712.7208285,1,22,0.0,1.0,1.0,0.0,0.0,1.0,196.0,227.0,0.0
232,233,3.0,6.0,6.0,1.0,8.0,1.0651855000000978,11.0,8.0,0.42,orientation,size,color,0.22,-7.0,7,female,0,2712.7208285,1,22,0.0,1.0,0.0,0.0,0.0,0.0,197.0,228.0,0.0
233,234,3.0,3.0,0.0,0.0,8.0,2.41715239999985,-43.0,10.0,0.14,orientation,size,color,0.22,-7.0,7,female,0,2712.7208285,0,22,0.0,1.0,2.0,0.0,0.0,1.0,198.0,229.0,0.0
234,235,3.0,0.0,0.0,1.0,8.0,2.9332447000001594,-29.5,7.0,0.1,orientation,size,color,0.22,-7.0,7,female,0,2712.7208285,1,22,0.0,1.0,0.0,0.0,0.0,-2.0,199.0,230.0,0.0
235,236,3.0,2.0,2.0,1.0,8.0,2.5499472999999853,-16.0,0.0,0.4600000000000001,orientation,size,color,0.22,-7.0,7,female,0,2712.7208285,0,22,0.0,1.0,0.0,0.0,0.0,2.0,200.0,231.0,0.0
236,237,3.0,2.0,2.0,1.0,8.0,3.416804299999967,-29.5,6.0,0.22,orientation,size,color,0.22,-7.0,7,female,0,2712.7208285,0,22,0.0,1.0,0.0,0.0,0.0,0.0,201.0,232.0,0.0
237,238,3.0,5.0,6.0,0.0,8.0,9.183202199999869,60.5,0.0,0.3400000000000001,orientation,size,color,0.22,-7.0,7,female,0,2712.7208285,0,22,0.0,1.0,2.0,0.0,0.0,0.0,202.0,233.0,0.0
238,239,3.0,6.0,7.0,0.0,8.0,5.031930999999986,83.0,20.0,0.4600000000000001,orientation,size,color,0.22,-7.0,7,female,0,2712.7208285,1,22,0.0,1.0,1.0,0.0,0.0,-2.0,203.0,234.0,0.0
239,240,3.0,2.0,2.0,1.0,8.0,4.149429300000065,-38.5,5.0,0.22,orientation,size,color,0.22,-7.0,7,female,0,2712.7208285,1,22,0.0,1.0,0.0,0.0,0.0,1.0,204.0,235.0,0.0
240,241,3.0,1.0,2.0,0.0,8.0,2.2669912999999724,-16.0,8.0,0.42,orientation,size,color,0.22,-7.0,7,female,0,2712.7208285,0,22,0.0,1.0,2.0,0.0,0.0,1.0,205.0,236.0,0.0
241,242,3.0,7.0,5.0,0.0,8.0,2.4488577000001897,33.5,19.0,0.1,orientation,size,color,0.22,-7.0,7,female,0,2712.7208285,1,22,0.0,1.0,1.0,0.0,0.0,-2.0,206.0,237.0,0.0
242,243,3.0,4.0,1.0,0.0,8.0,2.330834700000196,-88.0,20.0,0.1,orientation,size,color,0.22,-7.0,7,female,0,2712.7208285,1,22,0.0,1.0,2.0,0.0,0.0,1.0,207.0,238.0,0.0
243,244,2.0,3.0,3.0,1.0,4.0,5.43350909999981,11.0,18.0,0.26,orientation,size,color,0.22,-7.0,7,female,0,2712.7208285,1,22,0.0,0.0,2.0,0.0,0.0,1.0,208.0,0.0,1.0
244,245,2.0,1.0,1.0,1.0,4.0,1.166635099999894,-88.0,1.0,0.3,orientation,size,color,0.22,-7.0,7,female,0,2712.7208285,0,22,0.0,0.0,2.0,0.0,1.0,1.0,209.0,0.0,2.0
245,246,2.0,1.0,1.0,1.0,4.0,0.9998629000001528,-61.0,2.0,0.3,orientation,size,color,0.22,-7.0,7,female,0,2712.7208285,0,22,0.0,0.0,2.0,0.0,0.0,1.0,210.0,0.0,3.0
246,247,2.0,2.0,3.0,0.0,4.0,1.4169710999999552,47.0,23.0,0.4600000000000001,orientation,size,color,0.22,-7.0,7,female,0,2712.7208285,0,22,0.0,1.0,2.0,0.0,0.0,1.0,211.0,0.0,4.0
247,248,3.0,2.0,2.0,1.0,8.0,3.2649906000001465,-25.0,10.0,0.4600000000000001,orientation,size,color,0.22,-7.0,7,female,0,2712.7208285,1,22,0.0,1.0,0.0,0.0,0.0,0.0,212.0,1.0,0.0
248,249,3.0,2.0,2.0,1.0,8.0,1.0331661000000167,-52.0,12.0,0.22,orientation,size,color,0.22,-7.0,7,female,0,2712.7208285,0,22,0.0,1.0,0.0,0.0,0.0,2.0,213.0,2.0,0.0
249,250,3.0,2.0,3.0,0.0,8.0,2.884284100000059,-52.0,18.0,0.3400000000000001,orientation,size,color,0.22,-7.0,7,female,0,2712.7208285,0,22,0.0,1.0,1.0,0.0,0.0,0.0,214.0,3.0,0.0
250,251,3.0,6.0,7.0,0.0,8.0,2.415478400000211,2.0,19.0,0.22,orientation,size,color,0.22,-7.0,7,female,0,2712.7208285,1,22,0.0,1.0,1.0,0.0,0.0,-1.0,215.0,4.0,0.0
251,252,3.0,0.0,0.0,1.0,8.0,4.131930499999726,-79.0,5.0,0.14,orientation,size,color,0.22,-7.0,7,female,0,2712.7208285,1,22,0.0,1.0,0.0,0.0,0.0,0.0,216.0,5.0,0.0
252,253,3.0,5.0,4.0,0.0,8.0,3.667240899999797,20.0,1.0,0.18,orientation,size,color,0.22,-7.0,7,female,0,2712.7208285,0,22,0.0,1.0,1.0,0.0,0.0,1.0,217.0,6.0,0.0
253,254,3.0,1.0,3.0,0.0,8.0,2.3495845999996163,-25.0,20.0,0.38,orientation,size,color,0.22,-7.0,7,female,0,2712.7208285,1,22,0.0,1.0,1.0,0.0,0.0,-1.0,218.0,7.0,0.0
254,255,3.0,3.0,3.0,1.0,8.0,2.766630599999644,-88.0,16.0,0.4600000000000001,orientation,size,color,0.22,-7.0,7,female,0,2712.7208285,1,22,0.0,1.0,0.0,0.0,0.0,0.0,219.0,8.0,0.0
255,256,3.0,2.0,3.0,0.0,8.0,3.0328620999998748,-56.5,24.0,0.26,orientation,size,color,0.22,-7.0,7,female,0,2712.7208285,0,22,0.0,1.0,1.0,0.0,0.0,1.0,220.0,9.0,0.0
256,257,3.0,3.0,2.0,0.0,8.0,1.6161243000001375,-74.5,2.0,0.26,orientation,size,color,0.22,-7.0,7,female,0,2712.7208285,1,22,0.0,1.0,1.0,0.0,0.0,-1.0,221.0,10.0,0.0
257,258,3.0,2.0,2.0,1.0,8.0,0.73263309999993,-38.5,6.0,0.26,orientation,size,color,0.22,-7.0,7,female,0,2712.7208285,1,22,0.0,1.0,0.0,0.0,0.0,0.0,222.0,11.0,0.0
258,259,3.0,4.0,4.0,1.0,8.0,3.733004900000197,74.0,6.0,0.14,orientation,size,color,0.22,-7.0,7,female,0,2712.7208285,0,22,0.0,1.0,0.0,0.0,0.0,1.0,223.0,12.0,0.0
259,260,3.0,5.0,6.0,0.0,8.0,5.933675399999629,15.5,5.0,0.22,orientation,size,color,0.22,-7.0,7,female,0,2712.7208285,0,22,0.0,1.0,2.0,0.0,0.0,0.0,224.0,13.0,0.0
260,261,3.0,4.0,4.0,1.0,8.0,0.9989408000001276,78.5,6.0,0.18,orientation,size,color,0.22,-7.0,7,female,0,2712.7208285,1,22,0.0,1.0,0.0,0.0,0.0,-2.0,225.0,14.0,0.0
261,262,3.0,2.0,2.0,1.0,8.0,0.9333470000001398,-11.5,6.0,0.26,orientation,size,color,0.22,-7.0,7,female,0,2712.7208285,0,22,0.0,1.0,0.0,0.0,0.0,2.0,226.0,15.0,0.0
262,263,3.0,2.0,3.0,0.0,8.0,6.800351200000023,-79.0,23.0,0.42,orientation,size,color,0.22,-7.0,7,female,0,2712.7208285,0,22,0.0,1.0,1.0,0.0,0.0,0.0,227.0,16.0,0.0
263,264,3.0,4.0,7.0,0.0,8.0,1.782914399999754,51.5,16.0,0.3400000000000001,orientation,size,color,0.22,-7.0,7,female,0,2712.7208285,1,22,0.0,1.0,2.0,0.0,0.0,-1.0,228.0,17.0,0.0
264,265,3.0,6.0,6.0,1.0,8.0,1.2986605999999483,47.0,3.0,0.4600000000000001,orientation,size,color,0.22,-7.0,7,female,0,2712.7208285,1,22,0.0,1.0,0.0,0.0,0.0,-1.0,229.0,18.0,0.0
265,266,3.0,3.0,2.0,0.0,8.0,2.733592099999896,-88.0,5.0,0.26,orientation,size,color,0.22,-7.0,7,female,0,2712.7208285,0,22,0.0,1.0,1.0,0.0,0.0,2.0,230.0,19.0,0.0
266,267,3.0,3.0,1.0,0.0,8.0,1.1822819999997591,-83.5,20.0,0.14,orientation,size,color,0.22,-7.0,7,female,0,2712.7208285,1,22,0.0,1.0,1.0,0.0,0.0,-1.0,231.0,20.0,0.0
267,268,3.0,2.0,0.0,0.0,8.0,4.482629399999951,-56.5,6.0,0.14,orientation,size,color,0.22,-7.0,7,female,0,2712.7208285,1,22,0.0,1.0,1.0,0.0,0.0,0.0,232.0,21.0,0.0
268,269,3.0,4.0,7.0,0.0,8.0,2.0998264999998355,87.5,16.0,0.4600000000000001,orientation,size,color,0.22,-7.0,7,female,0,2712.7208285,1,22,0.0,1.0,2.0,0.0,0.0,0.0,233.0,22.0,0.0
269,270,3.0,3.0,3.0,1.0,8.0,1.814744299999802,-43.0,19.0,0.22,orientation,size,color,0.22,-7.0,7,female,0,2712.7208285,1,22,0.0,1.0,0.0,0.0,0.0,-1.0,234.0,23.0,0.0
270,271,3.0,3.0,2.0,0.0,8.0,2.884548800000175,-83.5,9.0,0.3400000000000001,orientation,size,color,0.22,-7.0,7,female,0,2712.7208285,0,22,0.0,1.0,1.0,0.0,0.0,2.0,235.0,24.0,0.0
271,272,3.0,3.0,3.0,1.0,8.0,3.9327103000000534,-88.0,13.0,0.26,orientation,size,color,0.22,-7.0,7,female,0,2712.7208285,1,22,0.0,1.0,0.0,0.0,0.0,-1.0,236.0,25.0,0.0
272,273,3.0,2.0,6.0,0.0,8.0,5.416909199999736,-2.5,0.0,0.22,orientation,size,color,0.22,-7.0,7,female,0,2712.7208285,0,22,0.0,1.0,1.0,0.0,0.0,1.0,237.0,26.0,0.0
273,274,3.0,2.0,3.0,0.0,8.0,0.8997558999999455,-11.5,19.0,0.38,orientation,size,color,0.22,-7.0,7,female,0,2712.7208285,1,22,0.0,1.0,1.0,0.0,0.0,-1.0,238.0,27.0,0.0
274,275,3.0,3.0,0.0,0.0,8.0,0.7824118999997154,-70.0,4.0,0.1,orientation,size,color,0.22,-7.0,7,female,0,2712.7208285,1,22,0.0,1.0,2.0,0.0,0.0,0.0,239.0,28.0,0.0
275,276,3.0,2.0,0.0,0.0,8.0,1.8160056000001532,-65.5,10.0,0.14,orientation,size,color,0.22,-7.0,7,female,0,2712.7208285,1,22,0.0,1.0,1.0,0.0,0.0,-1.0,240.0,29.0,0.0
276,277,3.0,7.0,4.0,0.0,8.0,4.149336199999652,60.5,2.0,0.14,orientation,size,color,0.22,-7.0,7,female,0,2712.7208285,1,22,0.0,1.0,2.0,0.0,0.0,1.0,241.0,30.0,0.0
277,278,3.0,1.0,6.0,0.0,8.0,2.0988940000002003,-2.5,10.0,0.3400000000000001,orientation,size,color,0.22,-7.0,7,female,0,2712.7208285,1,22,0.0,1.0,3.0,0.0,0.0,-1.0,242.0,31.0,0.0
278,279,3.0,4.0,5.0,0.0,8.0,1.1652561000000787,83.0,24.0,0.1,orientation,size,color,0.22,-7.0,7,female,0,2712.7208285,1,22,0.0,1.0,1.0,0.0,0.0,-1.0,243.0,32.0,0.0
279,280,3.0,6.0,6.0,1.0,8.0,2.116438499999731,2.0,5.0,0.22,orientation,size,color,0.22,-7.0,7,female,0,2712.7208285,1,22,0.0,1.0,0.0,0.0,0.0,2.0,244.0,33.0,0.0
280,281,3.0,5.0,6.0,0.0,8.0,2.650169599999572,78.5,1.0,0.26,orientation,size,color,0.22,-7.0,7,female,0,2712.7208285,0,22,0.0,1.0,2.0,0.0,0.0,1.0,245.0,34.0,0.0
281,282,3.0,4.0,7.0,0.0,8.0,5.982321899999988,83.0,23.0,0.42,orientation,size,color,0.22,-7.0,7,female,0,2712.7208285,1,22,0.0,1.0,2.0,0.0,0.0,-2.0,246.0,35.0,0.0
282,283,3.0,3.0,3.0,1.0,8.0,2.532497300000159,-79.0,23.0,0.26,orientation,size,color,0.22,-7.0,7,female,0,2712.7208285,1,22,0.0,1.0,0.0,0.0,0.0,0.0,247.0,36.0,0.0
283,284,3.0,7.0,7.0,1.0,8.0,4.533662600000298,11.0,19.0,0.3400000000000001,orientation,size,color,0.22,-7.0,7,female,0,2712.7208285,0,22,0.0,1.0,0.0,0.0,0.0,2.0,248.0,37.0,0.0
284,285,3.0,7.0,6.0,0.0,8.0,3.7171865000000257,6.5,4.0,0.22,orientation,size,color,0.22,-7.0,7,female,0,2712.7208285,0,22,0.0,1.0,1.0,0.0,0.0,0.0,249.0,38.0,0.0
285,286,3.0,2.0,2.0,1.0,8.0,4.882256200000029,-79.0,6.0,0.4600000000000001,orientation,size,color,0.22,-7.0,7,female,0,2712.7208285,1,22,0.0,1.0,0.0,0.0,0.0,-1.0,250.0,39.0,0.0
286,287,3.0,6.0,4.0,0.0,8.0,4.717162400000234,69.5,6.0,0.14,orientation,size,color,0.22,-7.0,7,female,0,2712.7208285,0,22,0.0,1.0,1.0,0.0,0.0,1.0,251.0,40.0,0.0
287,288,3.0,0.0,0.0,1.0,8.0,1.3820267999999487,-25.0,8.0,0.1,orientation,size,color,0.22,-7.0,7,female,0,2712.7208285,1,22,0.0,1.0,0.0,0.0,0.0,-1.0,252.0,41.0,0.0
288,289,3.0,1.0,6.0,0.0,8.0,9.0506977,-2.5,12.0,0.42,orientation,size,color,0.22,-7.0,7,female,0,2712.7208285,0,22,0.0,1.0,3.0,0.0,0.0,1.0,253.0,42.0,0.0
289,290,3.0,4.0,6.0,0.0,8.0,1.899492999999893,60.5,8.0,0.4600000000000001,orientation,size,color,0.22,-7.0,7,female,0,2712.7208285,1,22,0.0,1.0,1.0,0.0,0.0,-3.0,254.0,43.0,0.0
290,291,3.0,5.0,7.0,0.0,8.0,0.7159898999998404,24.5,15.0,0.4600000000000001,orientation,size,color,0.22,-7.0,7,female,0,2712.7208285,1,22,0.0,1.0,1.0,0.0,0.0,2.0,255.0,44.0,0.0
291,292,3.0,4.0,4.0,1.0,8.0,3.9821380000003046,60.5,2.0,0.18,orientation,size,color,0.22,-7.0,7,female,0,2712.7208285,1,22,0.0,1.0,0.0,0.0,0.0,0.0,256.0,45.0,0.0
292,293,3.0,6.0,7.0,0.0,8.0,4.99999919999982,60.5,22.0,0.4600000000000001,orientation,size,color,0.22,-7.0,7,female,0,2712.7208285,0,22,0.0,1.0,1.0,0.0,0.0,1.0,257.0,46.0,0.0
293,294,3.0,4.0,5.0,0.0,8.0,0.9815740999997616,87.5,19.0,0.1,orientation,size,color,0.22,-7.0,7,female,0,2712.7208285,1,22,0.0,1.0,1.0,0.0,0.0,-1.0,258.0,47.0,0.0
294,295,3.0,3.0,3.0,1.0,8.0,0.9159084999996594,-56.5,21.0,0.3,orientation,size,color,0.22,-7.0,7,female,0,2712.7208285,1,22,0.0,1.0,0.0,0.0,0.0,0.0,259.0,48.0,0.0
295,296,3.0,2.0,3.0,0.0,8.0,5.300714900000003,-34.0,24.0,0.4600000000000001,orientation,size,color,0.22,-7.0,7,female,0,2712.7208285,0,22,0.0,1.0,1.0,0.0,0.0,1.0,260.0,49.0,0.0
296,297,3.0,6.0,4.0,0.0,8.0,3.9153786000001674,65.0,5.0,0.1,orientation,size,color,0.22,-7.0,7,female,0,2712.7208285,1,22,0.0,1.0,1.0,0.0,0.0,-1.0,261.0,50.0,0.0
297,298,3.0,3.0,3.0,1.0,8.0,1.8154881999998904,-88.0,14.0,0.42,orientation,size,color,0.22,-7.0,7,female,0,2712.7208285,1,22,0.0,1.0,0.0,0.0,0.0,0.0,262.0,51.0,0.0
298,299,3.0,3.0,3.0,1.0,8.0,8.815848500000357,-79.0,21.0,0.38,orientation,size,color,0.22,-7.0,7,female,0,2712.7208285,0,22,0.0,1.0,0.0,0.0,0.0,1.0,263.0,52.0,0.0
299,300,3.0,2.0,2.0,1.0,8.0,6.067579200000182,-79.0,8.0,0.22,orientation,size,color,0.22,-7.0,7,female,0,2712.7208285,0,22,0.0,1.0,0.0,0.0,0.0,0.0,264.0,53.0,0.0
300,301,3.0,0.0,4.0,0.0,8.0,9.584212599999772,-7.0,6.0,0.18,orientation,size,color,0.22,-7.0,7,female,0,2712.7208285,0,22,0.0,1.0,1.0,0.0,0.0,0.0,265.0,54.0,0.0
301,302,3.0,7.0,4.0,0.0,8.0,1.5981787999999142,83.0,7.0,0.1,orientation,size,color,0.22,-7.0,7,female,0,2712.7208285,1,22,0.0,1.0,2.0,0.0,0.0,-1.0,266.0,55.0,0.0
302,303,3.0,7.0,5.0,0.0,8.0,1.0653474000000642,47.0,21.0,0.14,orientation,size,color,0.22,-7.0,7,female,0,2712.7208285,1,22,0.0,1.0,1.0,0.0,0.0,-1.0,267.0,56.0,0.0
303,304,3.0,3.0,1.0,0.0,8.0,2.882217700000183,-47.5,24.0,0.1,orientation,size,color,0.22,-7.0,7,female,0,2712.7208285,1,22,0.0,1.0,1.0,0.0,0.0,1.0,268.0,57.0,0.0
304,305,3.0,4.0,4.0,1.0,8.0,2.7491322000000764,56.0,4.0,0.1,orientation,size,color,0.22,-7.0,7,female,0,2712.7208285,1,22,0.0,1.0,0.0,0.0,0.0,0.0,269.0,58.0,0.0
305,306,3.0,6.0,7.0,0.0,8.0,2.416197199999715,6.5,16.0,0.42,orientation,size,color,0.22,-7.0,7,female,0,2712.7208285,0,22,0.0,1.0,1.0,0.0,0.0,1.0,270.0,59.0,0.0
306,307,3.0,1.0,2.0,0.0,8.0,3.815428000000338,-79.0,3.0,0.4600000000000001,orientation,size,color,0.22,-7.0,7,female,0,2712.7208285,1,22,0.0,1.0,2.0,0.0,0.0,-1.0,271.0,60.0,0.0
307,308,3.0,6.0,7.0,0.0,8.0,1.081744300000082,60.5,21.0,0.38,orientation,size,color,0.22,-7.0,7,female,0,2712.7208285,1,22,0.0,1.0,1.0,0.0,0.0,-1.0,272.0,61.0,0.0
308,309,3.0,2.0,2.0,1.0,8.0,1.0324469000001957,-43.0,8.0,0.22,orientation,size,color,0.22,-7.0,7,female,0,2712.7208285,1,22,0.0,1.0,0.0,0.0,0.0,1.0,273.0,62.0,0.0
309,310,3.0,2.0,2.0,1.0,8.0,9.066218599999956,-11.5,2.0,0.26,orientation,size,color,0.22,-7.0,7,female,0,2712.7208285,0,22,0.0,1.0,0.0,0.0,0.0,1.0,274.0,63.0,0.0
310,311,3.0,5.0,7.0,0.0,8.0,5.000070700000379,38.0,19.0,0.4600000000000001,orientation,size,color,0.22,-7.0,7,female,0,2712.7208285,0,22,0.0,1.0,1.0,0.0,0.0,0.0,275.0,64.0,0.0
311,312,3.0,4.0,4.0,1.0,8.0,2.816460399999869,65.0,4.0,0.18,orientation,size,color,0.22,-7.0,7,female,0,2712.7208285,1,22,0.0,1.0,0.0,0.0,0.0,-1.0,276.0,65.0,0.0
312,313,3.0,2.0,2.0,1.0,8.0,1.2169098999997914,-11.5,8.0,0.22,orientation,size,color,0.22,-7.0,7,female,0,2712.7208285,0,22,0.0,1.0,0.0,0.0,0.0,1.0,277.0,66.0,0.0
313,314,3.0,6.0,6.0,1.0,8.0,5.150449199999912,20.0,10.0,0.22,orientation,size,color,0.22,-7.0,7,female,0,2712.7208285,0,22,0.0,1.0,0.0,0.0,0.0,0.0,278.0,67.0,0.0
314,315,3.0,7.0,4.0,0.0,8.0,2.9666127000000415,20.0,0.0,0.1,orientation,size,color,0.22,-7.0,7,female,0,2712.7208285,0,22,0.0,1.0,2.0,0.0,0.0,0.0,279.0,68.0,0.0
315,316,3.0,4.0,7.0,0.0,8.0,1.7479090000001634,65.0,22.0,0.4600000000000001,orientation,size,color,0.22,-7.0,7,female,0,2712.7208285,1,22,0.0,1.0,2.0,0.0,0.0,-2.0,280.0,69.0,0.0
316,317,3.0,6.0,7.0,0.0,8.0,1.2490633000002165,15.5,15.0,0.4600000000000001,orientation,size,color,0.22,-7.0,7,female,0,2712.7208285,1,22,0.0,1.0,1.0,0.0,0.0,0.0,281.0,70.0,0.0
317,318,3.0,5.0,5.0,1.0,8.0,2.3491049999997813,24.5,24.0,0.14,orientation,size,color,0.22,-7.0,7,female,0,2712.7208285,1,22,0.0,1.0,0.0,0.0,0.0,1.0,282.0,71.0,0.0
318,319,3.0,2.0,3.0,0.0,8.0,5.866793200000302,-47.5,24.0,0.38,orientation,size,color,0.22,-7.0,7,female,0,2712.7208285,0,22,0.0,1.0,1.0,0.0,0.0,1.0,283.0,72.0,0.0
319,320,3.0,1.0,2.0,0.0,8.0,1.548938499999622,-11.5,0.0,0.42,orientation,size,color,0.22,-7.0,7,female,0,2712.7208285,1,22,0.0,1.0,2.0,0.0,0.0,-1.0,284.0,73.0,0.0
320,321,3.0,5.0,7.0,0.0,8.0,1.4141488999998728,47.0,23.0,0.38,orientation,size,color,0.22,-7.0,7,female,0,2712.7208285,1,22,0.0,1.0,1.0,0.0,0.0,-1.0,285.0,74.0,0.0
321,322,3.0,2.0,7.0,0.0,8.0,1.1831081000000268,-2.5,19.0,0.3,orientation,size,color,0.22,-7.0,7,female,0,2712.7208285,1,22,0.0,1.0,2.0,0.0,0.0,1.0,286.0,75.0,0.0
322,323,3.0,3.0,3.0,1.0,8.0,1.2324736999999004,-38.5,18.0,0.3,orientation,size,color,0.22,-7.0,7,female,0,2712.7208285,1,22,0.0,1.0,0.0,0.0,0.0,-1.0,287.0,76.0,0.0
323,324,3.0,5.0,7.0,0.0,8.0,1.533453100000315,42.5,18.0,0.42,orientation,size,color,0.22,-7.0,7,female,0,2712.7208285,0,22,0.0,1.0,1.0,0.0,0.0,2.0,288.0,77.0,0.0
324,325,3.0,4.0,7.0,0.0,8.0,2.3661455000001297,83.0,15.0,0.3400000000000001,orientation,size,color,0.22,-7.0,7,female,0,2712.7208285,1,22,0.0,1.0,2.0,0.0,0.0,-1.0,289.0,78.0,0.0
325,326,3.0,6.0,7.0,0.0,8.0,1.13308139999981,20.0,22.0,0.42,orientation,size,color,0.22,-7.0,7,female,0,2712.7208285,1,22,0.0,1.0,1.0,0.0,0.0,-1.0,290.0,79.0,0.0
326,327,3.0,4.0,6.0,0.0,8.0,5.4488051000003,83.0,4.0,0.4600000000000001,orientation,size,color,0.22,-7.0,7,female,0,2712.7208285,1,22,0.0,1.0,1.0,0.0,0.0,1.0,291.0,80.0,0.0
327,328,3.0,7.0,5.0,0.0,8.0,1.8826982999999016,69.5,24.0,0.14,orientation,size,color,0.22,-7.0,7,female,0,2712.7208285,1,22,0.0,1.0,1.0,0.0,0.0,0.0,292.0,81.0,0.0
328,329,3.0,2.0,3.0,0.0,8.0,1.431054099999983,-25.0,18.0,0.3400000000000001,orientation,size,color,0.22,-7.0,7,female,0,2712.7208285,1,22,0.0,1.0,1.0,0.0,0.0,0.0,293.0,82.0,0.0
329,330,3.0,6.0,6.0,1.0,8.0,1.4155315000002702,33.5,9.0,0.38,orientation,size,color,0.22,-7.0,7,female,0,2712.7208285,1,22,0.0,1.0,0.0,0.0,0.0,0.0,294.0,83.0,0.0
330,331,3.0,2.0,2.0,1.0,8.0,1.0662653000003957,-38.5,4.0,0.3400000000000001,orientation,size,color,0.22,-7.0,7,female,0,2712.7208285,0,22,0.0,1.0,0.0,0.0,0.0,1.0,295.0,84.0,0.0
331,332,3.0,3.0,1.0,0.0,8.0,1.5167625999997654,-83.5,19.0,0.14,orientation,size,color,0.22,-7.0,7,female,0,2712.7208285,0,22,0.0,1.0,1.0,0.0,0.0,0.0,296.0,85.0,0.0
332,333,3.0,4.0,7.0,0.0,8.0,1.5822180999998636,87.5,22.0,0.3400000000000001,orientation,size,color,0.22,-7.0,7,female,0,2712.7208285,1,22,0.0,1.0,2.0,0.0,0.0,-1.0,297.0,86.0,0.0
333,334,3.0,3.0,3.0,1.0,8.0,1.2325344000000769,-56.5,23.0,0.42,orientation,size,color,0.22,-7.0,7,female,0,2712.7208285,1,22,0.0,1.0,0.0,0.0,0.0,-1.0,298.0,87.0,0.0
334,335,3.0,2.0,3.0,0.0,8.0,2.53449640000008,-25.0,18.0,0.3400000000000001,orientation,size,color,0.22,-7.0,7,female,0,2712.7208285,0,22,0.0,1.0,1.0,0.0,0.0,2.0,299.0,88.0,0.0
335,336,3.0,3.0,1.0,0.0,8.0,1.8997678999999152,-25.0,21.0,0.18,orientation,size,color,0.22,-7.0,7,female,0,2712.7208285,1,22,0.0,1.0,1.0,0.0,0.0,-1.0,300.0,89.0,0.0
336,337,3.0,2.0,0.0,0.0,8.0,2.465755799999897,-20.5,6.0,0.14,orientation,size,color,0.22,-7.0,7,female,0,2712.7208285,1,22,0.0,1.0,1.0,0.0,0.0,0.0,301.0,90.0,0.0
337,338,3.0,3.0,3.0,1.0,8.0,4.182970899999873,-38.5,23.0,0.38,orientation,size,color,0.22,-7.0,7,female,0,2712.7208285,1,22,0.0,1.0,0.0,0.0,0.0,0.0,302.0,91.0,0.0
338,339,3.0,5.0,5.0,1.0,8.0,4.416704899999786,87.5,24.0,0.1,orientation,size,color,0.22,-7.0,7,female,0,2712.7208285,0,22,0.0,1.0,0.0,0.0,0.0,1.0,303.0,92.0,0.0
339,340,3.0,5.0,7.0,0.0,8.0,7.550259399999959,65.0,13.0,0.42,orientation,size,color,0.22,-7.0,7,female,0,2712.7208285,0,22,0.0,1.0,1.0,0.0,0.0,0.0,304.0,93.0,0.0
340,341,3.0,4.0,7.0,0.0,8.0,2.682914399999845,69.5,23.0,0.26,orientation,size,color,0.22,-7.0,7,female,0,2712.7208285,1,22,0.0,1.0,2.0,0.0,0.0,-1.0,305.0,94.0,0.0
341,342,3.0,3.0,1.0,0.0,8.0,1.699316799999906,-65.5,24.0,0.14,orientation,size,color,0.22,-7.0,7,female,0,2712.7208285,1,22,0.0,1.0,1.0,0.0,0.0,-1.0,306.0,95.0,0.0
342,343,3.0,3.0,2.0,0.0,8.0,1.6810346000002028,-74.5,0.0,0.38,orientation,size,color,0.22,-7.0,7,female,0,2712.7208285,1,22,0.0,1.0,1.0,0.0,0.0,1.0,307.0,96.0,0.0
343,344,3.0,2.0,3.0,0.0,8.0,4.648573499999657,-16.0,20.0,0.3400000000000001,orientation,size,color,0.22,-7.0,7,female,0,2712.7208285,1,22,0.0,1.0,1.0,0.0,0.0,0.0,308.0,97.0,0.0
344,345,3.0,2.0,3.0,0.0,8.0,4.7323183000003155,-20.5,18.0,0.4600000000000001,orientation,size,color,0.22,-7.0,7,female,0,2712.7208285,1,22,0.0,1.0,1.0,0.0,0.0,0.0,309.0,98.0,0.0
345,346,3.0,6.0,6.0,1.0,8.0,2.048577700000351,6.5,11.0,0.4600000000000001,orientation,size,color,0.22,-7.0,7,female,0,2712.7208285,1,22,0.0,1.0,0.0,0.0,0.0,0.0,310.0,99.0,0.0
346,347,3.0,2.0,7.0,0.0,8.0,3.6505185000000897,-7.0,13.0,0.42,orientation,size,color,0.22,-7.0,7,female,0,2712.7208285,0,22,0.0,1.0,2.0,0.0,0.0,1.0,311.0,100.0,0.0
347,348,3.0,4.0,6.0,0.0,8.0,4.498910799999976,42.5,9.0,0.38,orientation,size,color,0.22,-7.0,7,female,0,2712.7208285,1,22,0.0,1.0,1.0,0.0,0.0,-2.0,312.0,101.0,0.0
348,349,3.0,5.0,6.0,0.0,8.0,0.8827349999996841,24.5,8.0,0.3,orientation,size,color,0.22,-7.0,7,female,0,2712.7208285,1,22,0.0,1.0,2.0,0.0,0.0,1.0,313.0,102.0,0.0
349,350,3.0,3.0,3.0,1.0,8.0,0.8816311000000496,-70.0,22.0,0.42,orientation,size,color,0.22,-7.0,7,female,0,2712.7208285,1,22,0.0,1.0,0.0,0.0,0.0,-1.0,314.0,103.0,0.0
350,351,3.0,4.0,6.0,0.0,8.0,4.016930499999944,83.0,6.0,0.42,orientation,size,color,0.22,-7.0,7,female,0,2712.7208285,0,22,0.0,1.0,1.0,0.0,0.0,2.0,315.0,104.0,0.0
351,352,3.0,1.0,1.0,1.0,8.0,7.364598499999829,-56.5,24.0,0.14,orientation,size,color,0.22,-7.0,7,female,0,2712.7208285,1,22,0.0,1.0,0.0,0.0,0.0,-1.0,316.0,105.0,0.0
352,353,3.0,2.0,3.0,0.0,8.0,3.0497824999997647,-61.0,17.0,0.26,orientation,size,color,0.22,-7.0,7,female,0,2712.7208285,0,22,0.0,1.0,1.0,0.0,0.0,1.0,317.0,106.0,0.0
353,354,3.0,4.0,6.0,0.0,8.0,3.4159794000001966,87.5,7.0,0.3,orientation,size,color,0.22,-7.0,7,female,0,2712.7208285,1,22,0.0,1.0,1.0,0.0,0.0,-1.0,318.0,107.0,0.0
354,355,3.0,6.0,6.0,1.0,8.0,0.8319455000000744,42.5,12.0,0.26,orientation,size,color,0.22,-7.0,7,female,0,2712.7208285,1,22,0.0,1.0,0.0,0.0,0.0,0.0,319.0,108.0,0.0
355,356,3.0,6.0,6.0,1.0,8.0,0.6990497000001596,69.5,7.0,0.3400000000000001,orientation,size,color,0.22,-7.0,7,female,0,2712.7208285,0,22,0.0,1.0,0.0,0.0,0.0,1.0,320.0,109.0,0.0
356,357,3.0,2.0,3.0,0.0,8.0,6.933461399999942,-16.0,19.0,0.26,orientation,size,color,0.22,-7.0,7,female,0,2712.7208285,0,22,0.0,1.0,1.0,0.0,0.0,0.0,321.0,110.0,0.0
357,358,3.0,3.0,2.0,0.0,8.0,2.283107199999904,-79.0,0.0,0.26,orientation,size,color,0.22,-7.0,7,female,0,2712.7208285,1,22,0.0,1.0,1.0,0.0,0.0,-1.0,322.0,111.0,0.0
358,359,3.0,2.0,0.0,0.0,8.0,2.4158691000002364,-16.0,3.0,0.18,orientation,size,color,0.22,-7.0,7,female,0,2712.7208285,1,22,0.0,1.0,1.0,0.0,0.0,0.0,323.0,112.0,0.0
359,360,3.0,6.0,6.0,1.0,8.0,1.4152734999997847,24.5,10.0,0.4600000000000001,orientation,size,color,0.22,-7.0,7,female,0,2712.7208285,1,22,0.0,1.0,0.0,0.0,0.0,0.0,324.0,113.0,0.0
360,361,3.0,6.0,4.0,0.0,8.0,0.7502620000000206,20.0,1.0,0.18,orientation,size,color,0.22,-7.0,7,female,0,2712.7208285,0,22,0.0,1.0,1.0,0.0,0.0,1.0,325.0,114.0,0.0
361,362,3.0,1.0,3.0,0.0,8.0,2.949993799999902,-16.0,24.0,0.26,orientation,size,color,0.22,-7.0,7,female,0,2712.7208285,1,22,0.0,1.0,1.0,0.0,0.0,-1.0,326.0,115.0,0.0
362,363,3.0,0.0,0.0,1.0,8.0,3.417711200000213,-43.0,12.0,0.1,orientation,size,color,0.22,-7.0,7,female,0,2712.7208285,1,22,0.0,1.0,0.0,0.0,0.0,0.0,327.0,116.0,0.0
363,364,3.0,6.0,7.0,0.0,8.0,2.766405500000019,51.5,16.0,0.38,orientation,size,color,0.22,-7.0,7,female,0,2712.7208285,0,22,0.0,1.0,1.0,0.0,0.0,1.0,328.0,117.0,0.0
364,365,3.0,7.0,7.0,1.0,8.0,1.9489517000001797,20.0,14.0,0.38,orientation,size,color,0.22,-7.0,7,female,0,2712.7208285,1,22,0.0,1.0,0.0,0.0,0.0,-1.0,329.0,118.0,0.0
365,366,3.0,6.0,6.0,1.0,8.0,5.450030399999832,42.5,7.0,0.38,orientation,size,color,0.22,-7.0,7,female,0,2712.7208285,0,22,0.0,1.0,0.0,0.0,0.0,1.0,330.0,119.0,0.0
366,367,3.0,0.0,0.0,1.0,8.0,1.3002340000002732,-61.0,9.0,0.1,orientation,size,color,0.22,-7.0,7,female,0,2712.7208285,0,22,0.0,1.0,0.0,0.0,0.0,0.0,331.0,120.0,0.0
367,368,3.0,2.0,3.0,0.0,8.0,10.96684230000028,-11.5,15.0,0.3400000000000001,orientation,size,color,0.22,-7.0,7,female,0,2712.7208285,0,22,0.0,1.0,1.0,0.0,0.0,0.0,332.0,121.0,0.0
368,369,3.0,3.0,2.0,0.0,8.0,1.1160107000000608,-88.0,6.0,0.38,orientation,size,color,0.22,-7.0,7,female,0,2712.7208285,1,22,0.0,1.0,1.0,0.0,0.0,-1.0,333.0,122.0,0.0
369,370,3.0,0.0,0.0,1.0,8.0,2.732097000000067,-38.5,3.0,0.18,orientation,size,color,0.22,-7.0,7,female,0,2712.7208285,1,22,0.0,1.0,0.0,0.0,0.0,0.0,334.0,123.0,0.0
370,371,3.0,6.0,6.0,1.0,8.0,2.449678800000129,69.5,4.0,0.3400000000000001,orientation,size,color,0.22,-7.0,7,female,0,2712.7208285,0,22,0.0,1.0,0.0,0.0,0.0,1.0,335.0,124.0,0.0
371,372,3.0,2.0,3.0,0.0,8.0,10.050902400000268,-83.5,19.0,0.3400000000000001,orientation,size,color,0.22,-7.0,7,female,0,2712.7208285,0,22,0.0,1.0,1.0,0.0,0.0,0.0,336.0,125.0,0.0
372,373,3.0,0.0,4.0,0.0,8.0,3.582613300000048,20.0,9.0,0.14,orientation,size,color,0.22,-7.0,7,female,0,2712.7208285,1,22,0.0,1.0,1.0,0.0,0.0,-1.0,337.0,126.0,0.0
373,374,3.0,0.0,0.0,1.0,8.0,0.9500264999996944,-52.0,6.0,0.14,orientation,size,color,0.22,-7.0,7,female,0,2712.7208285,1,22,0.0,1.0,0.0,0.0,0.0,0.0,338.0,127.0,0.0
374,375,3.0,7.0,7.0,1.0,8.0,2.617392099999961,15.5,19.0,0.3,orientation,size,color,0.22,-7.0,7,female,0,2712.7208285,0,22,0.0,1.0,0.0,0.0,0.0,1.0,339.0,128.0,0.0
375,376,3.0,0.0,0.0,1.0,8.0,3.9823655000000144,-43.0,12.0,0.14,orientation,size,color,0.22,-7.0,7,female,0,2712.7208285,0,22,0.0,1.0,0.0,0.0,0.0,0.0,340.0,129.0,0.0
376,377,3.0,3.0,7.0,0.0,8.0,4.89991259999988,-2.5,19.0,0.22,orientation,size,color,0.22,-7.0,7,female,0,2712.7208285,0,22,0.0,1.0,1.0,0.0,0.0,0.0,341.0,130.0,0.0
377,378,3.0,2.0,3.0,0.0,8.0,5.1827587000002495,-25.0,23.0,0.26,orientation,size,color,0.22,-7.0,7,female,0,2712.7208285,1,22,0.0,1.0,1.0,0.0,0.0,-1.0,342.0,131.0,0.0
378,379,3.0,3.0,1.0,0.0,8.0,2.7163347000000613,-52.0,20.0,0.1,orientation,size,color,0.22,-7.0,7,female,0,2712.7208285,1,22,0.0,1.0,1.0,0.0,0.0,0.0,343.0,132.0,0.0
379,380,3.0,6.0,6.0,1.0,8.0,1.282647900000029,33.5,0.0,0.3400000000000001,orientation,size,color,0.22,-7.0,7,female,0,2712.7208285,1,22,0.0,1.0,0.0,0.0,0.0,0.0,344.0,133.0,0.0
380,381,3.0,1.0,2.0,0.0,8.0,25.45039020000013,-43.0,6.0,0.3400000000000001,orientation,size,color,0.22,-7.0,7,female,0,2712.7208285,0,22,0.0,1.0,2.0,0.0,0.0,1.0,345.0,134.0,0.0
381,382,3.0,2.0,7.0,0.0,8.0,4.182870600000115,-7.0,18.0,0.3400000000000001,orientation,size,color,0.22,-7.0,7,female,0,2712.7208285,1,22,0.0,1.0,2.0,0.0,0.0,-2.0,346.0,135.0,0.0
382,383,3.0,1.0,2.0,0.0,8.0,1.2158605999998144,-29.5,2.0,0.4600000000000001,orientation,size,color,0.22,-7.0,7,female,0,2712.7208285,1,22,0.0,1.0,2.0,0.0,0.0,0.0,347.0,136.0,0.0
383,384,3.0,6.0,6.0,1.0,8.0,1.215252200000123,24.5,11.0,0.26,orientation,size,color,0.22,-7.0,7,female,0,2712.7208285,1,22,0.0,1.0,0.0,0.0,0.0,0.0,348.0,137.0,0.0
384,385,3.0,1.0,3.0,0.0,8.0,2.3998551000004227,-61.0,13.0,0.42,orientation,size,color,0.22,-7.0,7,female,0,2712.7208285,0,22,0.0,1.0,1.0,0.0,0.0,2.0,349.0,138.0,0.0
385,386,3.0,3.0,1.0,0.0,8.0,3.4832565000001523,-29.5,24.0,0.1,orientation,size,color,0.22,-7.0,7,female,0,2712.7208285,1,22,0.0,1.0,1.0,0.0,0.0,-1.0,350.0,139.0,0.0
386,387,3.0,2.0,2.0,1.0,8.0,3.915849900000012,-74.5,8.0,0.3,orientation,size,color,0.22,-7.0,7,female,0,2712.7208285,1,22,0.0,1.0,0.0,0.0,0.0,0.0,351.0,140.0,0.0
387,388,3.0,6.0,4.0,0.0,8.0,4.916697200000272,20.0,8.0,0.1,orientation,size,color,0.22,-7.0,7,female,0,2712.7208285,0,22,0.0,1.0,1.0,0.0,0.0,1.0,352.0,141.0,0.0
388,389,3.0,6.0,6.0,1.0,8.0,2.7489542999996956,15.5,7.0,0.26,orientation,size,color,0.22,-7.0,7,female,0,2712.7208285,1,22,0.0,1.0,0.0,0.0,0.0,-1.0,353.0,142.0,0.0
389,390,3.0,3.0,7.0,0.0,8.0,5.86682970000038,-7.0,23.0,0.3,orientation,size,color,0.22,-7.0,7,female,0,2712.7208285,0,22,0.0,1.0,1.0,0.0,0.0,1.0,354.0,143.0,0.0
