,Trial_number,Chosen_castle,Chosen_location,Correct_location,Accuracy,Number_of_doors,RT,Current_orientation,Current_color,Current_size,First_feature,Second_feature,Third_feature,Participant_size,Participant_orientation,Participant_number,Participant_gender,Early_exit,Training_time,Meta_trial,Participant_age,PE_1,PE_2,PE_3,LP_1,LP_2,LP_3,Nov_1,Nov_2,Nov_3
0,1,2.0,0.0,3.0,0.0,4.0,13.137886399999845,-88.0,17.0,0.42,color,size,orientation,0.3,-11.5,11,male,0,2716.5832896,1,26,0.0,0.0,0.0,0.0,0.0,0.0,99.0,0.0,99.0
1,2,2.0,2.0,3.0,0.0,4.0,6.650537700000086,-65.5,15.0,0.38,color,size,orientation,0.3,-11.5,11,male,0,2716.5832896,1,26,0.0,1.0,0.0,0.0,0.0,0.0,100.0,0.0,100.0
2,3,2.0,2.0,0.0,0.0,4.0,4.58325630000013,-43.0,1.0,0.22,color,size,orientation,0.3,-11.5,11,male,0,2716.5832896,1,26,0.0,1.0,0.0,0.0,-1.0,0.0,101.0,0.0,101.0
3,4,2.0,0.0,2.0,0.0,4.0,14.766602599999942,-25.0,23.0,0.14,color,size,orientation,0.3,-11.5,11,male,0,2716.5832896,1,26,0.0,1.0,0.0,0.0,0.0,0.0,102.0,0.0,102.0
4,5,2.0,1.0,3.0,0.0,4.0,4.449468799999977,-11.5,23.0,0.4600000000000001,color,size,orientation,0.3,-11.5,11,male,0,2716.5832896,1,26,0.0,1.0,0.0,0.0,0.0,0.0,103.0,0.0,103.0
5,6,2.0,1.0,1.0,1.0,4.0,4.333704800000078,29.0,2.0,0.38,color,size,orientation,0.3,-11.5,11,male,0,2716.5832896,1,26,0.0,0.0,0.0,0.0,0.0,0.0,104.0,0.0,104.0
6,7,2.0,1.0,1.0,1.0,4.0,1.95032429999992,-52.0,3.0,0.42,color,size,orientation,0.3,-11.5,11,male,0,2716.5832896,0,26,0.0,0.0,0.0,0.0,1.0,0.0,105.0,0.0,105.0
7,8,2.0,2.0,2.0,1.0,4.0,1.1006717000000208,47.0,16.0,0.26,color,size,orientation,0.3,-11.5,11,male,0,2716.5832896,0,26,0.0,0.0,0.0,0.0,0.0,0.0,106.0,0.0,106.0
8,9,2.0,0.0,3.0,0.0,4.0,3.784130100000084,-11.5,15.0,0.3,color,size,orientation,0.3,-11.5,11,male,0,2716.5832896,0,26,0.0,2.0,0.0,0.0,0.0,0.0,107.0,0.0,107.0
9,10,2.0,2.0,2.0,1.0,4.0,2.616204400000015,78.5,15.0,0.1,color,size,orientation,0.3,-11.5,11,male,0,2716.5832896,1,26,0.0,0.0,0.0,0.0,-2.0,0.0,108.0,0.0,108.0
10,11,2.0,2.0,0.0,0.0,4.0,1.0168040999999448,78.5,6.0,0.1,color,size,orientation,0.3,-11.5,11,male,0,2716.5832896,0,26,0.0,1.0,0.0,0.0,2.0,0.0,109.0,0.0,109.0
11,12,3.0,5.0,3.0,0.0,8.0,1.999738799999932,29.0,1.0,0.42,color,size,orientation,0.3,-11.5,11,male,0,2716.5832896,1,26,0.0,1.0,2.0,0.0,2.0,0.0,110.0,1.0,0.0
12,13,1.0,0.0,0.0,1.0,2.0,4.059273099999928,-2.5,11.0,0.18,color,size,orientation,0.3,-11.5,11,male,0,2716.5832896,1,26,0.0,1.0,2.0,0.0,2.0,0.0,0.0,2.0,1.0
13,14,1.0,1.0,1.0,1.0,2.0,2.1670637999998235,11.0,21.0,0.42,color,size,orientation,0.3,-11.5,11,male,0,2716.5832896,0,26,0.0,1.0,2.0,0.0,2.0,0.0,0.0,3.0,2.0
14,15,1.0,0.0,0.0,1.0,2.0,3.733542600000192,69.5,0.0,0.26,color,size,orientation,0.3,-11.5,11,male,0,2716.5832896,0,26,0.0,1.0,2.0,0.0,2.0,0.0,0.0,4.0,3.0
15,16,1.0,0.0,0.0,1.0,2.0,1.1664941999999885,-83.5,10.0,0.18,color,size,orientation,0.3,-11.5,11,male,0,2716.5832896,0,26,0.0,1.0,2.0,0.0,2.0,0.0,0.0,5.0,4.0
16,17,1.0,0.0,0.0,1.0,2.0,1.1668105999999625,-43.0,10.0,0.42,color,size,orientation,0.3,-11.5,11,male,0,2716.5832896,0,26,0.0,1.0,2.0,0.0,2.0,0.0,0.0,6.0,5.0
17,18,1.0,1.0,1.0,1.0,2.0,5.716817199999923,29.0,18.0,0.42,color,size,orientation,0.3,-11.5,11,male,0,2716.5832896,0,26,0.0,1.0,2.0,0.0,2.0,0.0,0.0,7.0,6.0
18,19,1.0,0.0,0.0,1.0,2.0,4.033741199999895,-74.5,7.0,0.3400000000000001,color,size,orientation,0.3,-11.5,11,male,0,2716.5832896,0,26,0.0,1.0,2.0,0.0,2.0,0.0,0.0,8.0,7.0
19,20,1.0,1.0,1.0,1.0,2.0,2.266822300000058,-7.0,22.0,0.22,color,size,orientation,0.3,-11.5,11,male,0,2716.5832896,0,26,0.0,1.0,2.0,0.0,2.0,0.0,0.0,9.0,8.0
20,21,1.0,1.0,1.0,1.0,2.0,2.7339529000000766,33.5,19.0,0.38,color,size,orientation,0.3,-11.5,11,male,0,2716.5832896,0,26,0.0,1.0,2.0,0.0,2.0,0.0,0.0,10.0,9.0
21,22,1.0,0.0,0.0,1.0,2.0,13.53411610000012,-74.5,9.0,0.38,color,size,orientation,0.3,-11.5,11,male,0,2716.5832896,0,26,0.0,1.0,2.0,0.0,2.0,0.0,0.0,11.0,10.0
22,23,2.0,1.0,2.0,0.0,4.0,17.73358099999996,-61.0,19.0,0.26,color,size,orientation,0.3,-11.5,11,male,0,2716.5832896,1,26,0.0,2.0,2.0,0.0,0.0,0.0,1.0,0.0,11.0
23,24,3.0,0.0,7.0,0.0,8.0,5.982891399999971,15.5,22.0,0.42,color,size,orientation,0.3,-11.5,11,male,0,2716.5832896,1,26,0.0,2.0,3.0,0.0,0.0,0.0,2.0,1.0,0.0
24,25,2.0,1.0,2.0,0.0,4.0,7.183117400000128,29.0,24.0,0.1,color,size,orientation,0.3,-11.5,11,male,0,2716.5832896,1,26,0.0,2.0,3.0,0.0,0.0,0.0,3.0,0.0,1.0
25,26,2.0,2.0,3.0,0.0,4.0,1.4317882000000282,29.0,20.0,0.42,color,size,orientation,0.3,-11.5,11,male,0,2716.5832896,1,26,0.0,1.0,3.0,0.0,0.0,0.0,4.0,0.0,2.0
26,27,2.0,2.0,2.0,1.0,4.0,5.066475599999876,51.5,15.0,0.14,color,size,orientation,0.3,-11.5,11,male,0,2716.5832896,1,26,0.0,0.0,3.0,0.0,1.0,0.0,5.0,0.0,3.0
27,28,2.0,2.0,1.0,0.0,4.0,5.983587299999954,20.0,8.0,0.3,color,size,orientation,0.3,-11.5,11,male,0,2716.5832896,0,26,0.0,2.0,3.0,0.0,1.0,0.0,6.0,0.0,4.0
28,29,2.0,3.0,2.0,0.0,4.0,5.216430799999898,42.5,13.0,0.26,color,size,orientation,0.3,-11.5,11,male,0,2716.5832896,1,26,0.0,1.0,3.0,0.0,-2.0,0.0,7.0,0.0,5.0
29,30,2.0,2.0,3.0,0.0,4.0,3.6992746000000807,51.5,13.0,0.42,color,size,orientation,0.3,-11.5,11,male,0,2716.5832896,1,26,0.0,1.0,3.0,0.0,1.0,0.0,8.0,0.0,6.0
30,31,3.0,7.0,7.0,1.0,8.0,6.76489730000003,15.5,19.0,0.38,color,size,orientation,0.3,-11.5,11,male,0,2716.5832896,1,26,0.0,1.0,0.0,0.0,1.0,0.0,9.0,1.0,0.0
31,32,3.0,6.0,5.0,0.0,8.0,2.984048600000051,-2.5,23.0,0.18,color,size,orientation,0.3,-11.5,11,male,0,2716.5832896,0,26,0.0,1.0,2.0,0.0,1.0,3.0,10.0,2.0,0.0
32,33,3.0,3.0,6.0,0.0,8.0,2.699807799999917,-61.0,20.0,0.4600000000000001,color,size,orientation,0.3,-11.5,11,male,0,2716.5832896,1,26,0.0,1.0,2.0,0.0,1.0,-2.0,11.0,3.0,0.0
33,34,3.0,4.0,5.0,0.0,8.0,14.333892099999956,47.0,13.0,0.22,color,size,orientation,0.3,-11.5,11,male,0,2716.5832896,1,26,0.0,1.0,1.0,0.0,1.0,0.0,12.0,4.0,0.0
34,35,3.0,4.0,0.0,0.0,8.0,2.6498873999998978,-83.5,5.0,0.18,color,size,orientation,0.3,-11.5,11,male,0,2716.5832896,1,26,0.0,1.0,1.0,0.0,1.0,1.0,13.0,5.0,0.0
35,36,2.0,2.0,3.0,0.0,4.0,9.43286709999984,65.0,14.0,0.4600000000000001,color,size,orientation,0.3,-11.5,11,male,0,2716.5832896,1,26,0.0,1.0,1.0,0.0,0.0,1.0,14.0,0.0,1.0
36,37,2.0,0.0,0.0,1.0,4.0,9.58235509999986,33.5,1.0,0.18,color,size,orientation,0.3,-11.5,11,male,0,2716.5832896,1,26,0.0,0.0,1.0,0.0,0.0,1.0,15.0,0.0,2.0
37,38,2.0,0.0,1.0,0.0,4.0,1.700456499999973,-61.0,4.0,0.38,color,size,orientation,0.3,-11.5,11,male,0,2716.5832896,0,26,0.0,1.0,1.0,0.0,1.0,1.0,16.0,0.0,3.0
38,39,2.0,0.0,1.0,0.0,4.0,2.616614600000048,83.0,1.0,0.42,color,size,orientation,0.3,-11.5,11,male,0,2716.5832896,1,26,0.0,1.0,1.0,0.0,-1.0,1.0,17.0,0.0,4.0
39,40,2.0,2.0,3.0,0.0,4.0,2.9164498000000094,56.0,14.0,0.3400000000000001,color,size,orientation,0.3,-11.5,11,male,0,2716.5832896,1,26,0.0,1.0,1.0,0.0,0.0,1.0,18.0,0.0,5.0
40,41,2.0,1.0,0.0,0.0,4.0,2.2324736000000485,-61.0,1.0,0.18,color,size,orientation,0.3,-11.5,11,male,0,2716.5832896,1,26,0.0,1.0,1.0,0.0,0.0,1.0,19.0,0.0,6.0
41,42,2.0,2.0,0.0,0.0,4.0,2.59884279999983,47.0,12.0,0.26,color,size,orientation,0.3,-11.5,11,male,0,2716.5832896,1,26,0.0,1.0,1.0,0.0,0.0,1.0,20.0,0.0,7.0
42,43,2.0,3.0,2.0,0.0,4.0,5.666038800000024,-70.0,21.0,0.26,color,size,orientation,0.3,-11.5,11,male,0,2716.5832896,1,26,0.0,1.0,1.0,0.0,0.0,1.0,21.0,0.0,8.0
43,44,2.0,1.0,1.0,1.0,4.0,2.432489399999895,-2.5,3.0,0.4600000000000001,color,size,orientation,0.3,-11.5,11,male,0,2716.5832896,1,26,0.0,0.0,1.0,0.0,0.0,1.0,22.0,0.0,9.0
44,45,2.0,1.0,1.0,1.0,4.0,1.7830453999999918,-88.0,9.0,0.4600000000000001,color,size,orientation,0.3,-11.5,11,male,0,2716.5832896,0,26,0.0,0.0,1.0,0.0,1.0,1.0,23.0,0.0,10.0
45,46,2.0,1.0,1.0,1.0,4.0,1.0340363999998772,-7.0,1.0,0.3,color,size,orientation,0.3,-11.5,11,male,0,2716.5832896,0,26,0.0,0.0,1.0,0.0,0.0,1.0,24.0,0.0,11.0
46,47,2.0,2.0,3.0,0.0,4.0,2.100200500000028,38.0,13.0,0.3400000000000001,color,size,orientation,0.3,-11.5,11,male,0,2716.5832896,0,26,0.0,1.0,1.0,0.0,0.0,1.0,25.0,0.0,12.0
47,48,2.0,1.0,1.0,1.0,4.0,3.532623600000079,24.5,12.0,0.42,color,size,orientation,0.3,-11.5,11,male,0,2716.5832896,1,26,0.0,0.0,1.0,0.0,-1.0,1.0,26.0,0.0,13.0
48,49,2.0,1.0,0.0,0.0,4.0,1.4662211999998362,24.5,1.0,0.22,color,size,orientation,0.3,-11.5,11,male,0,2716.5832896,0,26,0.0,1.0,1.0,0.0,1.0,1.0,27.0,0.0,14.0
49,50,2.0,3.0,2.0,0.0,4.0,6.866979700000002,69.5,15.0,0.14,color,size,orientation,0.3,-11.5,11,male,0,2716.5832896,1,26,0.0,1.0,1.0,0.0,-1.0,1.0,28.0,0.0,15.0
50,51,2.0,1.0,0.0,0.0,4.0,2.665350699999862,65.0,10.0,0.1,color,size,orientation,0.3,-11.5,11,male,0,2716.5832896,1,26,0.0,1.0,1.0,0.0,0.0,1.0,29.0,0.0,16.0
51,52,2.0,3.0,3.0,1.0,4.0,6.63217950000012,47.0,18.0,0.4600000000000001,color,size,orientation,0.3,-11.5,11,male,0,2716.5832896,1,26,0.0,0.0,1.0,0.0,0.0,1.0,30.0,0.0,17.0
52,53,2.0,2.0,2.0,1.0,4.0,1.5329534999998486,74.0,18.0,0.14,color,size,orientation,0.3,-11.5,11,male,0,2716.5832896,0,26,0.0,0.0,1.0,0.0,1.0,1.0,31.0,0.0,18.0
53,54,2.0,0.0,1.0,0.0,4.0,3.4000570999999127,2.0,5.0,0.3400000000000001,color,size,orientation,0.3,-11.5,11,male,0,2716.5832896,0,26,0.0,1.0,1.0,0.0,0.0,1.0,32.0,0.0,19.0
54,55,2.0,2.0,3.0,0.0,4.0,1.5003715000000284,60.5,18.0,0.3,color,size,orientation,0.3,-11.5,11,male,0,2716.5832896,1,26,0.0,1.0,1.0,0.0,-1.0,1.0,33.0,0.0,20.0
55,56,2.0,3.0,3.0,1.0,4.0,4.383084499999995,24.5,17.0,0.42,color,size,orientation,0.3,-11.5,11,male,0,2716.5832896,1,26,0.0,0.0,1.0,0.0,0.0,1.0,34.0,0.0,21.0
56,57,2.0,0.0,1.0,0.0,4.0,2.7164785999998458,-65.5,10.0,0.3,color,size,orientation,0.3,-11.5,11,male,0,2716.5832896,0,26,0.0,1.0,1.0,0.0,1.0,1.0,35.0,0.0,22.0
57,58,2.0,0.0,0.0,1.0,4.0,3.632039999999961,-56.5,10.0,0.26,color,size,orientation,0.3,-11.5,11,male,0,2716.5832896,1,26,0.0,0.0,1.0,0.0,-1.0,1.0,36.0,0.0,23.0
58,59,2.0,3.0,3.0,1.0,4.0,2.0503167000001667,-11.5,20.0,0.4600000000000001,color,size,orientation,0.3,-11.5,11,male,0,2716.5832896,0,26,0.0,0.0,1.0,0.0,1.0,1.0,37.0,0.0,24.0
59,60,2.0,2.0,2.0,1.0,4.0,1.783189499999935,29.0,16.0,0.14,color,size,orientation,0.3,-11.5,11,male,0,2716.5832896,0,26,0.0,0.0,1.0,0.0,0.0,1.0,38.0,0.0,25.0
60,61,2.0,0.0,0.0,1.0,4.0,3.649930499999982,20.0,9.0,0.26,color,size,orientation,0.3,-11.5,11,male,0,2716.5832896,0,26,0.0,0.0,1.0,0.0,0.0,1.0,39.0,0.0,26.0
61,62,2.0,3.0,3.0,1.0,4.0,1.799696699999913,-70.0,14.0,0.4600000000000001,color,size,orientation,0.3,-11.5,11,male,0,2716.5832896,0,26,0.0,0.0,1.0,0.0,0.0,1.0,40.0,0.0,27.0
62,63,2.0,0.0,1.0,0.0,4.0,5.9846782000001895,-52.0,9.0,0.42,color,size,orientation,0.3,-11.5,11,male,0,2716.5832896,0,26,0.0,1.0,1.0,0.0,0.0,1.0,41.0,0.0,28.0
63,64,2.0,1.0,1.0,1.0,4.0,3.2998979999999847,-38.5,6.0,0.3400000000000001,color,size,orientation,0.3,-11.5,11,male,0,2716.5832896,1,26,0.0,0.0,1.0,0.0,-1.0,1.0,42.0,0.0,29.0
64,65,2.0,0.0,0.0,1.0,4.0,3.050772799999777,-34.0,3.0,0.18,color,size,orientation,0.3,-11.5,11,male,0,2716.5832896,0,26,0.0,0.0,1.0,0.0,1.0,1.0,43.0,0.0,30.0
65,66,2.0,1.0,0.0,0.0,4.0,11.066940800000111,-2.5,8.0,0.26,color,size,orientation,0.3,-11.5,11,male,0,2716.5832896,0,26,0.0,1.0,1.0,0.0,0.0,1.0,44.0,0.0,31.0
66,67,2.0,3.0,3.0,1.0,4.0,2.4822180999999546,15.5,15.0,0.3400000000000001,color,size,orientation,0.3,-11.5,11,male,0,2716.5832896,1,26,0.0,0.0,1.0,0.0,-1.0,1.0,45.0,0.0,32.0
67,68,2.0,0.0,0.0,1.0,4.0,2.650647700000036,-20.5,9.0,0.22,color,size,orientation,0.3,-11.5,11,male,0,2716.5832896,0,26,0.0,0.0,1.0,0.0,1.0,1.0,46.0,0.0,33.0
68,69,2.0,1.0,0.0,0.0,4.0,2.183692199999996,51.5,2.0,0.14,color,size,orientation,0.3,-11.5,11,male,0,2716.5832896,0,26,0.0,1.0,1.0,0.0,0.0,1.0,47.0,0.0,34.0
69,70,2.0,3.0,3.0,1.0,4.0,1.4496841000000131,11.0,22.0,0.42,color,size,orientation,0.3,-11.5,11,male,0,2716.5832896,1,26,0.0,0.0,1.0,0.0,-1.0,1.0,48.0,0.0,35.0
70,71,2.0,0.0,0.0,1.0,4.0,1.4669289000000845,-16.0,10.0,0.18,color,size,orientation,0.3,-11.5,11,male,0,2716.5832896,0,26,0.0,0.0,1.0,0.0,1.0,1.0,49.0,0.0,36.0
71,72,2.0,1.0,1.0,1.0,4.0,1.333611099999871,-79.0,9.0,0.38,color,size,orientation,0.3,-11.5,11,male,0,2716.5832896,0,26,0.0,0.0,1.0,0.0,0.0,1.0,50.0,0.0,37.0
72,73,2.0,0.0,0.0,1.0,4.0,1.9671865000000253,-79.0,2.0,0.26,color,size,orientation,0.3,-11.5,11,male,0,2716.5832896,0,26,0.0,0.0,1.0,0.0,0.0,1.0,51.0,0.0,38.0
73,74,2.0,2.0,2.0,1.0,4.0,1.3496450999998617,24.5,21.0,0.18,color,size,orientation,0.3,-11.5,11,male,0,2716.5832896,0,26,0.0,0.0,1.0,0.0,0.0,1.0,52.0,0.0,39.0
74,75,2.0,2.0,2.0,1.0,4.0,1.3334601000001385,-34.0,23.0,0.22,color,size,orientation,0.3,-11.5,11,male,0,2716.5832896,0,26,0.0,0.0,1.0,0.0,0.0,1.0,53.0,0.0,40.0
75,76,2.0,1.0,1.0,1.0,4.0,3.500382800000125,2.0,7.0,0.38,color,size,orientation,0.3,-11.5,11,male,0,2716.5832896,0,26,0.0,0.0,1.0,0.0,0.0,1.0,54.0,0.0,41.0
76,77,2.0,3.0,3.0,1.0,4.0,1.5999213000000054,-61.0,23.0,0.4600000000000001,color,size,orientation,0.3,-11.5,11,male,0,2716.5832896,0,26,0.0,0.0,1.0,0.0,0.0,1.0,55.0,0.0,42.0
77,78,2.0,2.0,2.0,1.0,4.0,1.4163492000000133,-56.5,18.0,0.22,color,size,orientation,0.3,-11.5,11,male,0,2716.5832896,0,26,0.0,0.0,1.0,0.0,0.0,1.0,56.0,0.0,43.0
78,79,2.0,0.0,0.0,1.0,4.0,5.3332384000000275,87.5,8.0,0.18,color,size,orientation,0.3,-11.5,11,male,0,2716.5832896,0,26,0.0,0.0,1.0,0.0,0.0,1.0,57.0,0.0,44.0
79,80,3.0,1.0,0.0,0.0,8.0,7.5495813,-61.0,9.0,0.26,color,size,orientation,0.3,-11.5,11,male,0,2716.5832896,1,26,0.0,0.0,1.0,0.0,0.0,0.0,58.0,1.0,0.0
80,81,3.0,7.0,7.0,1.0,8.0,4.732679599999983,51.5,16.0,0.3,color,size,orientation,0.3,-11.5,11,male,0,2716.5832896,1,26,0.0,0.0,0.0,0.0,0.0,0.0,59.0,2.0,0.0
81,82,3.0,6.0,7.0,0.0,8.0,1.7498794000000544,29.0,13.0,0.42,color,size,orientation,0.3,-11.5,11,male,0,2716.5832896,0,26,0.0,0.0,1.0,0.0,0.0,1.0,60.0,3.0,0.0
82,83,3.0,0.0,3.0,0.0,8.0,1.3813731999998708,33.5,8.0,0.3400000000000001,color,size,orientation,0.3,-11.5,11,male,0,2716.5832896,1,26,0.0,0.0,2.0,0.0,0.0,-1.0,61.0,4.0,0.0
83,84,3.0,0.0,2.0,0.0,8.0,8.899854100000084,-56.5,1.0,0.38,color,size,orientation,0.3,-11.5,11,male,0,2716.5832896,1,26,0.0,0.0,1.0,0.0,0.0,-1.0,62.0,5.0,0.0
84,85,3.0,1.0,4.0,0.0,8.0,2.932959600000004,-16.0,23.0,0.14,color,size,orientation,0.3,-11.5,11,male,0,2716.5832896,1,26,0.0,0.0,2.0,0.0,0.0,1.0,63.0,6.0,0.0
85,86,3.0,4.0,7.0,0.0,8.0,2.3322835999999825,69.5,21.0,0.4600000000000001,color,size,orientation,0.3,-11.5,11,male,0,2716.5832896,1,26,0.0,0.0,2.0,0.0,0.0,-1.0,64.0,7.0,0.0
86,87,3.0,7.0,5.0,0.0,8.0,4.4815360999998575,42.5,17.0,0.22,color,size,orientation,0.3,-11.5,11,male,0,2716.5832896,1,26,0.0,0.0,1.0,0.0,0.0,0.0,65.0,8.0,0.0
87,88,3.0,3.0,2.0,0.0,8.0,2.532766400000128,-29.5,2.0,0.3,color,size,orientation,0.3,-11.5,11,male,0,2716.5832896,1,26,0.0,0.0,1.0,0.0,0.0,1.0,66.0,9.0,0.0
88,89,3.0,7.0,7.0,1.0,8.0,2.6157321000000593,56.0,19.0,0.4600000000000001,color,size,orientation,0.3,-11.5,11,male,0,2716.5832896,1,26,0.0,0.0,0.0,0.0,0.0,0.0,67.0,10.0,0.0
89,90,3.0,2.0,3.0,0.0,8.0,10.53288590000011,20.0,3.0,0.3400000000000001,color,size,orientation,0.3,-11.5,11,male,0,2716.5832896,0,26,0.0,0.0,1.0,0.0,0.0,1.0,68.0,11.0,0.0
90,91,3.0,4.0,5.0,0.0,8.0,2.9329722999998467,-2.5,22.0,0.1,color,size,orientation,0.3,-11.5,11,male,0,2716.5832896,1,26,0.0,0.0,1.0,0.0,0.0,-1.0,69.0,12.0,0.0
91,92,3.0,5.0,5.0,1.0,8.0,6.932339400000046,78.5,21.0,0.26,color,size,orientation,0.3,-11.5,11,male,0,2716.5832896,1,26,0.0,0.0,0.0,0.0,0.0,0.0,70.0,13.0,0.0
92,93,3.0,2.0,2.0,1.0,8.0,4.9005853999999545,-79.0,2.0,0.3,color,size,orientation,0.3,-11.5,11,male,0,2716.5832896,0,26,0.0,0.0,0.0,0.0,0.0,1.0,71.0,14.0,0.0
93,94,3.0,3.0,0.0,0.0,8.0,5.450508600000148,-70.0,3.0,0.18,color,size,orientation,0.3,-11.5,11,male,0,2716.5832896,0,26,0.0,0.0,2.0,0.0,0.0,0.0,72.0,15.0,0.0
94,95,3.0,7.0,7.0,1.0,8.0,2.649056999999857,33.5,13.0,0.4600000000000001,color,size,orientation,0.3,-11.5,11,male,0,2716.5832896,1,26,0.0,0.0,0.0,0.0,0.0,-2.0,73.0,16.0,0.0
95,96,3.0,0.0,1.0,0.0,8.0,3.266983900000014,78.5,2.0,0.14,color,size,orientation,0.3,-11.5,11,male,0,2716.5832896,0,26,0.0,0.0,1.0,0.0,0.0,2.0,74.0,17.0,0.0
96,97,3.0,5.0,5.0,1.0,8.0,10.599051700000018,42.5,16.0,0.18,color,size,orientation,0.3,-11.5,11,male,0,2716.5832896,1,26,0.0,0.0,0.0,0.0,0.0,-1.0,75.0,18.0,0.0
97,98,3.0,4.0,4.0,1.0,8.0,3.0001749999998992,-83.5,22.0,0.14,color,size,orientation,0.3,-11.5,11,male,0,2716.5832896,0,26,0.0,0.0,0.0,0.0,0.0,1.0,76.0,19.0,0.0
98,99,3.0,3.0,0.0,0.0,8.0,1.4993469999999434,-83.5,0.0,0.14,color,size,orientation,0.3,-11.5,11,male,0,2716.5832896,0,26,0.0,0.0,2.0,0.0,0.0,0.0,77.0,20.0,0.0
99,100,3.0,4.0,5.0,0.0,8.0,2.1827180999998745,-11.5,19.0,0.14,color,size,orientation,0.3,-11.5,11,male,0,2716.5832896,1,26,0.0,0.0,1.0,0.0,0.0,-2.0,78.0,21.0,0.0
100,101,3.0,6.0,6.0,1.0,8.0,2.2502160000001368,-79.0,21.0,0.38,color,size,orientation,0.3,-11.5,11,male,0,2716.5832896,1,26,0.0,0.0,0.0,0.0,0.0,1.0,79.0,22.0,0.0
101,102,3.0,1.0,2.0,0.0,8.0,5.99950449999983,-47.5,12.0,0.42,color,size,orientation,0.3,-11.5,11,male,0,2716.5832896,0,26,0.0,0.0,2.0,0.0,0.0,1.0,80.0,23.0,0.0
102,103,3.0,5.0,5.0,1.0,8.0,12.01615259999994,38.0,20.0,0.26,color,size,orientation,0.3,-11.5,11,male,0,2716.5832896,1,26,0.0,0.0,0.0,0.0,0.0,-2.0,81.0,24.0,0.0
103,104,3.0,2.0,3.0,0.0,8.0,25.966927599999963,65.0,9.0,0.4600000000000001,color,size,orientation,0.3,-11.5,11,male,0,2716.5832896,0,26,0.0,0.0,1.0,0.0,0.0,2.0,82.0,25.0,0.0
104,105,3.0,7.0,7.0,1.0,8.0,2.7164228999999978,56.0,24.0,0.42,color,size,orientation,0.3,-11.5,11,male,0,2716.5832896,1,26,0.0,0.0,0.0,0.0,0.0,-1.0,83.0,26.0,0.0
105,106,3.0,2.0,2.0,1.0,8.0,7.483899199999996,-74.5,9.0,0.3400000000000001,color,size,orientation,0.3,-11.5,11,male,0,2716.5832896,0,26,0.0,0.0,0.0,0.0,0.0,1.0,84.0,27.0,0.0
106,107,3.0,1.0,1.0,1.0,8.0,6.283159399999931,-11.5,6.0,0.18,color,size,orientation,0.3,-11.5,11,male,0,2716.5832896,0,26,0.0,0.0,0.0,0.0,0.0,0.0,85.0,28.0,0.0
107,108,3.0,6.0,7.0,0.0,8.0,7.615800000000036,56.0,21.0,0.38,color,size,orientation,0.3,-11.5,11,male,0,2716.5832896,0,26,0.0,0.0,1.0,0.0,0.0,0.0,86.0,29.0,0.0
108,109,3.0,1.0,3.0,0.0,8.0,5.6001446000000215,38.0,0.0,0.3,color,size,orientation,0.3,-11.5,11,male,0,2716.5832896,1,26,0.0,0.0,1.0,0.0,0.0,-1.0,87.0,30.0,0.0
109,110,3.0,7.0,7.0,1.0,8.0,13.766093000000184,-2.5,14.0,0.38,color,size,orientation,0.3,-11.5,11,male,0,2716.5832896,1,26,0.0,0.0,0.0,0.0,0.0,0.0,88.0,31.0,0.0
110,111,3.0,1.0,1.0,1.0,8.0,26.150930200000403,6.5,9.0,0.26,color,size,orientation,0.3,-11.5,11,male,0,2716.5832896,0,26,0.0,0.0,0.0,0.0,0.0,1.0,89.0,32.0,0.0
111,112,3.0,3.0,3.0,1.0,8.0,4.916105799999968,69.5,8.0,0.4600000000000001,color,size,orientation,0.3,-11.5,11,male,0,2716.5832896,0,26,0.0,0.0,0.0,0.0,0.0,0.0,90.0,33.0,0.0
112,113,3.0,0.0,1.0,0.0,8.0,3.14926800000012,6.5,9.0,0.18,color,size,orientation,0.3,-11.5,11,male,0,2716.5832896,0,26,0.0,0.0,1.0,0.0,0.0,0.0,91.0,34.0,0.0
113,114,3.0,5.0,4.0,0.0,8.0,5.366471300000285,-43.0,16.0,0.22,color,size,orientation,0.3,-11.5,11,male,0,2716.5832896,1,26,0.0,0.0,1.0,0.0,0.0,-1.0,92.0,35.0,0.0
114,115,3.0,2.0,1.0,0.0,8.0,3.61618240000007,15.5,12.0,0.26,color,size,orientation,0.3,-11.5,11,male,0,2716.5832896,1,26,0.0,0.0,2.0,0.0,0.0,0.0,93.0,36.0,0.0
115,116,3.0,7.0,6.0,0.0,8.0,3.682161400000041,-79.0,13.0,0.42,color,size,orientation,0.3,-11.5,11,male,0,2716.5832896,1,26,0.0,0.0,1.0,0.0,0.0,-1.0,94.0,37.0,0.0
116,117,3.0,5.0,6.0,0.0,8.0,8.299918199999865,-65.5,14.0,0.3400000000000001,color,size,orientation,0.3,-11.5,11,male,0,2716.5832896,1,26,0.0,0.0,2.0,0.0,0.0,1.0,95.0,38.0,0.0
117,118,3.0,7.0,6.0,0.0,8.0,2.866076199999952,-43.0,22.0,0.42,color,size,orientation,0.3,-11.5,11,male,0,2716.5832896,1,26,0.0,0.0,1.0,0.0,0.0,-1.0,96.0,39.0,0.0
118,119,3.0,5.0,4.0,0.0,8.0,9.482740599999945,-70.0,13.0,0.26,color,size,orientation,0.3,-11.5,11,male,0,2716.5832896,1,26,0.0,0.0,1.0,0.0,0.0,1.0,97.0,40.0,0.0
119,120,3.0,5.0,5.0,1.0,8.0,7.782575799999904,6.5,19.0,0.22,color,size,orientation,0.3,-11.5,11,male,0,2716.5832896,1,26,0.0,0.0,0.0,0.0,0.0,0.0,98.0,41.0,0.0
120,121,3.0,0.0,0.0,1.0,8.0,4.0503318999999465,-38.5,1.0,0.14,color,size,orientation,0.3,-11.5,11,male,0,2716.5832896,0,26,0.0,0.0,0.0,0.0,0.0,1.0,99.0,42.0,0.0
121,122,3.0,4.0,4.0,1.0,8.0,2.983120500000041,-88.0,17.0,0.14,color,size,orientation,0.3,-11.5,11,male,0,2716.5832896,0,26,0.0,0.0,0.0,0.0,0.0,0.0,100.0,43.0,0.0
122,123,3.0,2.0,2.0,1.0,8.0,9.416040099999918,-61.0,8.0,0.4600000000000001,color,size,orientation,0.3,-11.5,11,male,0,2716.5832896,0,26,0.0,0.0,0.0,0.0,0.0,0.0,101.0,44.0,0.0
123,124,3.0,1.0,1.0,1.0,8.0,3.3502721999998357,56.0,2.0,0.18,color,size,orientation,0.3,-11.5,11,male,0,2716.5832896,0,26,0.0,0.0,0.0,0.0,0.0,0.0,102.0,45.0,0.0
124,125,3.0,2.0,3.0,0.0,8.0,8.034054899999774,29.0,1.0,0.38,color,size,orientation,0.3,-11.5,11,male,0,2716.5832896,0,26,0.0,0.0,1.0,0.0,0.0,0.0,103.0,46.0,0.0
125,126,3.0,5.0,5.0,1.0,8.0,6.983697699999993,6.5,17.0,0.18,color,size,orientation,0.3,-11.5,11,male,0,2716.5832896,1,26,0.0,0.0,0.0,0.0,0.0,-1.0,104.0,47.0,0.0
126,127,3.0,6.0,6.0,1.0,8.0,1.9665274999997564,-70.0,20.0,0.38,color,size,orientation,0.3,-11.5,11,male,0,2716.5832896,0,26,0.0,0.0,0.0,0.0,0.0,1.0,105.0,48.0,0.0
127,128,3.0,0.0,2.0,0.0,8.0,3.4168248999999378,-20.5,0.0,0.4600000000000001,color,size,orientation,0.3,-11.5,11,male,0,2716.5832896,0,26,0.0,0.0,1.0,0.0,0.0,0.0,106.0,49.0,0.0
128,129,3.0,6.0,6.0,1.0,8.0,2.832621300000028,-38.5,20.0,0.42,color,size,orientation,0.3,-11.5,11,male,0,2716.5832896,1,26,0.0,0.0,0.0,0.0,0.0,-1.0,107.0,50.0,0.0
129,130,3.0,5.0,6.0,0.0,8.0,5.1163627999999335,-83.5,22.0,0.3,color,size,orientation,0.3,-11.5,11,male,0,2716.5832896,0,26,0.0,0.0,2.0,0.0,0.0,1.0,108.0,51.0,0.0
130,131,3.0,4.0,6.0,0.0,8.0,5.915020000000368,-20.5,24.0,0.3,color,size,orientation,0.3,-11.5,11,male,0,2716.5832896,1,26,0.0,0.0,1.0,0.0,0.0,-2.0,109.0,52.0,0.0
131,132,3.0,7.0,7.0,1.0,8.0,3.282916099999966,29.0,20.0,0.38,color,size,orientation,0.3,-11.5,11,male,0,2716.5832896,1,26,0.0,0.0,0.0,0.0,0.0,1.0,110.0,53.0,0.0
132,133,3.0,6.0,7.0,0.0,8.0,2.850170199999866,56.0,23.0,0.42,color,size,orientation,0.3,-11.5,11,male,0,2716.5832896,0,26,0.0,0.0,1.0,0.0,0.0,1.0,111.0,54.0,0.0
133,134,3.0,5.0,5.0,1.0,8.0,5.299338499999976,29.0,18.0,0.22,color,size,orientation,0.3,-11.5,11,male,0,2716.5832896,1,26,0.0,0.0,0.0,0.0,0.0,-1.0,112.0,55.0,0.0
134,135,3.0,2.0,3.0,0.0,8.0,5.1162946999997985,33.5,2.0,0.3,color,size,orientation,0.3,-11.5,11,male,0,2716.5832896,0,26,0.0,0.0,1.0,0.0,0.0,1.0,113.0,56.0,0.0
135,136,3.0,4.0,6.0,0.0,8.0,6.1158604000002015,-25.0,23.0,0.3,color,size,orientation,0.3,-11.5,11,male,0,2716.5832896,1,26,0.0,0.0,1.0,0.0,0.0,-1.0,114.0,57.0,0.0
136,137,3.0,6.0,5.0,0.0,8.0,27.43334589999995,47.0,18.0,0.26,color,size,orientation,0.3,-11.5,11,male,0,2716.5832896,1,26,0.0,0.0,2.0,0.0,0.0,0.0,115.0,58.0,0.0
137,138,3.0,4.0,4.0,1.0,8.0,6.416768499999762,-65.5,13.0,0.1,color,size,orientation,0.3,-11.5,11,male,0,2716.5832896,1,26,0.0,0.0,0.0,0.0,0.0,-1.0,116.0,59.0,0.0
138,139,3.0,4.0,5.0,0.0,8.0,2.1659765999997944,87.5,13.0,0.18,color,size,orientation,0.3,-11.5,11,male,0,2716.5832896,0,26,0.0,0.0,1.0,0.0,0.0,2.0,117.0,60.0,0.0
139,140,3.0,5.0,5.0,1.0,8.0,2.2816407000000254,42.5,15.0,0.22,color,size,orientation,0.3,-11.5,11,male,0,2716.5832896,1,26,0.0,0.0,0.0,0.0,0.0,-1.0,118.0,61.0,0.0
140,141,3.0,0.0,0.0,1.0,8.0,4.283598600000005,-74.5,3.0,0.1,color,size,orientation,0.3,-11.5,11,male,0,2716.5832896,0,26,0.0,0.0,0.0,0.0,0.0,1.0,119.0,62.0,0.0
141,142,3.0,0.0,1.0,0.0,8.0,3.36657920000016,-7.0,3.0,0.1,color,size,orientation,0.3,-11.5,11,male,0,2716.5832896,0,26,0.0,0.0,1.0,0.0,0.0,0.0,120.0,63.0,0.0
142,143,3.0,2.0,2.0,1.0,8.0,4.315434699999969,-25.0,0.0,0.3,color,size,orientation,0.3,-11.5,11,male,0,2716.5832896,1,26,0.0,0.0,0.0,0.0,0.0,-1.0,121.0,64.0,0.0
143,144,3.0,6.0,6.0,1.0,8.0,4.433058399999936,-56.5,23.0,0.4600000000000001,color,size,orientation,0.3,-11.5,11,male,0,2716.5832896,0,26,0.0,0.0,0.0,0.0,0.0,1.0,122.0,65.0,0.0
144,145,3.0,1.0,2.0,0.0,8.0,17.99993429999995,-16.0,12.0,0.3,color,size,orientation,0.3,-11.5,11,male,0,2716.5832896,0,26,0.0,0.0,2.0,0.0,0.0,0.0,123.0,66.0,0.0
145,146,3.0,1.0,1.0,1.0,8.0,5.415808899999774,24.5,2.0,0.18,color,size,orientation,0.3,-11.5,11,male,0,2716.5832896,1,26,0.0,0.0,0.0,0.0,0.0,-2.0,124.0,67.0,0.0
146,147,3.0,5.0,6.0,0.0,8.0,25.65031989999989,-34.0,16.0,0.3,color,size,orientation,0.3,-11.5,11,male,0,2716.5832896,0,26,0.0,0.0,2.0,0.0,0.0,2.0,125.0,68.0,0.0
147,148,3.0,5.0,5.0,1.0,8.0,9.499116299999969,65.0,16.0,0.14,color,size,orientation,0.3,-11.5,11,male,0,2716.5832896,1,26,0.0,0.0,0.0,0.0,0.0,-2.0,126.0,69.0,0.0
148,149,3.0,0.0,0.0,1.0,8.0,5.400018999999702,-79.0,7.0,0.14,color,size,orientation,0.3,-11.5,11,male,0,2716.5832896,0,26,0.0,0.0,0.0,0.0,0.0,2.0,127.0,70.0,0.0
149,150,3.0,1.0,0.0,0.0,8.0,8.183536400000321,-16.0,7.0,0.22,color,size,orientation,0.3,-11.5,11,male,0,2716.5832896,0,26,0.0,0.0,1.0,0.0,0.0,0.0,128.0,71.0,0.0
150,151,3.0,1.0,1.0,1.0,8.0,4.916963300000134,-2.5,9.0,0.18,color,size,orientation,0.3,-11.5,11,male,0,2716.5832896,1,26,0.0,0.0,0.0,0.0,0.0,-1.0,129.0,72.0,0.0
151,152,3.0,5.0,5.0,1.0,8.0,7.650034000000232,69.5,23.0,0.22,color,size,orientation,0.3,-11.5,11,male,0,2716.5832896,0,26,0.0,0.0,0.0,0.0,0.0,1.0,130.0,73.0,0.0
152,153,3.0,2.0,2.0,1.0,8.0,9.617724400000045,-61.0,7.0,0.3400000000000001,color,size,orientation,0.3,-11.5,11,male,0,2716.5832896,0,26,0.0,0.0,0.0,0.0,0.0,0.0,131.0,74.0,0.0
153,154,3.0,4.0,4.0,1.0,8.0,9.249502699999994,-56.5,15.0,0.22,color,size,orientation,0.3,-11.5,11,male,0,2716.5832896,0,26,0.0,0.0,0.0,0.0,0.0,0.0,132.0,75.0,0.0
154,155,3.0,2.0,1.0,0.0,8.0,13.850105800000163,42.5,0.0,0.26,color,size,orientation,0.3,-11.5,11,male,0,2716.5832896,0,26,0.0,0.0,2.0,0.0,0.0,0.0,133.0,76.0,0.0
155,156,3.0,0.0,1.0,0.0,8.0,8.517238400000224,78.5,11.0,0.14,color,size,orientation,0.3,-11.5,11,male,0,2716.5832896,1,26,0.0,0.0,1.0,0.0,0.0,-2.0,134.0,77.0,0.0
156,157,3.0,0.0,0.0,1.0,8.0,3.649300700000367,-29.5,8.0,0.1,color,size,orientation,0.3,-11.5,11,male,0,2716.5832896,1,26,0.0,0.0,0.0,0.0,0.0,1.0,135.0,78.0,0.0
157,158,3.0,6.0,5.0,0.0,8.0,13.867210700000214,47.0,17.0,0.18,color,size,orientation,0.3,-11.5,11,male,0,2716.5832896,0,26,0.0,0.0,2.0,0.0,0.0,1.0,136.0,79.0,0.0
158,159,3.0,3.0,3.0,1.0,8.0,18.449654100000316,20.0,5.0,0.4600000000000001,color,size,orientation,0.3,-11.5,11,male,0,2716.5832896,1,26,0.0,0.0,0.0,0.0,0.0,-2.0,137.0,80.0,0.0
159,160,3.0,2.0,1.0,0.0,8.0,5.217200800000228,42.5,11.0,0.26,color,size,orientation,0.3,-11.5,11,male,0,2716.5832896,0,26,0.0,0.0,2.0,0.0,0.0,2.0,138.0,81.0,0.0
160,161,3.0,4.0,4.0,1.0,8.0,8.865261800000098,-65.5,22.0,0.22,color,size,orientation,0.3,-11.5,11,male,0,2716.5832896,1,26,0.0,0.0,0.0,0.0,0.0,-2.0,139.0,82.0,0.0
161,162,3.0,0.0,0.0,1.0,8.0,2.799523700000009,-65.5,10.0,0.1,color,size,orientation,0.3,-11.5,11,male,0,2716.5832896,0,26,0.0,0.0,0.0,0.0,0.0,2.0,140.0,83.0,0.0
162,163,3.0,3.0,3.0,1.0,8.0,3.7496431999998094,-7.0,7.0,0.4600000000000001,color,size,orientation,0.3,-11.5,11,male,0,2716.5832896,0,26,0.0,0.0,0.0,0.0,0.0,0.0,141.0,84.0,0.0
163,164,3.0,2.0,3.0,0.0,8.0,3.9831167000002097,-7.0,0.0,0.3400000000000001,color,size,orientation,0.3,-11.5,11,male,0,2716.5832896,0,26,0.0,0.0,1.0,0.0,0.0,0.0,142.0,85.0,0.0
164,165,3.0,4.0,5.0,0.0,8.0,5.516533499999696,-11.5,24.0,0.14,color,size,orientation,0.3,-11.5,11,male,0,2716.5832896,1,26,0.0,0.0,1.0,0.0,0.0,-1.0,143.0,86.0,0.0
165,166,3.0,5.0,4.0,0.0,8.0,5.58301930000016,-38.5,23.0,0.22,color,size,orientation,0.3,-11.5,11,male,0,2716.5832896,1,26,0.0,0.0,1.0,0.0,0.0,0.0,144.0,87.0,0.0
166,167,3.0,0.0,0.0,1.0,8.0,10.398943300000155,-29.5,9.0,0.18,color,size,orientation,0.3,-11.5,11,male,0,2716.5832896,1,26,0.0,0.0,0.0,0.0,0.0,0.0,145.0,88.0,0.0
167,168,3.0,3.0,2.0,0.0,8.0,4.600060499999927,-74.5,11.0,0.42,color,size,orientation,0.3,-11.5,11,male,0,2716.5832896,0,26,0.0,0.0,1.0,0.0,0.0,1.0,146.0,89.0,0.0
168,169,3.0,2.0,2.0,1.0,8.0,9.765506799999912,-38.5,11.0,0.3400000000000001,color,size,orientation,0.3,-11.5,11,male,0,2716.5832896,1,26,0.0,0.0,0.0,0.0,0.0,-1.0,147.0,90.0,0.0
169,170,3.0,6.0,5.0,0.0,8.0,8.149807799999962,6.5,19.0,0.26,color,size,orientation,0.3,-11.5,11,male,0,2716.5832896,0,26,0.0,0.0,2.0,0.0,0.0,1.0,148.0,91.0,0.0
170,171,3.0,4.0,4.0,1.0,8.0,18.49900430000025,-25.0,18.0,0.26,color,size,orientation,0.3,-11.5,11,male,0,2716.5832896,1,26,0.0,0.0,0.0,0.0,0.0,-2.0,149.0,92.0,0.0
171,172,3.0,1.0,1.0,1.0,8.0,7.566645899999912,83.0,3.0,0.22,color,size,orientation,0.3,-11.5,11,male,0,2716.5832896,0,26,0.0,0.0,0.0,0.0,0.0,2.0,150.0,93.0,0.0
172,173,3.0,6.0,5.0,0.0,8.0,5.767887499999688,29.0,23.0,0.26,color,size,orientation,0.3,-11.5,11,male,0,2716.5832896,0,26,0.0,0.0,2.0,0.0,0.0,0.0,151.0,94.0,0.0
173,174,3.0,1.0,3.0,0.0,8.0,10.21657890000006,60.5,3.0,0.3400000000000001,color,size,orientation,0.3,-11.5,11,male,0,2716.5832896,1,26,0.0,0.0,1.0,0.0,0.0,-2.0,152.0,95.0,0.0
174,175,3.0,1.0,0.0,0.0,8.0,5.633449300000393,-47.5,4.0,0.22,color,size,orientation,0.3,-11.5,11,male,0,2716.5832896,1,26,0.0,0.0,1.0,0.0,0.0,1.0,153.0,96.0,0.0
175,176,3.0,0.0,0.0,1.0,8.0,3.2323725999999624,-47.5,4.0,0.22,color,size,orientation,0.3,-11.5,11,male,0,2716.5832896,1,26,0.0,0.0,0.0,0.0,0.0,0.0,154.0,97.0,0.0
176,177,3.0,5.0,5.0,1.0,8.0,6.183069400000022,69.5,16.0,0.14,color,size,orientation,0.3,-11.5,11,male,0,2716.5832896,0,26,0.0,0.0,0.0,0.0,0.0,1.0,155.0,98.0,0.0
177,178,3.0,0.0,0.0,1.0,8.0,7.61663099999987,-29.5,6.0,0.14,color,size,orientation,0.3,-11.5,11,male,0,2716.5832896,0,26,0.0,0.0,0.0,0.0,0.0,0.0,156.0,99.0,0.0
178,179,3.0,2.0,2.0,1.0,8.0,6.749647600000117,-61.0,1.0,0.3,color,size,orientation,0.3,-11.5,11,male,0,2716.5832896,0,26,0.0,0.0,0.0,0.0,0.0,0.0,157.0,100.0,0.0
179,180,3.0,5.0,6.0,0.0,8.0,22.100363600000037,-34.0,19.0,0.42,color,size,orientation,0.3,-11.5,11,male,0,2716.5832896,0,26,0.0,0.0,2.0,0.0,0.0,0.0,158.0,101.0,0.0
180,181,3.0,6.0,7.0,0.0,8.0,8.633327899999585,47.0,22.0,0.38,color,size,orientation,0.3,-11.5,11,male,0,2716.5832896,1,26,0.0,0.0,1.0,0.0,0.0,-2.0,159.0,102.0,0.0
181,182,3.0,0.0,0.0,1.0,8.0,2.682404300000144,-88.0,0.0,0.14,color,size,orientation,0.3,-11.5,11,male,0,2716.5832896,1,26,0.0,0.0,0.0,0.0,0.0,1.0,160.0,103.0,0.0
182,183,3.0,0.0,1.0,0.0,8.0,4.100189799999953,-11.5,9.0,0.14,color,size,orientation,0.3,-11.5,11,male,0,2716.5832896,0,26,0.0,0.0,1.0,0.0,0.0,1.0,161.0,104.0,0.0
183,184,3.0,6.0,5.0,0.0,8.0,13.799079899999924,2.0,24.0,0.22,color,size,orientation,0.3,-11.5,11,male,0,2716.5832896,1,26,0.0,0.0,2.0,0.0,0.0,-1.0,162.0,105.0,0.0
184,185,3.0,3.0,2.0,0.0,8.0,9.283659100000024,-38.5,8.0,0.4600000000000001,color,size,orientation,0.3,-11.5,11,male,0,2716.5832896,1,26,0.0,0.0,1.0,0.0,0.0,-1.0,163.0,106.0,0.0
185,186,3.0,5.0,4.0,0.0,8.0,11.78261640000028,-56.5,21.0,0.22,color,size,orientation,0.3,-11.5,11,male,0,2716.5832896,1,26,0.0,0.0,1.0,0.0,0.0,1.0,164.0,107.0,0.0
186,187,3.0,4.0,4.0,1.0,8.0,2.515115300000162,-29.5,23.0,0.26,color,size,orientation,0.3,-11.5,11,male,0,2716.5832896,1,26,0.0,0.0,0.0,0.0,0.0,0.0,165.0,108.0,0.0
187,188,3.0,1.0,0.0,0.0,8.0,5.399645099999816,-74.5,5.0,0.22,color,size,orientation,0.3,-11.5,11,male,0,2716.5832896,0,26,0.0,0.0,1.0,0.0,0.0,1.0,166.0,109.0,0.0
188,189,3.0,0.0,2.0,0.0,8.0,2.8983179000001655,-70.0,10.0,0.3,color,size,orientation,0.3,-11.5,11,male,0,2716.5832896,1,26,0.0,0.0,1.0,0.0,0.0,-1.0,167.0,110.0,0.0
189,190,3.0,2.0,2.0,1.0,8.0,5.866372700000284,-20.5,12.0,0.42,color,size,orientation,0.3,-11.5,11,male,0,2716.5832896,1,26,0.0,0.0,0.0,0.0,0.0,0.0,168.0,111.0,0.0
190,191,3.0,2.0,2.0,1.0,8.0,2.233086100000037,-16.0,8.0,0.4600000000000001,color,size,orientation,0.3,-11.5,11,male,0,2716.5832896,0,26,0.0,0.0,0.0,0.0,0.0,1.0,169.0,112.0,0.0
191,192,3.0,4.0,4.0,1.0,8.0,11.80016949999981,-70.0,24.0,0.22,color,size,orientation,0.3,-11.5,11,male,0,2716.5832896,0,26,0.0,0.0,0.0,0.0,0.0,0.0,170.0,113.0,0.0
192,193,3.0,0.0,0.0,1.0,8.0,3.9167892999998912,-43.0,12.0,0.1,color,size,orientation,0.3,-11.5,11,male,0,2716.5832896,0,26,0.0,0.0,0.0,0.0,0.0,0.0,171.0,114.0,0.0
193,194,3.0,3.0,1.0,0.0,8.0,29.100220499999978,11.0,9.0,0.22,color,size,orientation,0.3,-11.5,11,male,0,2716.5832896,0,26,0.0,0.0,1.0,0.0,0.0,0.0,172.0,115.0,0.0
194,195,3.0,2.0,3.0,0.0,8.0,3.867634100000032,51.5,5.0,0.3,color,size,orientation,0.3,-11.5,11,male,0,2716.5832896,1,26,0.0,0.0,1.0,0.0,0.0,-1.0,173.0,116.0,0.0
195,196,3.0,5.0,5.0,1.0,8.0,4.998819600000388,42.5,14.0,0.14,color,size,orientation,0.3,-11.5,11,male,0,2716.5832896,1,26,0.0,0.0,0.0,0.0,0.0,0.0,174.0,117.0,0.0
196,197,3.0,1.0,1.0,1.0,8.0,5.9838245000000825,24.5,3.0,0.14,color,size,orientation,0.3,-11.5,11,male,0,2716.5832896,0,26,0.0,0.0,0.0,0.0,0.0,1.0,175.0,118.0,0.0
197,198,3.0,3.0,3.0,1.0,8.0,14.900272700000189,33.5,7.0,0.3400000000000001,color,size,orientation,0.3,-11.5,11,male,0,2716.5832896,0,26,0.0,0.0,0.0,0.0,0.0,0.0,176.0,119.0,0.0
198,199,3.0,4.0,5.0,0.0,8.0,16.283345499999996,2.0,21.0,0.22,color,size,orientation,0.3,-11.5,11,male,0,2716.5832896,0,26,0.0,0.0,1.0,0.0,0.0,0.0,177.0,120.0,0.0
199,200,3.0,0.0,0.0,1.0,8.0,6.698729700000058,-74.5,11.0,0.14,color,size,orientation,0.3,-11.5,11,male,0,2716.5832896,1,26,0.0,0.0,0.0,0.0,0.0,-1.0,178.0,121.0,0.0
200,201,3.0,2.0,1.0,0.0,8.0,25.532993199999964,78.5,2.0,0.22,color,size,orientation,0.3,-11.5,11,male,0,2716.5832896,0,26,0.0,0.0,2.0,0.0,0.0,1.0,179.0,122.0,0.0
201,202,3.0,0.0,0.0,1.0,8.0,5.148810900000171,-20.5,0.0,0.18,color,size,orientation,0.3,-11.5,11,male,0,2716.5832896,1,26,0.0,0.0,0.0,0.0,0.0,-2.0,180.0,123.0,0.0
202,203,3.0,0.0,0.0,1.0,8.0,4.7825699999998506,-20.5,6.0,0.26,color,size,orientation,0.3,-11.5,11,male,0,2716.5832896,0,26,0.0,0.0,0.0,0.0,0.0,2.0,181.0,124.0,0.0
203,204,3.0,1.0,0.0,0.0,8.0,4.583632200000011,-38.5,7.0,0.26,color,size,orientation,0.3,-11.5,11,male,0,2716.5832896,0,26,0.0,0.0,1.0,0.0,0.0,0.0,182.0,125.0,0.0
204,205,3.0,6.0,2.0,0.0,8.0,20.615842500000326,-79.0,4.0,0.38,color,size,orientation,0.3,-11.5,11,male,0,2716.5832896,1,26,0.0,0.0,1.0,0.0,0.0,-1.0,183.0,126.0,0.0
205,206,3.0,5.0,5.0,1.0,8.0,12.349447999999938,56.0,18.0,0.14,color,size,orientation,0.3,-11.5,11,male,0,2716.5832896,1,26,0.0,0.0,0.0,0.0,0.0,0.0,184.0,127.0,0.0
206,207,3.0,4.0,4.0,1.0,8.0,3.7663909999996577,-79.0,16.0,0.22,color,size,orientation,0.3,-11.5,11,male,0,2716.5832896,0,26,0.0,0.0,0.0,0.0,0.0,1.0,185.0,128.0,0.0
207,208,3.0,1.0,3.0,0.0,8.0,5.866445900000144,74.0,6.0,0.42,color,size,orientation,0.3,-11.5,11,male,0,2716.5832896,0,26,0.0,0.0,1.0,0.0,0.0,0.0,186.0,129.0,0.0
208,209,3.0,2.0,3.0,0.0,8.0,8.065683199999967,24.5,5.0,0.3400000000000001,color,size,orientation,0.3,-11.5,11,male,0,2716.5832896,1,26,0.0,0.0,1.0,0.0,0.0,-1.0,187.0,130.0,0.0
209,210,3.0,5.0,4.0,0.0,8.0,7.499641899999915,-16.0,23.0,0.14,color,size,orientation,0.3,-11.5,11,male,0,2716.5832896,1,26,0.0,0.0,1.0,0.0,0.0,0.0,188.0,131.0,0.0
210,211,3.0,3.0,3.0,1.0,8.0,13.381905299999744,33.5,10.0,0.38,color,size,orientation,0.3,-11.5,11,male,0,2716.5832896,1,26,0.0,0.0,0.0,0.0,0.0,0.0,189.0,132.0,0.0
211,212,3.0,0.0,0.0,1.0,8.0,2.28317270000025,-47.5,5.0,0.18,color,size,orientation,0.3,-11.5,11,male,0,2716.5832896,0,26,0.0,0.0,0.0,0.0,0.0,1.0,190.0,133.0,0.0
212,213,3.0,4.0,4.0,1.0,8.0,3.368158499999936,-79.0,17.0,0.1,color,size,orientation,0.3,-11.5,11,male,0,2716.5832896,0,26,0.0,0.0,0.0,0.0,0.0,0.0,191.0,134.0,0.0
213,214,3.0,7.0,7.0,1.0,8.0,3.2669160999998894,56.0,22.0,0.4600000000000001,color,size,orientation,0.3,-11.5,11,male,0,2716.5832896,0,26,0.0,0.0,0.0,0.0,0.0,0.0,192.0,135.0,0.0
214,215,3.0,1.0,3.0,0.0,8.0,4.632741100000203,87.5,4.0,0.3400000000000001,color,size,orientation,0.3,-11.5,11,male,0,2716.5832896,0,26,0.0,0.0,1.0,0.0,0.0,0.0,193.0,136.0,0.0
215,216,3.0,5.0,5.0,1.0,8.0,4.549686299999848,11.0,23.0,0.18,color,size,orientation,0.3,-11.5,11,male,0,2716.5832896,1,26,0.0,0.0,0.0,0.0,0.0,-1.0,194.0,137.0,0.0
216,217,3.0,7.0,7.0,1.0,8.0,8.54996859999983,20.0,21.0,0.42,color,size,orientation,0.3,-11.5,11,male,0,2716.5832896,0,26,0.0,0.0,0.0,0.0,0.0,1.0,195.0,138.0,0.0
217,218,3.0,4.0,4.0,1.0,8.0,5.750046499999826,-29.5,18.0,0.22,color,size,orientation,0.3,-11.5,11,male,0,2716.5832896,0,26,0.0,0.0,0.0,0.0,0.0,0.0,196.0,139.0,0.0
218,219,3.0,1.0,2.0,0.0,8.0,6.366425100000015,-43.0,3.0,0.3,color,size,orientation,0.3,-11.5,11,male,0,2716.5832896,0,26,0.0,0.0,2.0,0.0,0.0,0.0,197.0,140.0,0.0
219,220,3.0,0.0,0.0,1.0,8.0,2.665397999999641,-20.5,7.0,0.1,color,size,orientation,0.3,-11.5,11,male,0,2716.5832896,1,26,0.0,0.0,0.0,0.0,0.0,-2.0,198.0,141.0,0.0
220,221,3.0,2.0,1.0,0.0,8.0,24.349732399999994,69.5,12.0,0.18,color,size,orientation,0.3,-11.5,11,male,0,2716.5832896,0,26,0.0,0.0,2.0,0.0,0.0,2.0,199.0,142.0,0.0
221,222,3.0,7.0,7.0,1.0,8.0,7.799427299999934,29.0,20.0,0.3400000000000001,color,size,orientation,0.3,-11.5,11,male,0,2716.5832896,1,26,0.0,0.0,0.0,0.0,0.0,-2.0,200.0,143.0,0.0
222,223,3.0,2.0,3.0,0.0,8.0,5.982963400000244,-7.0,8.0,0.3400000000000001,color,size,orientation,0.3,-11.5,11,male,0,2716.5832896,0,26,0.0,0.0,1.0,0.0,0.0,2.0,201.0,144.0,0.0
223,224,3.0,3.0,3.0,1.0,8.0,6.94951089999995,69.5,12.0,0.38,color,size,orientation,0.3,-11.5,11,male,0,2716.5832896,1,26,0.0,0.0,0.0,0.0,0.0,-1.0,202.0,145.0,0.0
224,225,3.0,5.0,6.0,0.0,8.0,11.85025859999996,-16.0,24.0,0.3,color,size,orientation,0.3,-11.5,11,male,0,2716.5832896,0,26,0.0,0.0,2.0,0.0,0.0,1.0,203.0,146.0,0.0
225,226,3.0,0.0,0.0,1.0,8.0,4.88226990000021,-56.5,4.0,0.1,color,size,orientation,0.3,-11.5,11,male,0,2716.5832896,1,26,0.0,0.0,0.0,0.0,0.0,-2.0,204.0,147.0,0.0
226,227,3.0,6.0,6.0,1.0,8.0,7.299905700000181,-29.5,20.0,0.3400000000000001,color,size,orientation,0.3,-11.5,11,male,0,2716.5832896,0,26,0.0,0.0,0.0,0.0,0.0,2.0,205.0,148.0,0.0
227,228,3.0,6.0,6.0,1.0,8.0,2.134582500000306,-34.0,23.0,0.38,color,size,orientation,0.3,-11.5,11,male,0,2716.5832896,0,26,0.0,0.0,0.0,0.0,0.0,0.0,206.0,149.0,0.0
228,229,3.0,7.0,7.0,1.0,8.0,6.033414499999708,15.5,15.0,0.38,color,size,orientation,0.3,-11.5,11,male,0,2716.5832896,0,26,0.0,0.0,0.0,0.0,0.0,0.0,207.0,150.0,0.0
229,230,3.0,5.0,5.0,1.0,8.0,10.033245399999942,69.5,15.0,0.22,color,size,orientation,0.3,-11.5,11,male,0,2716.5832896,0,26,0.0,0.0,0.0,0.0,0.0,0.0,208.0,151.0,0.0
230,231,3.0,4.0,4.0,1.0,8.0,5.28386909999972,-29.5,24.0,0.14,color,size,orientation,0.3,-11.5,11,male,0,2716.5832896,0,26,0.0,0.0,0.0,0.0,0.0,0.0,209.0,152.0,0.0
231,232,3.0,3.0,3.0,1.0,8.0,3.0993751000000884,87.5,9.0,0.4600000000000001,color,size,orientation,0.3,-11.5,11,male,0,2716.5832896,0,26,0.0,0.0,0.0,0.0,0.0,0.0,210.0,153.0,0.0
232,233,3.0,2.0,3.0,0.0,8.0,9.666962799999965,11.0,10.0,0.42,color,size,orientation,0.3,-11.5,11,male,0,2716.5832896,0,26,0.0,0.0,1.0,0.0,0.0,0.0,211.0,154.0,0.0
233,234,3.0,7.0,7.0,1.0,8.0,3.965917900000022,74.0,17.0,0.38,color,size,orientation,0.3,-11.5,11,male,0,2716.5832896,1,26,0.0,0.0,0.0,0.0,0.0,-1.0,212.0,155.0,0.0
234,235,3.0,5.0,4.0,0.0,8.0,6.41746379999995,-43.0,23.0,0.18,color,size,orientation,0.3,-11.5,11,male,0,2716.5832896,0,26,0.0,0.0,1.0,0.0,0.0,1.0,213.0,156.0,0.0
235,236,3.0,3.0,2.0,0.0,8.0,3.2321108999999524,-61.0,9.0,0.4600000000000001,color,size,orientation,0.3,-11.5,11,male,0,2716.5832896,1,26,0.0,0.0,1.0,0.0,0.0,-1.0,214.0,157.0,0.0
236,237,3.0,1.0,0.0,0.0,8.0,8.964955900000405,-70.0,4.0,0.22,color,size,orientation,0.3,-11.5,11,male,0,2716.5832896,1,26,0.0,0.0,1.0,0.0,0.0,0.0,215.0,158.0,0.0
237,238,3.0,6.0,6.0,1.0,8.0,13.66539580000017,-34.0,14.0,0.38,color,size,orientation,0.3,-11.5,11,male,0,2716.5832896,1,26,0.0,0.0,0.0,0.0,0.0,0.0,216.0,159.0,0.0
238,239,3.0,1.0,3.0,0.0,8.0,17.633215199999995,74.0,2.0,0.3,color,size,orientation,0.3,-11.5,11,male,0,2716.5832896,0,26,0.0,0.0,1.0,0.0,0.0,1.0,217.0,160.0,0.0
239,240,3.0,0.0,0.0,1.0,8.0,12.299167899999702,-74.5,7.0,0.26,color,size,orientation,0.3,-11.5,11,male,0,2716.5832896,1,26,0.0,0.0,0.0,0.0,0.0,-1.0,218.0,161.0,0.0
240,241,3.0,5.0,5.0,1.0,8.0,12.933656599999722,78.5,14.0,0.22,color,size,orientation,0.3,-11.5,11,male,0,2716.5832896,0,26,0.0,0.0,0.0,0.0,0.0,1.0,219.0,162.0,0.0
241,242,3.0,0.0,0.0,1.0,8.0,3.366391399999884,-20.5,8.0,0.1,color,size,orientation,0.3,-11.5,11,male,0,2716.5832896,0,26,0.0,0.0,0.0,0.0,0.0,0.0,220.0,163.0,0.0
242,243,3.0,6.0,7.0,0.0,8.0,2.966816299999664,24.5,24.0,0.38,color,size,orientation,0.3,-11.5,11,male,0,2716.5832896,0,26,0.0,0.0,1.0,0.0,0.0,0.0,221.0,164.0,0.0
243,244,3.0,5.0,6.0,0.0,8.0,13.315954199999853,-34.0,23.0,0.38,color,size,orientation,0.3,-11.5,11,male,0,2716.5832896,1,26,0.0,0.0,2.0,0.0,0.0,-1.0,222.0,165.0,0.0
244,245,3.0,1.0,1.0,1.0,8.0,4.9486188999999285,51.5,8.0,0.1,color,size,orientation,0.3,-11.5,11,male,0,2716.5832896,1,26,0.0,0.0,0.0,0.0,0.0,-1.0,223.0,166.0,0.0
245,246,3.0,7.0,7.0,1.0,8.0,12.282830199999808,24.5,22.0,0.42,color,size,orientation,0.3,-11.5,11,male,0,2716.5832896,0,26,0.0,0.0,0.0,0.0,0.0,2.0,224.0,167.0,0.0
246,247,3.0,6.0,7.0,0.0,8.0,6.316607000000204,-11.5,20.0,0.3400000000000001,color,size,orientation,0.3,-11.5,11,male,0,2716.5832896,0,26,0.0,0.0,1.0,0.0,0.0,0.0,225.0,168.0,0.0
247,248,3.0,5.0,4.0,0.0,8.0,8.082059599999866,-79.0,18.0,0.22,color,size,orientation,0.3,-11.5,11,male,0,2716.5832896,1,26,0.0,0.0,1.0,0.0,0.0,-1.0,226.0,169.0,0.0
248,249,3.0,0.0,0.0,1.0,8.0,4.182249699999829,-88.0,1.0,0.14,color,size,orientation,0.3,-11.5,11,male,0,2716.5832896,1,26,0.0,0.0,0.0,0.0,0.0,0.0,227.0,170.0,0.0
249,250,3.0,2.0,1.0,0.0,8.0,5.666696599999796,74.0,0.0,0.18,color,size,orientation,0.3,-11.5,11,male,0,2716.5832896,0,26,0.0,0.0,2.0,0.0,0.0,1.0,228.0,171.0,0.0
250,251,3.0,3.0,3.0,1.0,8.0,5.633184400000118,56.0,5.0,0.38,color,size,orientation,0.3,-11.5,11,male,0,2716.5832896,1,26,0.0,0.0,0.0,0.0,0.0,-2.0,229.0,172.0,0.0
251,252,3.0,2.0,2.0,1.0,8.0,3.483114900000146,-56.5,11.0,0.3400000000000001,color,size,orientation,0.3,-11.5,11,male,0,2716.5832896,0,26,0.0,0.0,0.0,0.0,0.0,2.0,230.0,173.0,0.0
252,253,3.0,0.0,0.0,1.0,8.0,4.233876100000089,-16.0,2.0,0.1,color,size,orientation,0.3,-11.5,11,male,0,2716.5832896,0,26,0.0,0.0,0.0,0.0,0.0,0.0,231.0,174.0,0.0
253,254,3.0,3.0,2.0,0.0,8.0,2.9665242999999464,-83.5,6.0,0.38,color,size,orientation,0.3,-11.5,11,male,0,2716.5832896,0,26,0.0,0.0,1.0,0.0,0.0,0.0,232.0,175.0,0.0
254,255,3.0,4.0,4.0,1.0,8.0,4.867095399999926,-47.5,16.0,0.1,color,size,orientation,0.3,-11.5,11,male,0,2716.5832896,1,26,0.0,0.0,0.0,0.0,0.0,-1.0,233.0,176.0,0.0
255,256,3.0,2.0,3.0,0.0,8.0,21.866812200000368,-11.5,6.0,0.42,color,size,orientation,0.3,-11.5,11,male,0,2716.5832896,0,26,0.0,0.0,1.0,0.0,0.0,1.0,234.0,177.0,0.0
256,257,2.0,1.0,1.0,1.0,4.0,12.032305899999756,60.5,10.0,0.38,color,size,orientation,0.3,-11.5,11,male,0,2716.5832896,1,26,0.0,0.0,1.0,0.0,0.0,1.0,235.0,0.0,1.0
257,258,2.0,0.0,1.0,0.0,4.0,1.9174815999999737,-29.5,11.0,0.3400000000000001,color,size,orientation,0.3,-11.5,11,male,0,2716.5832896,0,26,0.0,1.0,1.0,0.0,0.0,1.0,236.0,0.0,2.0
258,259,2.0,3.0,3.0,1.0,4.0,2.0318884999996953,11.0,18.0,0.3,color,size,orientation,0.3,-11.5,11,male,0,2716.5832896,1,26,0.0,0.0,1.0,0.0,-1.0,1.0,237.0,0.0,3.0
259,260,2.0,3.0,3.0,1.0,4.0,1.4336838000003809,47.0,24.0,0.3,color,size,orientation,0.3,-11.5,11,male,0,2716.5832896,0,26,0.0,0.0,1.0,0.0,1.0,1.0,238.0,0.0,4.0
260,261,2.0,2.0,2.0,1.0,4.0,1.1663305000001856,-52.0,21.0,0.18,color,size,orientation,0.3,-11.5,11,male,0,2716.5832896,0,26,0.0,0.0,1.0,0.0,0.0,1.0,239.0,0.0,5.0
261,262,2.0,1.0,1.0,1.0,4.0,4.133218100000249,33.5,8.0,0.38,color,size,orientation,0.3,-11.5,11,male,0,2716.5832896,0,26,0.0,0.0,1.0,0.0,0.0,1.0,240.0,0.0,6.0
262,263,2.0,3.0,3.0,1.0,4.0,7.933452599999782,65.0,23.0,0.3400000000000001,color,size,orientation,0.3,-11.5,11,male,0,2716.5832896,0,26,0.0,0.0,1.0,0.0,0.0,1.0,241.0,0.0,7.0
263,264,2.0,2.0,2.0,1.0,4.0,1.8504525000003016,78.5,20.0,0.1,color,size,orientation,0.3,-11.5,11,male,0,2716.5832896,0,26,0.0,0.0,1.0,0.0,0.0,1.0,242.0,0.0,8.0
264,265,2.0,3.0,3.0,1.0,4.0,1.1501500999997916,11.0,23.0,0.4600000000000001,color,size,orientation,0.3,-11.5,11,male,0,2716.5832896,0,26,0.0,0.0,1.0,0.0,0.0,1.0,243.0,0.0,9.0
265,266,2.0,2.0,2.0,1.0,4.0,1.2497118000001135,24.5,23.0,0.18,color,size,orientation,0.3,-11.5,11,male,0,2716.5832896,0,26,0.0,0.0,1.0,0.0,0.0,1.0,244.0,0.0,10.0
266,267,2.0,0.0,1.0,0.0,4.0,4.417079899999862,-70.0,8.0,0.3,color,size,orientation,0.3,-11.5,11,male,0,2716.5832896,0,26,0.0,1.0,1.0,0.0,0.0,1.0,245.0,0.0,11.0
267,268,1.0,1.0,1.0,1.0,2.0,2.7289592000001903,24.5,17.0,0.18,color,size,orientation,0.3,-11.5,11,male,0,2716.5832896,1,26,0.0,1.0,1.0,0.0,0.0,1.0,0.0,1.0,12.0
268,269,1.0,0.0,0.0,1.0,2.0,2.000213499999973,78.5,8.0,0.26,color,size,orientation,0.3,-11.5,11,male,0,2716.5832896,0,26,0.0,1.0,1.0,0.0,0.0,1.0,0.0,2.0,13.0
269,270,1.0,1.0,1.0,1.0,2.0,4.733292200000051,-43.0,15.0,0.3,color,size,orientation,0.3,-11.5,11,male,0,2716.5832896,0,26,0.0,1.0,1.0,0.0,0.0,1.0,0.0,3.0,14.0
270,271,1.0,0.0,1.0,0.0,2.0,1.3500686000002131,-29.5,18.0,0.42,color,size,orientation,0.3,-11.5,11,male,0,2716.5832896,0,26,1.0,1.0,1.0,0.0,0.0,1.0,0.0,4.0,15.0
271,272,3.0,1.0,1.0,1.0,8.0,58.049136799999815,69.5,2.0,0.14,color,size,orientation,0.3,-11.5,11,male,0,2716.5832896,1,26,1.0,1.0,0.0,0.0,0.0,0.0,1.0,5.0,0.0
272,273,3.0,5.0,5.0,1.0,8.0,3.7501664000001256,47.0,14.0,0.1,color,size,orientation,0.3,-11.5,11,male,0,2716.5832896,0,26,1.0,1.0,0.0,0.0,0.0,1.0,2.0,6.0,0.0
273,274,3.0,2.0,2.0,1.0,8.0,30.733192700000014,-70.0,4.0,0.3,color,size,orientation,0.3,-11.5,11,male,0,2716.5832896,0,26,1.0,1.0,0.0,0.0,0.0,0.0,3.0,7.0,0.0
274,275,3.0,2.0,3.0,0.0,8.0,9.000264799999968,29.0,9.0,0.38,color,size,orientation,0.3,-11.5,11,male,0,2716.5832896,0,26,1.0,1.0,1.0,0.0,0.0,0.0,4.0,8.0,0.0
275,276,3.0,2.0,2.0,1.0,8.0,7.965447900000072,-38.5,4.0,0.38,color,size,orientation,0.3,-11.5,11,male,0,2716.5832896,1,26,1.0,1.0,0.0,0.0,0.0,-1.0,5.0,9.0,0.0
276,277,3.0,3.0,3.0,1.0,8.0,5.549521800000093,38.0,9.0,0.38,color,size,orientation,0.3,-11.5,11,male,0,2716.5832896,0,26,1.0,1.0,0.0,0.0,0.0,1.0,6.0,10.0,0.0
277,278,3.0,5.0,5.0,1.0,8.0,4.449683399999685,24.5,19.0,0.18,color,size,orientation,0.3,-11.5,11,male,0,2716.5832896,0,26,1.0,1.0,0.0,0.0,0.0,0.0,7.0,11.0,0.0
278,279,3.0,2.0,2.0,1.0,8.0,8.16670810000005,-61.0,7.0,0.3,color,size,orientation,0.3,-11.5,11,male,0,2716.5832896,0,26,1.0,1.0,0.0,0.0,0.0,0.0,8.0,12.0,0.0
279,280,3.0,6.0,6.0,1.0,8.0,5.6664998000001106,-56.5,24.0,0.38,color,size,orientation,0.3,-11.5,11,male,0,2716.5832896,0,26,1.0,1.0,0.0,0.0,0.0,0.0,9.0,13.0,0.0
280,281,3.0,0.0,1.0,0.0,8.0,3.615985599999931,2.0,10.0,0.14,color,size,orientation,0.3,-11.5,11,male,0,2716.5832896,0,26,1.0,1.0,1.0,0.0,0.0,0.0,10.0,14.0,0.0
