,Trial_number,Chosen_castle,Chosen_location,Correct_location,Accuracy,Number_of_doors,RT,Current_orientation,Current_color,Current_size,First_feature,Second_feature,Third_feature,Participant_size,Participant_orientation,Participant_number,Participant_gender,Early_exit,Training_time,Meta_trial,Participant_age,PE_1,PE_2,PE_3,LP_1,LP_2,LP_3,Nov_1,Nov_2,Nov_3
0,1,1.0,0.0,1.0,0.0,2.0,2.8223689000005834,47.0,6.0,0.14,orientation,size,color,0.38,11.0,6,male,1,1304.1359603,1,19,0.0,0.0,0.0,0.0,0.0,0.0,0.0,99.0,99.0
1,2,1.0,1.0,1.0,1.0,2.0,1.974878400000307,78.5,20.0,0.26,orientation,size,color,0.38,11.0,6,male,1,1304.1359603,1,19,0.0,0.0,0.0,0.0,0.0,0.0,0.0,100.0,100.0
2,3,1.0,1.0,1.0,1.0,2.0,1.033723700000337,65.0,18.0,0.22,orientation,size,color,0.38,11.0,6,male,1,1304.1359603,0,19,0.0,0.0,0.0,0.0,0.0,0.0,0.0,101.0,101.0
3,4,1.0,0.0,0.0,1.0,2.0,1.4509350000007544,-25.0,18.0,0.18,orientation,size,color,0.38,11.0,6,male,1,1304.1359603,0,19,0.0,0.0,0.0,0.0,0.0,0.0,0.0,102.0,102.0
4,5,1.0,0.0,0.0,1.0,2.0,0.9662713999987318,-16.0,13.0,0.18,orientation,size,color,0.38,11.0,6,male,1,1304.1359603,0,19,0.0,0.0,0.0,0.0,0.0,0.0,0.0,103.0,103.0
5,6,1.0,1.0,0.0,0.0,2.0,1.6662539999997534,2.0,17.0,0.3,orientation,size,color,0.38,11.0,6,male,1,1304.1359603,0,19,1.0,0.0,0.0,0.0,0.0,0.0,0.0,104.0,104.0
6,7,1.0,1.0,0.0,0.0,2.0,1.9079875999996148,-56.5,19.0,0.38,orientation,size,color,0.38,11.0,6,male,1,1304.1359603,1,19,1.0,0.0,0.0,-1.0,0.0,0.0,0.0,105.0,105.0
7,8,1.0,0.0,1.0,0.0,2.0,1.457861299999422,38.0,8.0,0.4600000000000001,orientation,size,color,0.38,11.0,6,male,1,1304.1359603,1,19,1.0,0.0,0.0,0.0,0.0,0.0,0.0,106.0,106.0
8,9,1.0,1.0,1.0,1.0,2.0,1.4748298000013165,38.0,10.0,0.14,orientation,size,color,0.38,11.0,6,male,1,1304.1359603,1,19,0.0,0.0,0.0,0.0,0.0,0.0,0.0,107.0,107.0
9,10,1.0,0.0,0.0,1.0,2.0,1.43409100000099,-47.5,9.0,0.38,orientation,size,color,0.38,11.0,6,male,1,1304.1359603,0,19,0.0,0.0,0.0,1.0,0.0,0.0,0.0,108.0,108.0
10,11,1.0,0.0,0.0,1.0,2.0,1.0676871000014216,-25.0,14.0,0.4600000000000001,orientation,size,color,0.38,11.0,6,male,1,1304.1359603,0,19,0.0,0.0,0.0,0.0,0.0,0.0,0.0,109.0,109.0
11,12,1.0,0.0,1.0,0.0,2.0,1.9495799000014813,87.5,6.0,0.3400000000000001,orientation,size,color,0.38,11.0,6,male,1,1304.1359603,0,19,1.0,0.0,0.0,0.0,0.0,0.0,0.0,110.0,110.0
12,13,1.0,0.0,0.0,1.0,2.0,1.0570920999998634,-16.0,18.0,0.3400000000000001,orientation,size,color,0.38,11.0,6,male,1,1304.1359603,1,19,0.0,0.0,0.0,-1.0,0.0,0.0,0.0,111.0,111.0
13,14,1.0,1.0,1.0,1.0,2.0,1.066238199999134,38.0,16.0,0.22,orientation,size,color,0.38,11.0,6,male,1,1304.1359603,0,19,0.0,0.0,0.0,1.0,0.0,0.0,0.0,112.0,112.0
14,15,1.0,0.0,0.0,1.0,2.0,0.9173554999997576,-43.0,13.0,0.22,orientation,size,color,0.38,11.0,6,male,1,1304.1359603,0,19,0.0,0.0,0.0,0.0,0.0,0.0,0.0,113.0,113.0
15,16,1.0,0.0,0.0,1.0,2.0,1.217267300000458,-52.0,4.0,0.3400000000000001,orientation,size,color,0.38,11.0,6,male,1,1304.1359603,0,19,0.0,0.0,0.0,0.0,0.0,0.0,0.0,114.0,114.0
16,17,1.0,0.0,0.0,1.0,2.0,1.76737409999987,-25.0,1.0,0.14,orientation,size,color,0.38,11.0,6,male,1,1304.1359603,0,19,0.0,0.0,0.0,0.0,0.0,0.0,0.0,115.0,115.0
17,18,1.0,0.0,0.0,1.0,2.0,0.9497876000004908,-7.0,9.0,0.14,orientation,size,color,0.38,11.0,6,male,1,1304.1359603,0,19,0.0,0.0,0.0,0.0,0.0,0.0,0.0,116.0,116.0
18,19,1.0,1.0,0.0,0.0,2.0,1.3495304000007309,-70.0,18.0,0.4600000000000001,orientation,size,color,0.38,11.0,6,male,1,1304.1359603,0,19,1.0,0.0,0.0,0.0,0.0,0.0,0.0,117.0,117.0
19,20,1.0,1.0,0.0,0.0,2.0,1.627193399999669,-79.0,19.0,0.1,orientation,size,color,0.38,11.0,6,male,1,1304.1359603,1,19,1.0,0.0,0.0,-1.0,0.0,0.0,0.0,118.0,118.0
20,21,1.0,0.0,0.0,1.0,2.0,0.9093797000004996,-52.0,9.0,0.3400000000000001,orientation,size,color,0.38,11.0,6,male,1,1304.1359603,1,19,0.0,0.0,0.0,0.0,0.0,0.0,0.0,119.0,119.0
21,22,1.0,0.0,0.0,1.0,2.0,0.5330328000000009,-70.0,0.0,0.42,orientation,size,color,0.38,11.0,6,male,1,1304.1359603,0,19,0.0,0.0,0.0,1.0,0.0,0.0,0.0,120.0,120.0
22,23,1.0,0.0,0.0,1.0,2.0,0.8001602000003913,-20.5,0.0,0.4600000000000001,orientation,size,color,0.38,11.0,6,male,1,1304.1359603,0,19,0.0,0.0,0.0,0.0,0.0,0.0,0.0,121.0,121.0
23,24,1.0,1.0,1.0,1.0,2.0,0.9499878000005992,15.5,0.0,0.22,orientation,size,color,0.38,11.0,6,male,1,1304.1359603,0,19,0.0,0.0,0.0,0.0,0.0,0.0,0.0,122.0,122.0
24,25,1.0,0.0,0.0,1.0,2.0,0.7339628000008815,-38.5,3.0,0.3,orientation,size,color,0.38,11.0,6,male,1,1304.1359603,0,19,0.0,0.0,0.0,0.0,0.0,0.0,0.0,123.0,123.0
25,26,1.0,1.0,0.0,0.0,2.0,1.0838813000009395,6.5,15.0,0.18,orientation,size,color,0.38,11.0,6,male,1,1304.1359603,0,19,1.0,0.0,0.0,0.0,0.0,0.0,0.0,124.0,124.0
26,27,1.0,0.0,1.0,0.0,2.0,1.9046118000005663,11.0,15.0,0.4600000000000001,orientation,size,color,0.38,11.0,6,male,1,1304.1359603,1,19,1.0,0.0,0.0,-1.0,0.0,0.0,0.0,125.0,125.0
27,28,1.0,0.0,0.0,1.0,2.0,1.3736391000002186,-25.0,23.0,0.42,orientation,size,color,0.38,11.0,6,male,1,1304.1359603,1,19,0.0,0.0,0.0,0.0,0.0,0.0,0.0,126.0,126.0
28,29,1.0,0.0,0.0,1.0,2.0,0.8328735999984929,-61.0,14.0,0.38,orientation,size,color,0.38,11.0,6,male,1,1304.1359603,0,19,0.0,0.0,0.0,1.0,0.0,0.0,0.0,127.0,127.0
29,30,1.0,1.0,0.0,0.0,2.0,1.3682481000014377,-29.5,17.0,0.1,orientation,size,color,0.38,11.0,6,male,1,1304.1359603,0,19,1.0,0.0,0.0,0.0,0.0,0.0,0.0,128.0,128.0
30,31,1.0,1.0,1.0,1.0,2.0,1.3400407000008272,38.0,20.0,0.38,orientation,size,color,0.38,11.0,6,male,1,1304.1359603,1,19,0.0,0.0,0.0,-1.0,0.0,0.0,0.0,129.0,129.0
31,32,1.0,1.0,1.0,1.0,2.0,1.0016108999989228,29.0,5.0,0.22,orientation,size,color,0.38,11.0,6,male,1,1304.1359603,0,19,0.0,0.0,0.0,1.0,0.0,0.0,0.0,130.0,130.0
32,33,1.0,0.0,1.0,0.0,2.0,1.96767059999911,78.5,5.0,0.4600000000000001,orientation,size,color,0.38,11.0,6,male,1,1304.1359603,0,19,1.0,0.0,0.0,0.0,0.0,0.0,0.0,131.0,131.0
33,34,1.0,1.0,1.0,1.0,2.0,1.2755790000010163,78.5,4.0,0.3400000000000001,orientation,size,color,0.38,11.0,6,male,1,1304.1359603,1,19,0.0,0.0,0.0,-1.0,0.0,0.0,0.0,132.0,132.0
34,35,1.0,0.0,0.0,1.0,2.0,0.8003143999994791,-43.0,3.0,0.4600000000000001,orientation,size,color,0.38,11.0,6,male,1,1304.1359603,0,19,0.0,0.0,0.0,1.0,0.0,0.0,0.0,133.0,133.0
35,36,1.0,1.0,1.0,1.0,2.0,0.9509445999992748,11.0,21.0,0.38,orientation,size,color,0.38,11.0,6,male,1,1304.1359603,0,19,0.0,0.0,0.0,0.0,0.0,0.0,0.0,134.0,134.0
36,37,1.0,1.0,1.0,1.0,2.0,1.5340755000015631,83.0,0.0,0.18,orientation,size,color,0.38,11.0,6,male,1,1304.1359603,0,19,0.0,0.0,0.0,0.0,0.0,0.0,0.0,135.0,135.0
37,38,1.0,0.0,0.0,1.0,2.0,0.9495521999997436,-34.0,14.0,0.3,orientation,size,color,0.38,11.0,6,male,1,1304.1359603,0,19,0.0,0.0,0.0,0.0,0.0,0.0,0.0,136.0,136.0
38,39,1.0,0.0,0.0,1.0,2.0,1.299864799999341,-65.5,13.0,0.3,orientation,size,color,0.38,11.0,6,male,1,1304.1359603,0,19,0.0,0.0,0.0,0.0,0.0,0.0,0.0,137.0,137.0
39,40,1.0,0.0,0.0,1.0,2.0,1.8496209000004455,-2.5,11.0,0.22,orientation,size,color,0.38,11.0,6,male,1,1304.1359603,0,19,0.0,0.0,0.0,0.0,0.0,0.0,0.0,138.0,138.0
40,41,1.0,0.0,0.0,1.0,2.0,0.9355340000001888,-29.5,15.0,0.22,orientation,size,color,0.38,11.0,6,male,1,1304.1359603,0,19,0.0,0.0,0.0,0.0,0.0,0.0,0.0,139.0,139.0
41,42,1.0,0.0,0.0,1.0,2.0,1.7665312999997695,-43.0,17.0,0.4600000000000001,orientation,size,color,0.38,11.0,6,male,1,1304.1359603,0,19,0.0,0.0,0.0,0.0,0.0,0.0,0.0,140.0,140.0
42,43,1.0,1.0,1.0,1.0,2.0,1.3997182000002797,15.5,17.0,0.18,orientation,size,color,0.38,11.0,6,male,1,1304.1359603,0,19,0.0,0.0,0.0,0.0,0.0,0.0,0.0,141.0,141.0
43,44,2.0,1.0,1.0,1.0,4.0,2.683298600000853,-61.0,8.0,0.38,orientation,size,color,0.38,11.0,6,male,1,1304.1359603,1,19,0.0,0.0,0.0,0.0,0.0,0.0,1.0,0.0,142.0
44,45,2.0,2.0,1.0,0.0,4.0,1.0333313999999518,-88.0,4.0,0.4600000000000001,orientation,size,color,0.38,11.0,6,male,1,1304.1359603,0,19,0.0,2.0,0.0,0.0,0.0,0.0,2.0,0.0,143.0
45,46,2.0,1.0,0.0,0.0,4.0,1.3831675999990694,6.5,22.0,0.3,orientation,size,color,0.38,11.0,6,male,1,1304.1359603,1,19,0.0,1.0,0.0,0.0,-2.0,0.0,3.0,0.0,144.0
46,47,2.0,0.0,2.0,0.0,4.0,1.433298800000557,65.0,24.0,0.18,orientation,size,color,0.38,11.0,6,male,1,1304.1359603,1,19,0.0,1.0,0.0,0.0,1.0,0.0,4.0,0.0,145.0
47,48,2.0,1.0,0.0,0.0,4.0,1.1500505000003614,-83.5,3.0,0.26,orientation,size,color,0.38,11.0,6,male,1,1304.1359603,1,19,0.0,1.0,0.0,0.0,0.0,0.0,5.0,0.0,146.0
48,49,2.0,2.0,2.0,1.0,4.0,1.5336385999999038,74.0,24.0,0.3,orientation,size,color,0.38,11.0,6,male,1,1304.1359603,1,19,0.0,0.0,0.0,0.0,0.0,0.0,6.0,0.0,147.0
49,50,2.0,2.0,0.0,0.0,4.0,1.032069599999886,6.5,20.0,0.22,orientation,size,color,0.38,11.0,6,male,1,1304.1359603,0,19,0.0,1.0,0.0,0.0,1.0,0.0,7.0,0.0,148.0
50,51,2.0,0.0,1.0,0.0,4.0,2.266115599999466,-7.0,1.0,0.4600000000000001,orientation,size,color,0.38,11.0,6,male,1,1304.1359603,1,19,0.0,1.0,0.0,0.0,-1.0,0.0,8.0,0.0,149.0
51,52,2.0,2.0,2.0,1.0,4.0,1.0510235999990982,42.5,18.0,0.1,orientation,size,color,0.38,11.0,6,male,1,1304.1359603,1,19,0.0,0.0,0.0,0.0,0.0,0.0,9.0,0.0,150.0
52,53,2.0,2.0,2.0,1.0,4.0,1.783474699999715,33.5,17.0,0.3,orientation,size,color,0.38,11.0,6,male,1,1304.1359603,0,19,0.0,0.0,0.0,0.0,1.0,0.0,10.0,0.0,151.0
53,54,2.0,2.0,2.0,1.0,4.0,0.9166366000008566,38.0,5.0,0.1,orientation,size,color,0.38,11.0,6,male,1,1304.1359603,0,19,0.0,0.0,0.0,0.0,0.0,0.0,11.0,0.0,152.0
54,55,2.0,0.0,0.0,1.0,4.0,2.166570100000172,-83.5,8.0,0.22,orientation,size,color,0.38,11.0,6,male,1,1304.1359603,0,19,0.0,0.0,0.0,0.0,0.0,0.0,12.0,0.0,153.0
55,56,2.0,1.0,1.0,1.0,4.0,2.3499226000003546,-88.0,5.0,0.4600000000000001,orientation,size,color,0.38,11.0,6,male,1,1304.1359603,0,19,0.0,0.0,0.0,0.0,0.0,0.0,13.0,0.0,154.0
56,57,2.0,1.0,1.0,1.0,4.0,0.9333724999996776,-56.5,1.0,0.4600000000000001,orientation,size,color,0.38,11.0,6,male,1,1304.1359603,0,19,0.0,0.0,0.0,0.0,0.0,0.0,14.0,0.0,155.0
57,58,2.0,3.0,0.0,0.0,4.0,2.2843042999993486,-7.0,11.0,0.14,orientation,size,color,0.38,11.0,6,male,1,1304.1359603,0,19,0.0,2.0,0.0,0.0,0.0,0.0,15.0,0.0,156.0
58,59,2.0,2.0,0.0,0.0,4.0,1.2995147000001452,6.5,10.0,0.1,orientation,size,color,0.38,11.0,6,male,1,1304.1359603,1,19,0.0,1.0,0.0,0.0,-2.0,0.0,16.0,0.0,157.0
59,60,2.0,1.0,2.0,0.0,4.0,1.3499934999999823,42.5,23.0,0.14,orientation,size,color,0.38,11.0,6,male,1,1304.1359603,1,19,0.0,2.0,0.0,0.0,1.0,0.0,17.0,0.0,158.0
60,61,2.0,2.0,0.0,0.0,4.0,1.1162232999995467,-25.0,17.0,0.18,orientation,size,color,0.38,11.0,6,male,1,1304.1359603,1,19,0.0,1.0,0.0,0.0,-1.0,0.0,18.0,0.0,159.0
61,62,2.0,1.0,0.0,0.0,4.0,0.967180499999813,-47.5,20.0,0.14,orientation,size,color,0.38,11.0,6,male,1,1304.1359603,1,19,0.0,1.0,0.0,0.0,1.0,0.0,19.0,0.0,160.0
62,63,2.0,0.0,2.0,0.0,4.0,3.1164478000009694,15.5,19.0,0.3400000000000001,orientation,size,color,0.38,11.0,6,male,1,1304.1359603,1,19,0.0,1.0,0.0,0.0,0.0,0.0,20.0,0.0,161.0
63,64,2.0,1.0,1.0,1.0,4.0,1.6661125999999058,-56.5,3.0,0.42,orientation,size,color,0.38,11.0,6,male,1,1304.1359603,1,19,0.0,0.0,0.0,0.0,0.0,0.0,21.0,0.0,162.0
64,65,2.0,1.0,3.0,0.0,4.0,1.3826056000016251,65.0,13.0,0.4600000000000001,orientation,size,color,0.38,11.0,6,male,1,1304.1359603,0,19,0.0,1.0,0.0,0.0,1.0,0.0,22.0,0.0,163.0
65,66,2.0,1.0,2.0,0.0,4.0,2.1656129000002693,24.5,7.0,0.22,orientation,size,color,0.38,11.0,6,male,1,1304.1359603,1,19,0.0,2.0,0.0,0.0,-1.0,0.0,23.0,0.0,164.0
66,67,2.0,0.0,2.0,0.0,4.0,2.050004499998977,78.5,2.0,0.14,orientation,size,color,0.38,11.0,6,male,1,1304.1359603,1,19,0.0,1.0,0.0,0.0,-1.0,0.0,24.0,0.0,165.0
67,68,2.0,1.0,0.0,0.0,4.0,0.8174858000002132,-61.0,13.0,0.1,orientation,size,color,0.38,11.0,6,male,1,1304.1359603,1,19,0.0,1.0,0.0,0.0,1.0,0.0,25.0,0.0,166.0
68,69,2.0,1.0,0.0,0.0,4.0,1.4824878999988869,6.5,23.0,0.3,orientation,size,color,0.38,11.0,6,male,1,1304.1359603,1,19,0.0,1.0,0.0,0.0,0.0,0.0,26.0,0.0,167.0
69,70,2.0,0.0,1.0,0.0,4.0,1.2664757000002282,2.0,22.0,0.38,orientation,size,color,0.38,11.0,6,male,1,1304.1359603,1,19,0.0,1.0,0.0,0.0,0.0,0.0,27.0,0.0,168.0
70,71,2.0,3.0,0.0,0.0,4.0,4.601093200000832,-61.0,18.0,0.26,orientation,size,color,0.38,11.0,6,male,1,1304.1359603,1,19,0.0,2.0,0.0,0.0,0.0,0.0,28.0,0.0,169.0
71,72,3.0,4.0,3.0,0.0,8.0,1.2674495999999635,-11.5,17.0,0.38,orientation,size,color,0.38,11.0,6,male,1,1304.1359603,1,19,0.0,2.0,3.0,0.0,0.0,0.0,29.0,1.0,0.0
72,73,1.0,0.0,0.0,1.0,2.0,1.372736299999815,-16.0,18.0,0.3400000000000001,orientation,size,color,0.38,11.0,6,male,1,1304.1359603,1,19,0.0,2.0,3.0,0.0,0.0,0.0,0.0,2.0,1.0
73,74,1.0,1.0,1.0,1.0,2.0,0.917175299999144,20.0,5.0,0.4600000000000001,orientation,size,color,0.38,11.0,6,male,1,1304.1359603,0,19,0.0,2.0,3.0,0.0,0.0,0.0,0.0,3.0,2.0
74,75,1.0,0.0,0.0,1.0,2.0,0.8184268999993947,-47.5,5.0,0.3400000000000001,orientation,size,color,0.38,11.0,6,male,1,1304.1359603,0,19,0.0,2.0,3.0,0.0,0.0,0.0,0.0,4.0,3.0
75,76,1.0,0.0,0.0,1.0,2.0,0.900163700000121,-56.5,15.0,0.14,orientation,size,color,0.38,11.0,6,male,1,1304.1359603,0,19,0.0,2.0,3.0,0.0,0.0,0.0,0.0,5.0,4.0
76,77,1.0,0.0,0.0,1.0,2.0,0.6508374999993976,-43.0,6.0,0.42,orientation,size,color,0.38,11.0,6,male,1,1304.1359603,0,19,0.0,2.0,3.0,0.0,0.0,0.0,0.0,6.0,5.0
77,78,1.0,1.0,1.0,1.0,2.0,0.9837629000012384,60.5,5.0,0.3,orientation,size,color,0.38,11.0,6,male,1,1304.1359603,0,19,0.0,2.0,3.0,0.0,0.0,0.0,0.0,7.0,6.0
78,79,1.0,0.0,0.0,1.0,2.0,0.7829094000007899,-47.5,14.0,0.38,orientation,size,color,0.38,11.0,6,male,1,1304.1359603,0,19,0.0,2.0,3.0,0.0,0.0,0.0,0.0,8.0,7.0
79,80,1.0,1.0,1.0,1.0,2.0,0.6831913999994867,20.0,5.0,0.38,orientation,size,color,0.38,11.0,6,male,1,1304.1359603,0,19,0.0,2.0,3.0,0.0,0.0,0.0,0.0,9.0,8.0
80,81,1.0,1.0,1.0,1.0,2.0,1.850016799999139,87.5,17.0,0.22,orientation,size,color,0.38,11.0,6,male,1,1304.1359603,0,19,0.0,2.0,3.0,0.0,0.0,0.0,0.0,10.0,9.0
81,82,1.0,1.0,1.0,1.0,2.0,0.6831469000007928,87.5,18.0,0.4600000000000001,orientation,size,color,0.38,11.0,6,male,1,1304.1359603,0,19,0.0,2.0,3.0,0.0,0.0,0.0,0.0,11.0,10.0
82,83,2.0,1.0,0.0,0.0,4.0,1.6503642999996373,-79.0,1.0,0.3,orientation,size,color,0.38,11.0,6,male,1,1304.1359603,1,19,0.0,1.0,3.0,0.0,0.0,0.0,1.0,0.0,11.0
83,84,2.0,3.0,2.0,0.0,4.0,2.233441299998958,69.5,7.0,0.3400000000000001,orientation,size,color,0.38,11.0,6,male,1,1304.1359603,1,19,0.0,1.0,3.0,0.0,1.0,0.0,2.0,0.0,12.0
84,85,2.0,2.0,2.0,1.0,4.0,0.7988877999996475,83.0,3.0,0.3400000000000001,orientation,size,color,0.38,11.0,6,male,1,1304.1359603,1,19,0.0,0.0,3.0,0.0,0.0,0.0,3.0,0.0,13.0
85,86,2.0,3.0,2.0,0.0,4.0,0.8670240999999805,24.5,5.0,0.26,orientation,size,color,0.38,11.0,6,male,1,1304.1359603,0,19,0.0,1.0,3.0,0.0,1.0,0.0,4.0,0.0,14.0
86,87,2.0,0.0,0.0,1.0,4.0,1.3160991000004287,-7.0,1.0,0.3400000000000001,orientation,size,color,0.38,11.0,6,male,1,1304.1359603,1,19,0.0,0.0,3.0,0.0,-1.0,0.0,5.0,0.0,15.0
87,88,2.0,1.0,0.0,0.0,4.0,0.8343428999996831,-43.0,24.0,0.1,orientation,size,color,0.38,11.0,6,male,1,1304.1359603,0,19,0.0,1.0,3.0,0.0,1.0,0.0,6.0,0.0,16.0
88,89,2.0,0.0,0.0,1.0,4.0,1.516518400001587,-7.0,3.0,0.14,orientation,size,color,0.38,11.0,6,male,1,1304.1359603,1,19,0.0,0.0,3.0,0.0,-1.0,0.0,7.0,0.0,17.0
89,90,2.0,0.0,0.0,1.0,4.0,1.049938000000111,-74.5,20.0,0.26,orientation,size,color,0.38,11.0,6,male,1,1304.1359603,0,19,0.0,0.0,3.0,0.0,1.0,0.0,8.0,0.0,18.0
90,91,2.0,1.0,0.0,0.0,4.0,0.7493708000001789,-34.0,19.0,0.14,orientation,size,color,0.38,11.0,6,male,1,1304.1359603,0,19,0.0,1.0,3.0,0.0,0.0,0.0,9.0,0.0,19.0
91,92,2.0,2.0,2.0,1.0,4.0,1.6828219999988503,15.5,6.0,0.26,orientation,size,color,0.38,11.0,6,male,1,1304.1359603,1,19,0.0,0.0,3.0,0.0,-1.0,0.0,10.0,0.0,20.0
92,93,2.0,2.0,2.0,1.0,4.0,0.7832371000004059,83.0,2.0,0.22,orientation,size,color,0.38,11.0,6,male,1,1304.1359603,0,19,0.0,0.0,3.0,0.0,1.0,0.0,11.0,0.0,21.0
93,94,2.0,1.0,0.0,0.0,4.0,1.116186999999627,-79.0,0.0,0.1,orientation,size,color,0.38,11.0,6,male,1,1304.1359603,0,19,0.0,1.0,3.0,0.0,0.0,0.0,12.0,0.0,22.0
94,95,2.0,3.0,0.0,0.0,4.0,1.6991937999991933,6.5,24.0,0.18,orientation,size,color,0.38,11.0,6,male,1,1304.1359603,1,19,0.0,2.0,3.0,0.0,-1.0,0.0,13.0,0.0,23.0
95,96,2.0,0.0,0.0,1.0,4.0,1.4662458000002516,-25.0,1.0,0.18,orientation,size,color,0.38,11.0,6,male,1,1304.1359603,1,19,0.0,0.0,3.0,0.0,-1.0,0.0,14.0,0.0,24.0
96,97,2.0,2.0,0.0,0.0,4.0,0.9505260000005364,6.5,0.0,0.3,orientation,size,color,0.38,11.0,6,male,1,1304.1359603,0,19,0.0,1.0,3.0,0.0,2.0,0.0,15.0,0.0,25.0
97,98,2.0,0.0,0.0,1.0,4.0,1.4504672000002756,-34.0,9.0,0.18,orientation,size,color,0.38,11.0,6,male,1,1304.1359603,1,19,0.0,0.0,3.0,0.0,-1.0,0.0,16.0,0.0,26.0
98,99,2.0,2.0,2.0,1.0,4.0,1.1841778999987582,42.5,7.0,0.3,orientation,size,color,0.38,11.0,6,male,1,1304.1359603,0,19,0.0,0.0,3.0,0.0,1.0,0.0,17.0,0.0,27.0
99,100,2.0,0.0,0.0,1.0,4.0,1.8665769999988695,-74.5,12.0,0.22,orientation,size,color,0.38,11.0,6,male,1,1304.1359603,0,19,0.0,0.0,3.0,0.0,0.0,0.0,18.0,0.0,28.0
100,101,2.0,0.0,0.0,1.0,4.0,0.6340880000007019,-20.5,12.0,0.18,orientation,size,color,0.38,11.0,6,male,1,1304.1359603,0,19,0.0,0.0,3.0,0.0,0.0,0.0,19.0,0.0,29.0
101,102,2.0,0.0,0.0,1.0,4.0,2.149966499999209,-74.5,7.0,0.18,orientation,size,color,0.38,11.0,6,male,1,1304.1359603,0,19,0.0,0.0,3.0,0.0,0.0,0.0,20.0,0.0,30.0
102,103,2.0,0.0,0.0,1.0,4.0,0.5506212999989657,-52.0,11.0,0.18,orientation,size,color,0.38,11.0,6,male,1,1304.1359603,0,19,0.0,0.0,3.0,0.0,0.0,0.0,21.0,0.0,31.0
103,104,2.0,2.0,2.0,1.0,4.0,1.8830345000005764,47.0,6.0,0.18,orientation,size,color,0.38,11.0,6,male,1,1304.1359603,0,19,0.0,0.0,3.0,0.0,0.0,0.0,22.0,0.0,32.0
104,105,2.0,0.0,0.0,1.0,4.0,1.0010726000000432,-16.0,22.0,0.18,orientation,size,color,0.38,11.0,6,male,1,1304.1359603,0,19,0.0,0.0,3.0,0.0,0.0,0.0,23.0,0.0,33.0
105,106,2.0,0.0,0.0,1.0,4.0,0.5338352999988274,-20.5,0.0,0.18,orientation,size,color,0.38,11.0,6,male,1,1304.1359603,0,19,0.0,0.0,3.0,0.0,0.0,0.0,24.0,0.0,34.0
106,107,2.0,0.0,1.0,0.0,4.0,1.099736699999994,-74.5,14.0,0.4600000000000001,orientation,size,color,0.38,11.0,6,male,1,1304.1359603,0,19,0.0,1.0,3.0,0.0,0.0,0.0,25.0,0.0,35.0
107,108,2.0,0.0,0.0,1.0,4.0,1.4167368999987957,-83.5,0.0,0.1,orientation,size,color,0.38,11.0,6,male,1,1304.1359603,1,19,0.0,0.0,3.0,0.0,-1.0,0.0,26.0,0.0,36.0
108,109,2.0,2.0,2.0,1.0,4.0,1.300084299999071,65.0,9.0,0.26,orientation,size,color,0.38,11.0,6,male,1,1304.1359603,0,19,0.0,0.0,3.0,0.0,1.0,0.0,27.0,0.0,37.0
109,110,2.0,2.0,2.0,1.0,4.0,0.8673911999994743,42.5,14.0,0.22,orientation,size,color,0.38,11.0,6,male,1,1304.1359603,0,19,0.0,0.0,3.0,0.0,0.0,0.0,28.0,0.0,38.0
110,111,2.0,2.0,3.0,0.0,4.0,0.6331491000000824,51.5,4.0,0.38,orientation,size,color,0.38,11.0,6,male,1,1304.1359603,0,19,0.0,1.0,3.0,0.0,0.0,0.0,29.0,0.0,39.0
111,112,2.0,1.0,0.0,0.0,4.0,1.7151340000000346,2.0,17.0,0.18,orientation,size,color,0.38,11.0,6,male,1,1304.1359603,1,19,0.0,1.0,3.0,0.0,-1.0,0.0,30.0,0.0,40.0
112,113,2.0,0.0,0.0,1.0,4.0,1.0325900000007096,-34.0,6.0,0.18,orientation,size,color,0.38,11.0,6,male,1,1304.1359603,1,19,0.0,0.0,3.0,0.0,0.0,0.0,31.0,0.0,41.0
113,114,2.0,0.0,2.0,0.0,4.0,2.000317599999107,15.5,17.0,0.3400000000000001,orientation,size,color,0.38,11.0,6,male,1,1304.1359603,0,19,0.0,1.0,3.0,0.0,1.0,0.0,32.0,0.0,42.0
114,115,2.0,1.0,1.0,1.0,4.0,1.4497167999998055,-29.5,14.0,0.42,orientation,size,color,0.38,11.0,6,male,1,1304.1359603,1,19,0.0,0.0,3.0,0.0,-1.0,0.0,33.0,0.0,43.0
115,116,2.0,0.0,0.0,1.0,4.0,2.3672464999999647,-20.5,5.0,0.14,orientation,size,color,0.38,11.0,6,male,1,1304.1359603,0,19,0.0,0.0,3.0,0.0,1.0,0.0,34.0,0.0,44.0
116,117,2.0,2.0,2.0,1.0,4.0,2.166378399999303,38.0,16.0,0.18,orientation,size,color,0.38,11.0,6,male,1,1304.1359603,0,19,0.0,0.0,3.0,0.0,0.0,0.0,35.0,0.0,45.0
117,118,2.0,0.0,0.0,1.0,4.0,1.7510167000000365,-29.5,12.0,0.3,orientation,size,color,0.38,11.0,6,male,1,1304.1359603,0,19,0.0,0.0,3.0,0.0,0.0,0.0,36.0,0.0,46.0
118,119,2.0,1.0,0.0,0.0,4.0,1.6513357000003452,-7.0,22.0,0.22,orientation,size,color,0.38,11.0,6,male,1,1304.1359603,0,19,0.0,1.0,3.0,0.0,0.0,0.0,37.0,0.0,47.0
119,120,2.0,0.0,0.0,1.0,4.0,1.2329921000000468,-70.0,9.0,0.22,orientation,size,color,0.38,11.0,6,male,1,1304.1359603,1,19,0.0,0.0,3.0,0.0,-1.0,0.0,38.0,0.0,48.0
120,121,2.0,0.0,0.0,1.0,4.0,0.5325680000005377,-16.0,1.0,0.3,orientation,size,color,0.38,11.0,6,male,1,1304.1359603,0,19,0.0,0.0,3.0,0.0,1.0,0.0,39.0,0.0,49.0
121,122,2.0,0.0,0.0,1.0,4.0,0.6333768000004056,-16.0,20.0,0.18,orientation,size,color,0.38,11.0,6,male,1,1304.1359603,0,19,0.0,0.0,3.0,0.0,0.0,0.0,40.0,0.0,50.0
122,123,2.0,0.0,0.0,1.0,4.0,0.8330684000011388,-38.5,2.0,0.22,orientation,size,color,0.38,11.0,6,male,1,1304.1359603,0,19,0.0,0.0,3.0,0.0,0.0,0.0,41.0,0.0,51.0
123,124,2.0,2.0,2.0,1.0,4.0,1.1168957999998383,65.0,6.0,0.14,orientation,size,color,0.38,11.0,6,male,1,1304.1359603,0,19,0.0,0.0,3.0,0.0,0.0,0.0,42.0,0.0,52.0
124,125,2.0,0.0,1.0,0.0,4.0,1.333685700001297,-56.5,4.0,0.42,orientation,size,color,0.38,11.0,6,male,1,1304.1359603,0,19,0.0,1.0,3.0,0.0,0.0,0.0,43.0,0.0,53.0
125,126,2.0,0.0,0.0,1.0,4.0,1.532648700000209,-11.5,14.0,0.14,orientation,size,color,0.38,11.0,6,male,1,1304.1359603,1,19,0.0,0.0,3.0,0.0,-1.0,0.0,44.0,0.0,54.0
126,127,2.0,1.0,0.0,0.0,4.0,1.1004654999997,-52.0,15.0,0.1,orientation,size,color,0.38,11.0,6,male,1,1304.1359603,0,19,0.0,1.0,3.0,0.0,1.0,0.0,45.0,0.0,55.0
127,128,2.0,0.0,0.0,1.0,4.0,0.8661471999985224,-7.0,14.0,0.3400000000000001,orientation,size,color,0.38,11.0,6,male,1,1304.1359603,1,19,0.0,0.0,3.0,0.0,-1.0,0.0,46.0,0.0,56.0
128,129,2.0,0.0,0.0,1.0,4.0,1.3668957999998383,-43.0,5.0,0.26,orientation,size,color,0.38,11.0,6,male,1,1304.1359603,0,19,0.0,0.0,3.0,0.0,1.0,0.0,47.0,0.0,57.0
129,130,2.0,0.0,0.0,1.0,4.0,0.7338407000006555,-29.5,5.0,0.3,orientation,size,color,0.38,11.0,6,male,1,1304.1359603,0,19,0.0,0.0,3.0,0.0,0.0,0.0,48.0,0.0,58.0
130,131,2.0,2.0,2.0,1.0,4.0,1.0672326000003522,69.5,2.0,0.26,orientation,size,color,0.38,11.0,6,male,1,1304.1359603,0,19,0.0,0.0,3.0,0.0,0.0,0.0,49.0,0.0,59.0
131,132,2.0,2.0,3.0,0.0,4.0,0.5848723999988579,83.0,14.0,0.4600000000000001,orientation,size,color,0.38,11.0,6,male,1,1304.1359603,0,19,0.0,1.0,3.0,0.0,0.0,0.0,50.0,0.0,60.0
132,133,2.0,1.0,0.0,0.0,4.0,1.8663660000001985,-83.5,23.0,0.1,orientation,size,color,0.38,11.0,6,male,1,1304.1359603,1,19,0.0,1.0,3.0,0.0,-1.0,0.0,51.0,0.0,61.0
133,134,2.0,2.0,2.0,1.0,4.0,1.1157594999986031,42.5,3.0,0.26,orientation,size,color,0.38,11.0,6,male,1,1304.1359603,1,19,0.0,0.0,3.0,0.0,0.0,0.0,52.0,0.0,62.0
134,135,2.0,2.0,1.0,0.0,4.0,0.78395620000083,2.0,2.0,0.4600000000000001,orientation,size,color,0.38,11.0,6,male,1,1304.1359603,0,19,0.0,2.0,3.0,0.0,1.0,0.0,53.0,0.0,63.0
135,136,2.0,0.0,0.0,1.0,4.0,1.132888899999671,-38.5,6.0,0.14,orientation,size,color,0.38,11.0,6,male,1,1304.1359603,1,19,0.0,0.0,3.0,0.0,-2.0,0.0,54.0,0.0,64.0
136,137,2.0,1.0,0.0,0.0,4.0,1.3164678000011918,-83.5,16.0,0.22,orientation,size,color,0.38,11.0,6,male,1,1304.1359603,0,19,0.0,1.0,3.0,0.0,2.0,0.0,55.0,0.0,65.0
137,138,2.0,1.0,2.0,0.0,4.0,2.7838823000001867,11.0,19.0,0.22,orientation,size,color,0.38,11.0,6,male,1,1304.1359603,1,19,0.0,2.0,3.0,0.0,-1.0,0.0,56.0,0.0,66.0
138,139,2.0,2.0,2.0,1.0,4.0,0.8997221999998146,42.5,8.0,0.14,orientation,size,color,0.38,11.0,6,male,1,1304.1359603,1,19,0.0,0.0,3.0,0.0,-1.0,0.0,57.0,0.0,67.0
139,140,2.0,2.0,2.0,1.0,4.0,0.5336026999993919,69.5,4.0,0.18,orientation,size,color,0.38,11.0,6,male,1,1304.1359603,0,19,0.0,0.0,3.0,0.0,2.0,0.0,58.0,0.0,68.0
140,141,2.0,2.0,2.0,1.0,4.0,0.549927199999729,74.0,12.0,0.3400000000000001,orientation,size,color,0.38,11.0,6,male,1,1304.1359603,0,19,0.0,0.0,3.0,0.0,0.0,0.0,59.0,0.0,69.0
141,142,2.0,2.0,0.0,0.0,4.0,1.7323401000012382,-88.0,11.0,0.26,orientation,size,color,0.38,11.0,6,male,1,1304.1359603,0,19,0.0,1.0,3.0,0.0,0.0,0.0,60.0,0.0,70.0
142,143,2.0,2.0,2.0,1.0,4.0,0.6835601000002498,69.5,8.0,0.18,orientation,size,color,0.38,11.0,6,male,1,1304.1359603,1,19,0.0,0.0,3.0,0.0,-1.0,0.0,61.0,0.0,71.0
143,144,2.0,0.0,0.0,1.0,4.0,1.4328886000002967,-79.0,20.0,0.14,orientation,size,color,0.38,11.0,6,male,1,1304.1359603,0,19,0.0,0.0,3.0,0.0,1.0,0.0,62.0,0.0,72.0
144,145,2.0,0.0,1.0,0.0,4.0,0.5677474000003713,-11.5,8.0,0.42,orientation,size,color,0.38,11.0,6,male,1,1304.1359603,0,19,0.0,1.0,3.0,0.0,0.0,0.0,63.0,0.0,73.0
145,146,2.0,2.0,3.0,0.0,4.0,1.4156545999994703,83.0,17.0,0.38,orientation,size,color,0.38,11.0,6,male,1,1304.1359603,1,19,0.0,1.0,3.0,0.0,-1.0,0.0,64.0,0.0,74.0
146,147,2.0,2.0,3.0,0.0,4.0,1.1168562000002566,74.0,3.0,0.42,orientation,size,color,0.38,11.0,6,male,1,1304.1359603,1,19,0.0,1.0,3.0,0.0,0.0,0.0,65.0,0.0,75.0
147,148,2.0,2.0,2.0,1.0,4.0,1.949395800000275,33.5,23.0,0.22,orientation,size,color,0.38,11.0,6,male,1,1304.1359603,1,19,0.0,0.0,3.0,0.0,0.0,0.0,66.0,0.0,76.0
148,149,2.0,0.0,0.0,1.0,4.0,1.733409999998912,-20.5,13.0,0.22,orientation,size,color,0.38,11.0,6,male,1,1304.1359603,0,19,0.0,0.0,3.0,0.0,1.0,0.0,67.0,0.0,77.0
149,150,2.0,0.0,0.0,1.0,4.0,0.4173396000005596,-20.5,9.0,0.3,orientation,size,color,0.38,11.0,6,male,1,1304.1359603,0,19,0.0,0.0,3.0,0.0,0.0,0.0,68.0,0.0,78.0
150,151,2.0,0.0,0.0,1.0,4.0,4.933776400001079,-88.0,10.0,0.3400000000000001,orientation,size,color,0.38,11.0,6,male,1,1304.1359603,0,19,0.0,0.0,3.0,0.0,0.0,0.0,69.0,0.0,79.0
151,152,2.0,0.0,1.0,0.0,4.0,1.216039599999931,-47.5,17.0,0.42,orientation,size,color,0.38,11.0,6,male,1,1304.1359603,0,19,0.0,1.0,3.0,0.0,0.0,0.0,70.0,0.0,80.0
152,153,2.0,2.0,3.0,0.0,4.0,1.0666187000006175,69.5,10.0,0.4600000000000001,orientation,size,color,0.38,11.0,6,male,1,1304.1359603,1,19,0.0,1.0,3.0,0.0,-1.0,0.0,71.0,0.0,81.0
153,154,2.0,0.0,1.0,0.0,4.0,2.7158693999990646,-43.0,20.0,0.38,orientation,size,color,0.38,11.0,6,male,1,1304.1359603,1,19,0.0,1.0,3.0,0.0,0.0,0.0,72.0,0.0,82.0
154,155,2.0,2.0,2.0,1.0,4.0,0.9819784999999684,47.0,7.0,0.3400000000000001,orientation,size,color,0.38,11.0,6,male,1,1304.1359603,1,19,0.0,0.0,3.0,0.0,0.0,0.0,73.0,0.0,83.0
155,156,2.0,0.0,0.0,1.0,4.0,2.5837264000001596,-83.5,0.0,0.14,orientation,size,color,0.38,11.0,6,male,1,1304.1359603,0,19,0.0,0.0,3.0,0.0,1.0,0.0,74.0,0.0,84.0
156,157,2.0,2.0,3.0,0.0,4.0,1.2841219999991154,56.0,11.0,0.42,orientation,size,color,0.38,11.0,6,male,1,1304.1359603,0,19,0.0,1.0,3.0,0.0,0.0,0.0,75.0,0.0,85.0
157,158,2.0,3.0,2.0,0.0,4.0,1.483801600001243,15.5,13.0,0.1,orientation,size,color,0.38,11.0,6,male,1,1304.1359603,1,19,0.0,1.0,3.0,0.0,-1.0,0.0,76.0,0.0,86.0
158,159,2.0,1.0,0.0,0.0,4.0,0.7502456000001985,-70.0,17.0,0.14,orientation,size,color,0.38,11.0,6,male,1,1304.1359603,1,19,0.0,1.0,3.0,0.0,0.0,0.0,77.0,0.0,87.0
159,160,2.0,0.0,1.0,0.0,4.0,5.816304100000707,-83.5,9.0,0.42,orientation,size,color,0.38,11.0,6,male,1,1304.1359603,1,19,0.0,1.0,3.0,0.0,0.0,0.0,78.0,0.0,88.0
160,161,2.0,0.0,0.0,1.0,4.0,1.3167814999997065,-34.0,5.0,0.1,orientation,size,color,0.38,11.0,6,male,1,1304.1359603,1,19,0.0,0.0,3.0,0.0,0.0,0.0,79.0,0.0,89.0
161,162,2.0,0.0,0.0,1.0,4.0,4.149381200000789,2.0,8.0,0.3400000000000001,orientation,size,color,0.38,11.0,6,male,1,1304.1359603,0,19,0.0,0.0,3.0,0.0,1.0,0.0,80.0,0.0,90.0
162,163,2.0,2.0,2.0,1.0,4.0,2.1836385000005976,24.5,1.0,0.3,orientation,size,color,0.38,11.0,6,male,1,1304.1359603,0,19,0.0,0.0,3.0,0.0,0.0,0.0,81.0,0.0,91.0
163,164,2.0,0.0,0.0,1.0,4.0,1.1007306999999855,-16.0,4.0,0.3,orientation,size,color,0.38,11.0,6,male,1,1304.1359603,0,19,0.0,0.0,3.0,0.0,0.0,0.0,82.0,0.0,92.0
164,165,2.0,2.0,3.0,0.0,4.0,0.6997862000007444,33.5,11.0,0.4600000000000001,orientation,size,color,0.38,11.0,6,male,1,1304.1359603,0,19,0.0,1.0,3.0,0.0,0.0,0.0,83.0,0.0,93.0
165,166,2.0,0.0,0.0,1.0,4.0,5.7158457999994425,-38.5,10.0,0.14,orientation,size,color,0.38,11.0,6,male,1,1304.1359603,1,19,0.0,0.0,3.0,0.0,-1.0,0.0,84.0,0.0,94.0
166,167,2.0,2.0,2.0,1.0,4.0,4.7669088000002375,33.5,12.0,0.3,orientation,size,color,0.38,11.0,6,male,1,1304.1359603,0,19,0.0,0.0,3.0,0.0,1.0,0.0,85.0,0.0,95.0
167,168,2.0,3.0,1.0,0.0,4.0,1.999469800000952,2.0,24.0,0.38,orientation,size,color,0.38,11.0,6,male,1,1304.1359603,0,19,0.0,1.0,3.0,0.0,0.0,0.0,86.0,0.0,96.0
168,169,2.0,2.0,2.0,1.0,4.0,1.767248300000574,51.5,23.0,0.22,orientation,size,color,0.38,11.0,6,male,1,1304.1359603,1,19,0.0,0.0,3.0,0.0,-1.0,0.0,87.0,0.0,97.0
169,170,2.0,2.0,2.0,1.0,4.0,0.8328530000017054,78.5,15.0,0.18,orientation,size,color,0.38,11.0,6,male,1,1304.1359603,0,19,0.0,0.0,3.0,0.0,1.0,0.0,88.0,0.0,98.0
170,171,2.0,1.0,1.0,1.0,4.0,3.9004174000001512,2.0,0.0,0.4600000000000001,orientation,size,color,0.38,11.0,6,male,1,1304.1359603,0,19,0.0,0.0,3.0,0.0,0.0,0.0,89.0,0.0,99.0
171,172,2.0,2.0,2.0,1.0,4.0,1.0002476000008755,42.5,8.0,0.3400000000000001,orientation,size,color,0.38,11.0,6,male,1,1304.1359603,0,19,0.0,0.0,3.0,0.0,0.0,0.0,90.0,0.0,100.0
172,173,2.0,2.0,3.0,0.0,4.0,0.7661441000000195,33.5,14.0,0.4600000000000001,orientation,size,color,0.38,11.0,6,male,1,1304.1359603,0,19,0.0,1.0,3.0,0.0,0.0,0.0,91.0,0.0,101.0
173,174,2.0,0.0,0.0,1.0,4.0,2.816687299999103,-16.0,7.0,0.1,orientation,size,color,0.38,11.0,6,male,1,1304.1359603,1,19,0.0,0.0,3.0,0.0,-1.0,0.0,92.0,0.0,102.0
174,175,2.0,2.0,2.0,1.0,4.0,1.2671647000006487,42.5,1.0,0.3400000000000001,orientation,size,color,0.38,11.0,6,male,1,1304.1359603,0,19,0.0,0.0,3.0,0.0,1.0,0.0,93.0,0.0,103.0
175,176,2.0,2.0,2.0,1.0,4.0,1.0166852999991534,24.5,14.0,0.22,orientation,size,color,0.38,11.0,6,male,1,1304.1359603,0,19,0.0,0.0,3.0,0.0,0.0,0.0,94.0,0.0,104.0
176,177,2.0,1.0,0.0,0.0,4.0,1.7499984000005495,-2.5,24.0,0.1,orientation,size,color,0.38,11.0,6,male,1,1304.1359603,0,19,0.0,1.0,3.0,0.0,0.0,0.0,95.0,0.0,105.0
177,178,2.0,1.0,0.0,0.0,4.0,3.031559499999275,-47.5,17.0,0.1,orientation,size,color,0.38,11.0,6,male,1,1304.1359603,1,19,0.0,1.0,3.0,0.0,-1.0,0.0,96.0,0.0,106.0
178,179,2.0,2.0,2.0,1.0,4.0,1.382795900000929,24.5,16.0,0.1,orientation,size,color,0.38,11.0,6,male,1,1304.1359603,1,19,0.0,0.0,3.0,0.0,0.0,0.0,97.0,0.0,107.0
179,180,2.0,0.0,1.0,0.0,4.0,1.7164456999998947,-16.0,16.0,0.38,orientation,size,color,0.38,11.0,6,male,1,1304.1359603,0,19,0.0,1.0,3.0,0.0,1.0,0.0,98.0,0.0,108.0
180,181,2.0,1.0,0.0,0.0,4.0,2.7495304999993095,-52.0,13.0,0.3,orientation,size,color,0.38,11.0,6,male,1,1304.1359603,1,19,0.0,1.0,3.0,0.0,-1.0,0.0,99.0,0.0,109.0
181,182,2.0,0.0,0.0,1.0,4.0,1.1999758000001748,-47.5,10.0,0.26,orientation,size,color,0.38,11.0,6,male,1,1304.1359603,1,19,0.0,0.0,3.0,0.0,0.0,0.0,100.0,0.0,110.0
182,183,2.0,0.0,1.0,0.0,4.0,0.7498012999985804,-16.0,23.0,0.38,orientation,size,color,0.38,11.0,6,male,1,1304.1359603,0,19,0.0,1.0,3.0,0.0,1.0,0.0,101.0,0.0,111.0
183,184,2.0,2.0,3.0,0.0,4.0,0.7500127000002976,42.5,11.0,0.4600000000000001,orientation,size,color,0.38,11.0,6,male,1,1304.1359603,1,19,0.0,1.0,3.0,0.0,-1.0,0.0,102.0,0.0,112.0
184,185,2.0,2.0,1.0,0.0,4.0,4.814430100001118,-2.5,6.0,0.4600000000000001,orientation,size,color,0.38,11.0,6,male,1,1304.1359603,1,19,0.0,2.0,3.0,0.0,0.0,0.0,103.0,0.0,113.0
185,186,2.0,2.0,3.0,0.0,4.0,0.7840457000002061,83.0,1.0,0.42,orientation,size,color,0.38,11.0,6,male,1,1304.1359603,1,19,0.0,1.0,3.0,0.0,-1.0,0.0,104.0,0.0,114.0
186,187,2.0,2.0,3.0,0.0,4.0,2.9840038000002096,11.0,14.0,0.38,orientation,size,color,0.38,11.0,6,male,1,1304.1359603,1,19,0.0,1.0,3.0,0.0,1.0,0.0,105.0,0.0,115.0
187,188,2.0,2.0,2.0,1.0,4.0,2.999370400000771,74.0,18.0,0.3,orientation,size,color,0.38,11.0,6,male,1,1304.1359603,1,19,0.0,0.0,3.0,0.0,0.0,0.0,106.0,0.0,116.0
188,189,2.0,2.0,2.0,1.0,4.0,1.3335323999999673,11.0,19.0,0.26,orientation,size,color,0.38,11.0,6,male,1,1304.1359603,0,19,0.0,0.0,3.0,0.0,1.0,0.0,107.0,0.0,117.0
189,190,2.0,2.0,2.0,1.0,4.0,1.1003652999988844,15.5,13.0,0.3400000000000001,orientation,size,color,0.38,11.0,6,male,1,1304.1359603,0,19,0.0,0.0,3.0,0.0,0.0,0.0,108.0,0.0,118.0
190,191,2.0,2.0,3.0,0.0,4.0,1.0997277000005852,20.0,1.0,0.4600000000000001,orientation,size,color,0.38,11.0,6,male,1,1304.1359603,0,19,0.0,1.0,3.0,0.0,0.0,0.0,109.0,0.0,119.0
191,192,2.0,2.0,3.0,0.0,4.0,0.7489673000000039,33.5,7.0,0.38,orientation,size,color,0.38,11.0,6,male,1,1304.1359603,1,19,0.0,1.0,3.0,0.0,-1.0,0.0,110.0,0.0,120.0
192,193,2.0,0.0,1.0,0.0,4.0,2.0326187999999092,-74.5,4.0,0.38,orientation,size,color,0.38,11.0,6,male,1,1304.1359603,1,19,0.0,1.0,3.0,0.0,0.0,0.0,111.0,0.0,121.0
193,194,2.0,1.0,1.0,1.0,4.0,3.1987925000012183,-38.5,12.0,0.4600000000000001,orientation,size,color,0.38,11.0,6,male,1,1304.1359603,1,19,0.0,0.0,3.0,0.0,0.0,0.0,112.0,0.0,122.0
194,195,2.0,1.0,1.0,1.0,4.0,0.6508643000015581,-43.0,16.0,0.42,orientation,size,color,0.38,11.0,6,male,1,1304.1359603,0,19,0.0,0.0,3.0,0.0,1.0,0.0,113.0,0.0,123.0
195,196,2.0,0.0,0.0,1.0,4.0,2.91594140000052,-56.5,17.0,0.18,orientation,size,color,0.38,11.0,6,male,1,1304.1359603,0,19,0.0,0.0,3.0,0.0,0.0,0.0,114.0,0.0,124.0
196,197,2.0,0.0,1.0,0.0,4.0,0.6002177999998821,-34.0,20.0,0.42,orientation,size,color,0.38,11.0,6,male,1,1304.1359603,0,19,0.0,1.0,3.0,0.0,0.0,0.0,115.0,0.0,125.0
197,198,2.0,2.0,2.0,1.0,4.0,1.0831074000016088,60.5,16.0,0.26,orientation,size,color,0.38,11.0,6,male,1,1304.1359603,1,19,0.0,0.0,3.0,0.0,-1.0,0.0,116.0,0.0,126.0
198,199,2.0,3.0,0.0,0.0,4.0,1.8012875999993412,6.5,12.0,0.22,orientation,size,color,0.38,11.0,6,male,1,1304.1359603,0,19,0.0,2.0,3.0,0.0,1.0,0.0,117.0,0.0,127.0
199,200,2.0,1.0,0.0,0.0,4.0,1.8333394000001135,-74.5,24.0,0.18,orientation,size,color,0.38,11.0,6,male,1,1304.1359603,1,19,0.0,1.0,3.0,0.0,-2.0,0.0,118.0,0.0,128.0
200,201,2.0,1.0,3.0,0.0,4.0,1.5002299000007042,69.5,17.0,0.38,orientation,size,color,0.38,11.0,6,male,1,1304.1359603,1,19,0.0,1.0,3.0,0.0,1.0,0.0,119.0,0.0,129.0
201,202,2.0,3.0,3.0,1.0,4.0,1.1822838000007323,47.0,22.0,0.38,orientation,size,color,0.38,11.0,6,male,1,1304.1359603,1,19,0.0,0.0,3.0,0.0,0.0,0.0,120.0,0.0,130.0
202,203,2.0,1.0,0.0,0.0,4.0,2.116595999999845,-2.5,16.0,0.3,orientation,size,color,0.38,11.0,6,male,1,1304.1359603,0,19,0.0,1.0,3.0,0.0,1.0,0.0,121.0,0.0,131.0
203,204,2.0,3.0,2.0,0.0,4.0,2.1502925000004325,29.0,22.0,0.26,orientation,size,color,0.38,11.0,6,male,1,1304.1359603,1,19,0.0,1.0,3.0,0.0,-1.0,0.0,122.0,0.0,132.0
204,205,2.0,2.0,3.0,0.0,4.0,2.53239990000111,29.0,19.0,0.38,orientation,size,color,0.38,11.0,6,male,1,1304.1359603,1,19,0.0,1.0,3.0,0.0,0.0,0.0,123.0,0.0,133.0
205,206,2.0,2.0,3.0,0.0,4.0,2.7494999000009557,51.5,9.0,0.4600000000000001,orientation,size,color,0.38,11.0,6,male,1,1304.1359603,1,19,0.0,1.0,3.0,0.0,0.0,0.0,124.0,0.0,134.0
206,207,2.0,0.0,0.0,1.0,4.0,3.300744099999065,-70.0,23.0,0.1,orientation,size,color,0.38,11.0,6,male,1,1304.1359603,1,19,0.0,0.0,3.0,0.0,0.0,0.0,125.0,0.0,135.0
207,208,2.0,0.0,0.0,1.0,4.0,0.8336937000003672,-56.5,3.0,0.1,orientation,size,color,0.38,11.0,6,male,1,1304.1359603,0,19,0.0,0.0,3.0,0.0,1.0,0.0,126.0,0.0,136.0
208,209,2.0,2.0,2.0,1.0,4.0,1.8012993000011193,51.5,8.0,0.1,orientation,size,color,0.38,11.0,6,male,1,1304.1359603,0,19,0.0,0.0,3.0,0.0,0.0,0.0,127.0,0.0,137.0
209,210,2.0,3.0,3.0,1.0,4.0,3.0339473000003636,38.0,23.0,0.42,orientation,size,color,0.38,11.0,6,male,1,1304.1359603,0,19,0.0,0.0,3.0,0.0,0.0,0.0,128.0,0.0,138.0
210,211,2.0,1.0,1.0,1.0,4.0,3.667460200000278,-83.5,19.0,0.38,orientation,size,color,0.38,11.0,6,male,1,1304.1359603,0,19,0.0,0.0,3.0,0.0,0.0,0.0,129.0,0.0,139.0
211,212,2.0,2.0,2.0,1.0,4.0,2.3025665000004665,20.0,4.0,0.26,orientation,size,color,0.38,11.0,6,male,1,1304.1359603,0,19,0.0,0.0,3.0,0.0,0.0,0.0,130.0,0.0,140.0
212,213,2.0,2.0,2.0,1.0,4.0,1.100343400001293,33.5,12.0,0.1,orientation,size,color,0.38,11.0,6,male,1,1304.1359603,0,19,0.0,0.0,3.0,0.0,0.0,0.0,131.0,0.0,141.0
213,214,2.0,3.0,3.0,1.0,4.0,1.3334850000010192,51.5,18.0,0.4600000000000001,orientation,size,color,0.38,11.0,6,male,1,1304.1359603,0,19,0.0,0.0,3.0,0.0,0.0,0.0,132.0,0.0,142.0
214,215,2.0,0.0,0.0,1.0,4.0,2.5327213000000484,-34.0,23.0,0.26,orientation,size,color,0.38,11.0,6,male,1,1304.1359603,0,19,0.0,0.0,3.0,0.0,0.0,0.0,133.0,0.0,143.0
215,216,2.0,3.0,0.0,0.0,4.0,2.033802199999627,6.5,7.0,0.18,orientation,size,color,0.38,11.0,6,male,1,1304.1359603,0,19,0.0,2.0,3.0,0.0,0.0,0.0,134.0,0.0,144.0
216,217,2.0,2.0,2.0,1.0,4.0,3.516730800000005,47.0,6.0,0.22,orientation,size,color,0.38,11.0,6,male,1,1304.1359603,1,19,0.0,0.0,3.0,0.0,-2.0,0.0,135.0,0.0,145.0
217,218,2.0,2.0,2.0,1.0,4.0,1.2172767000010936,47.0,17.0,0.3400000000000001,orientation,size,color,0.38,11.0,6,male,1,1304.1359603,0,19,0.0,0.0,3.0,0.0,2.0,0.0,136.0,0.0,146.0
218,219,2.0,3.0,3.0,1.0,4.0,1.166545699999915,24.5,21.0,0.4600000000000001,orientation,size,color,0.38,11.0,6,male,1,1304.1359603,0,19,0.0,0.0,3.0,0.0,0.0,0.0,137.0,0.0,147.0
219,220,2.0,2.0,2.0,1.0,4.0,2.7672705999993923,65.0,13.0,0.3,orientation,size,color,0.38,11.0,6,male,1,1304.1359603,0,19,0.0,0.0,3.0,0.0,0.0,0.0,138.0,0.0,148.0
220,221,2.0,0.0,0.0,1.0,4.0,1.7663637999994537,-56.5,8.0,0.18,orientation,size,color,0.38,11.0,6,male,1,1304.1359603,0,19,0.0,0.0,3.0,0.0,0.0,0.0,139.0,0.0,149.0
221,222,2.0,2.0,2.0,1.0,4.0,1.282613900000797,47.0,10.0,0.18,orientation,size,color,0.38,11.0,6,male,1,1304.1359603,0,19,0.0,0.0,3.0,0.0,0.0,0.0,140.0,0.0,150.0
222,223,2.0,1.0,0.0,0.0,4.0,3.0175183000010293,-83.5,20.0,0.3,orientation,size,color,0.38,11.0,6,male,1,1304.1359603,0,19,0.0,1.0,3.0,0.0,0.0,0.0,141.0,0.0,151.0
223,224,2.0,0.0,0.0,1.0,4.0,1.9329124999985652,-25.0,1.0,0.18,orientation,size,color,0.38,11.0,6,male,1,1304.1359603,1,19,0.0,0.0,3.0,0.0,-1.0,0.0,142.0,0.0,152.0
224,225,2.0,0.0,0.0,1.0,4.0,0.5673380000007455,-38.5,8.0,0.22,orientation,size,color,0.38,11.0,6,male,1,1304.1359603,0,19,0.0,0.0,3.0,0.0,1.0,0.0,143.0,0.0,153.0
225,226,2.0,3.0,3.0,1.0,4.0,1.2178010000006907,33.5,18.0,0.42,orientation,size,color,0.38,11.0,6,male,1,1304.1359603,0,19,0.0,0.0,3.0,0.0,0.0,0.0,144.0,0.0,154.0
226,227,2.0,2.0,2.0,1.0,4.0,2.2175740000002406,83.0,10.0,0.3400000000000001,orientation,size,color,0.38,11.0,6,male,1,1304.1359603,0,19,0.0,0.0,3.0,0.0,0.0,0.0,145.0,0.0,155.0
227,228,2.0,1.0,1.0,1.0,4.0,3.4500445000012405,-25.0,10.0,0.38,orientation,size,color,0.38,11.0,6,male,1,1304.1359603,0,19,0.0,0.0,3.0,0.0,0.0,0.0,146.0,0.0,156.0
228,229,2.0,2.0,2.0,1.0,4.0,2.0176418000010017,56.0,21.0,0.1,orientation,size,color,0.38,11.0,6,male,1,1304.1359603,0,19,0.0,0.0,3.0,0.0,0.0,0.0,147.0,0.0,157.0
229,230,2.0,1.0,0.0,0.0,4.0,1.2163409000004322,-79.0,19.0,0.14,orientation,size,color,0.38,11.0,6,male,1,1304.1359603,0,19,0.0,1.0,3.0,0.0,0.0,0.0,148.0,0.0,158.0
230,231,2.0,3.0,3.0,1.0,4.0,2.0661054000011063,51.5,0.0,0.42,orientation,size,color,0.38,11.0,6,male,1,1304.1359603,1,19,0.0,0.0,3.0,0.0,-1.0,0.0,149.0,0.0,159.0
231,232,2.0,1.0,1.0,1.0,4.0,1.916218700000172,-16.0,12.0,0.4600000000000001,orientation,size,color,0.38,11.0,6,male,1,1304.1359603,0,19,0.0,0.0,3.0,0.0,1.0,0.0,150.0,0.0,160.0
232,233,2.0,0.0,0.0,1.0,4.0,1.350304600000527,-43.0,12.0,0.3400000000000001,orientation,size,color,0.38,11.0,6,male,1,1304.1359603,0,19,0.0,0.0,3.0,0.0,0.0,0.0,151.0,0.0,161.0
233,234,2.0,0.0,0.0,1.0,4.0,1.482991999999285,-25.0,22.0,0.26,orientation,size,color,0.38,11.0,6,male,1,1304.1359603,0,19,0.0,0.0,3.0,0.0,0.0,0.0,152.0,0.0,162.0
234,235,2.0,0.0,0.0,1.0,4.0,1.0510243999997329,-56.5,1.0,0.1,orientation,size,color,0.38,11.0,6,male,1,1304.1359603,0,19,0.0,0.0,3.0,0.0,0.0,0.0,153.0,0.0,163.0
235,236,2.0,0.0,0.0,1.0,4.0,1.0847731999983807,-47.5,5.0,0.26,orientation,size,color,0.38,11.0,6,male,1,1304.1359603,0,19,0.0,0.0,3.0,0.0,0.0,0.0,154.0,0.0,164.0
236,237,2.0,2.0,2.0,1.0,4.0,4.333258700000442,83.0,13.0,0.1,orientation,size,color,0.38,11.0,6,male,1,1304.1359603,0,19,0.0,0.0,3.0,0.0,0.0,0.0,155.0,0.0,165.0
237,238,2.0,2.0,2.0,1.0,4.0,0.8003305000002001,65.0,24.0,0.22,orientation,size,color,0.38,11.0,6,male,1,1304.1359603,0,19,0.0,0.0,3.0,0.0,0.0,0.0,156.0,0.0,166.0
238,239,2.0,3.0,3.0,1.0,4.0,1.1840931000006094,65.0,21.0,0.4600000000000001,orientation,size,color,0.38,11.0,6,male,1,1304.1359603,0,19,0.0,0.0,3.0,0.0,0.0,0.0,157.0,0.0,167.0
239,240,2.0,2.0,2.0,1.0,4.0,1.7166853999988234,56.0,5.0,0.22,orientation,size,color,0.38,11.0,6,male,1,1304.1359603,0,19,0.0,0.0,3.0,0.0,0.0,0.0,158.0,0.0,168.0
240,241,3.0,4.0,2.0,0.0,8.0,7.78289229999973,-2.5,3.0,0.42,orientation,size,color,0.38,11.0,6,male,1,1304.1359603,1,19,0.0,0.0,2.0,0.0,0.0,0.0,159.0,1.0,0.0
241,242,2.0,1.0,0.0,0.0,4.0,5.866005400001086,-61.0,5.0,0.3400000000000001,orientation,size,color,0.38,11.0,6,male,1,1304.1359603,1,19,0.0,1.0,2.0,0.0,0.0,0.0,160.0,0.0,1.0
242,243,2.0,1.0,1.0,1.0,4.0,3.149936899999375,-29.5,14.0,0.4600000000000001,orientation,size,color,0.38,11.0,6,male,1,1304.1359603,1,19,0.0,0.0,2.0,0.0,-1.0,0.0,161.0,0.0,2.0
243,244,2.0,3.0,3.0,1.0,4.0,2.3510066000017105,33.5,18.0,0.42,orientation,size,color,0.38,11.0,6,male,1,1304.1359603,0,19,0.0,0.0,2.0,0.0,1.0,0.0,162.0,0.0,3.0
244,245,2.0,2.0,2.0,1.0,4.0,1.316797299999962,56.0,10.0,0.22,orientation,size,color,0.38,11.0,6,male,1,1304.1359603,0,19,0.0,0.0,2.0,0.0,0.0,0.0,163.0,0.0,4.0
245,246,2.0,2.0,0.0,0.0,4.0,6.717003300000215,-2.5,20.0,0.22,orientation,size,color,0.38,11.0,6,male,1,1304.1359603,0,19,0.0,1.0,2.0,0.0,0.0,0.0,164.0,0.0,5.0
246,247,3.0,1.0,0.0,0.0,8.0,10.531976000000212,-83.5,1.0,0.1,orientation,size,color,0.38,11.0,6,male,1,1304.1359603,1,19,0.0,1.0,1.0,0.0,0.0,0.0,165.0,1.0,0.0
247,248,3.0,6.0,6.0,1.0,8.0,4.798502300000109,15.5,4.0,0.38,orientation,size,color,0.38,11.0,6,male,1,1304.1359603,1,19,0.0,1.0,0.0,0.0,0.0,1.0,166.0,2.0,0.0
248,249,3.0,1.0,1.0,1.0,8.0,4.7333408999984385,-56.5,20.0,0.1,orientation,size,color,0.38,11.0,6,male,1,1304.1359603,0,19,0.0,1.0,0.0,0.0,0.0,1.0,167.0,3.0,0.0
249,250,3.0,4.0,4.0,1.0,8.0,5.900299599999926,33.5,9.0,0.14,orientation,size,color,0.38,11.0,6,male,1,1304.1359603,0,19,0.0,1.0,0.0,0.0,0.0,0.0,168.0,4.0,0.0
250,251,3.0,4.0,4.0,1.0,8.0,4.682954500000051,11.0,1.0,0.26,orientation,size,color,0.38,11.0,6,male,1,1304.1359603,0,19,0.0,1.0,0.0,0.0,0.0,0.0,169.0,5.0,0.0
251,252,3.0,0.0,2.0,0.0,8.0,2.3001355000014883,-20.5,5.0,0.38,orientation,size,color,0.38,11.0,6,male,1,1304.1359603,0,19,0.0,1.0,1.0,0.0,0.0,0.0,170.0,6.0,0.0
252,253,3.0,4.0,4.0,1.0,8.0,2.299166499999046,74.0,5.0,0.22,orientation,size,color,0.38,11.0,6,male,1,1304.1359603,1,19,0.0,1.0,0.0,0.0,0.0,-1.0,171.0,7.0,0.0
253,254,3.0,4.0,4.0,1.0,8.0,1.0002478000005794,42.5,11.0,0.14,orientation,size,color,0.38,11.0,6,male,1,1304.1359603,0,19,0.0,1.0,0.0,0.0,0.0,1.0,172.0,8.0,0.0
254,255,3.0,6.0,6.0,1.0,8.0,2.034442299998773,42.5,4.0,0.38,orientation,size,color,0.38,11.0,6,male,1,1304.1359603,0,19,0.0,1.0,0.0,0.0,0.0,0.0,173.0,9.0,0.0
255,256,3.0,5.0,5.0,1.0,8.0,2.09997359999943,33.5,24.0,0.1,orientation,size,color,0.38,11.0,6,male,1,1304.1359603,0,19,0.0,1.0,0.0,0.0,0.0,0.0,174.0,10.0,0.0
256,257,3.0,0.0,0.0,1.0,8.0,2.766381100000217,-16.0,3.0,0.18,orientation,size,color,0.38,11.0,6,male,1,1304.1359603,0,19,0.0,1.0,0.0,0.0,0.0,0.0,175.0,11.0,0.0
257,258,3.0,5.0,5.0,1.0,8.0,3.4339931000013166,20.0,14.0,0.3,orientation,size,color,0.38,11.0,6,male,1,1304.1359603,0,19,0.0,1.0,0.0,0.0,0.0,0.0,176.0,12.0,0.0
258,259,3.0,4.0,4.0,1.0,8.0,1.667022600000564,74.0,9.0,0.1,orientation,size,color,0.38,11.0,6,male,1,1304.1359603,0,19,0.0,1.0,0.0,0.0,0.0,0.0,177.0,13.0,0.0
259,260,3.0,0.0,0.0,1.0,8.0,10.383800899999189,-38.5,6.0,0.26,orientation,size,color,0.38,11.0,6,male,1,1304.1359603,0,19,0.0,1.0,0.0,0.0,0.0,0.0,178.0,14.0,0.0
260,261,3.0,0.0,0.0,1.0,8.0,1.2508557999990444,-56.5,8.0,0.18,orientation,size,color,0.38,11.0,6,male,1,1304.1359603,0,19,0.0,1.0,0.0,0.0,0.0,0.0,179.0,15.0,0.0
261,262,3.0,3.0,3.0,1.0,8.0,2.684263400000418,-61.0,20.0,0.4600000000000001,orientation,size,color,0.38,11.0,6,male,1,1304.1359603,0,19,0.0,1.0,0.0,0.0,0.0,0.0,180.0,16.0,0.0
262,263,3.0,0.0,0.0,1.0,8.0,3.949153900000965,-79.0,5.0,0.22,orientation,size,color,0.38,11.0,6,male,1,1304.1359603,1,19,0.0,1.0,0.0,0.0,0.0,0.0,181.0,17.0,0.0
263,264,3.0,5.0,5.0,1.0,8.0,1.9332257000005484,83.0,19.0,0.1,orientation,size,color,0.38,11.0,6,male,1,1304.1359603,0,19,0.0,1.0,0.0,0.0,0.0,0.0,182.0,18.0,0.0
264,265,3.0,0.0,0.0,1.0,8.0,1.7670496000009734,-29.5,6.0,0.18,orientation,size,color,0.38,11.0,6,male,1,1304.1359603,0,19,0.0,1.0,0.0,0.0,0.0,0.0,183.0,19.0,0.0
265,266,3.0,1.0,1.0,1.0,8.0,2.0500441000003775,-34.0,23.0,0.1,orientation,size,color,0.38,11.0,6,male,1,1304.1359603,0,19,0.0,1.0,0.0,0.0,0.0,0.0,184.0,20.0,0.0
266,267,3.0,2.0,2.0,1.0,8.0,4.834042499998759,-2.5,4.0,0.4600000000000001,orientation,size,color,0.38,11.0,6,male,1,1304.1359603,0,19,0.0,1.0,0.0,0.0,0.0,0.0,185.0,21.0,0.0
267,268,3.0,1.0,1.0,1.0,8.0,2.766779499999757,-38.5,21.0,0.26,orientation,size,color,0.38,11.0,6,male,1,1304.1359603,0,19,0.0,1.0,0.0,0.0,0.0,0.0,186.0,22.0,0.0
268,269,3.0,4.0,4.0,1.0,8.0,1.9665282999994815,15.5,6.0,0.18,orientation,size,color,0.38,11.0,6,male,1,1304.1359603,0,19,0.0,1.0,0.0,0.0,0.0,0.0,187.0,23.0,0.0
269,270,3.0,1.0,1.0,1.0,8.0,2.867475800001557,-88.0,17.0,0.18,orientation,size,color,0.38,11.0,6,male,1,1304.1359603,0,19,0.0,1.0,0.0,0.0,0.0,0.0,188.0,24.0,0.0
270,271,3.0,1.0,1.0,1.0,8.0,1.800747399998727,-56.5,24.0,0.26,orientation,size,color,0.38,11.0,6,male,1,1304.1359603,0,19,0.0,1.0,0.0,0.0,0.0,0.0,189.0,25.0,0.0
271,272,3.0,2.0,2.0,1.0,8.0,2.1172162999991997,-29.5,9.0,0.42,orientation,size,color,0.38,11.0,6,male,1,1304.1359603,0,19,0.0,1.0,0.0,0.0,0.0,0.0,190.0,26.0,0.0
272,273,3.0,2.0,2.0,1.0,8.0,3.5005272999987938,-74.5,11.0,0.42,orientation,size,color,0.38,11.0,6,male,1,1304.1359603,1,19,0.0,1.0,0.0,0.0,0.0,0.0,191.0,27.0,0.0
273,274,3.0,0.0,0.0,1.0,8.0,1.032742800000051,-47.5,12.0,0.18,orientation,size,color,0.38,11.0,6,male,1,1304.1359603,0,19,0.0,1.0,0.0,0.0,0.0,0.0,192.0,28.0,0.0
274,275,3.0,5.0,1.0,0.0,8.0,3.350540199999159,2.0,17.0,0.26,orientation,size,color,0.38,11.0,6,male,1,1304.1359603,0,19,0.0,1.0,1.0,0.0,0.0,0.0,193.0,29.0,0.0
275,276,1.0,0.0,0.0,1.0,2.0,2.875375099998564,-38.5,18.0,0.38,orientation,size,color,0.38,11.0,6,male,1,1304.1359603,1,19,0.0,1.0,1.0,0.0,0.0,0.0,0.0,30.0,1.0
276,277,1.0,1.0,1.0,1.0,2.0,0.7174228000003495,20.0,12.0,0.3400000000000001,orientation,size,color,0.38,11.0,6,male,1,1304.1359603,0,19,0.0,1.0,1.0,0.0,0.0,0.0,0.0,31.0,2.0
277,278,1.0,0.0,0.0,1.0,2.0,1.367511299999023,-88.0,4.0,0.3400000000000001,orientation,size,color,0.38,11.0,6,male,1,1304.1359603,0,19,0.0,1.0,1.0,0.0,0.0,0.0,0.0,32.0,3.0
278,279,1.0,0.0,0.0,1.0,2.0,1.066576999999597,-11.5,5.0,0.14,orientation,size,color,0.38,11.0,6,male,1,1304.1359603,0,19,0.0,1.0,1.0,0.0,0.0,0.0,0.0,33.0,4.0
279,280,1.0,0.0,0.0,1.0,2.0,0.8174046000003727,-61.0,17.0,0.38,orientation,size,color,0.38,11.0,6,male,1,1304.1359603,0,19,0.0,1.0,1.0,0.0,0.0,0.0,0.0,34.0,5.0
280,281,1.0,0.0,0.0,1.0,2.0,0.7341470999999729,-11.5,16.0,0.3400000000000001,orientation,size,color,0.38,11.0,6,male,1,1304.1359603,0,19,0.0,1.0,1.0,0.0,0.0,0.0,0.0,35.0,6.0
281,282,1.0,1.0,1.0,1.0,2.0,1.0838342999995805,38.0,14.0,0.42,orientation,size,color,0.38,11.0,6,male,1,1304.1359603,0,19,0.0,1.0,1.0,0.0,0.0,0.0,0.0,36.0,7.0
282,283,1.0,0.0,0.0,1.0,2.0,0.9339010999992752,-20.5,2.0,0.3400000000000001,orientation,size,color,0.38,11.0,6,male,1,1304.1359603,0,19,0.0,1.0,1.0,0.0,0.0,0.0,0.0,37.0,8.0
283,284,1.0,1.0,0.0,0.0,2.0,1.465651299999081,2.0,5.0,0.22,orientation,size,color,0.38,11.0,6,male,1,1304.1359603,0,19,1.0,1.0,1.0,0.0,0.0,0.0,0.0,38.0,9.0
