,Trial_number,Chosen_castle,Chosen_location,Correct_location,Accuracy,Number_of_doors,RT,Current_orientation,Current_color,Current_size,First_feature,Second_feature,Third_feature,Participant_size,Participant_orientation,Participant_number,Participant_gender,Early_exit,Training_time,Meta_trial,Participant_age,PE_1,PE_2,PE_3,LP_1,LP_2,LP_3,Nov_1,Nov_2,Nov_3
0,1,2.0,2.0,0.0,0.0,4.0,5.269649299999969,-56.5,4.0,0.1,size,color,orientation,0.38,-2.5,17,male,1,2216.672188,1,24,0.0,0.0,0.0,0.0,0.0,0.0,99.0,0.0,99.0
1,2,2.0,0.0,0.0,1.0,4.0,1.5823469000000046,-11.5,5.0,0.26,size,color,orientation,0.38,-2.5,17,male,1,2216.672188,1,24,0.0,0.0,0.0,0.0,0.0,0.0,100.0,0.0,100.0
2,3,2.0,3.0,0.0,0.0,4.0,10.266322599999969,-74.5,7.0,0.3400000000000001,size,color,orientation,0.38,-2.5,17,male,1,2216.672188,0,24,0.0,2.0,0.0,0.0,0.0,0.0,101.0,0.0,101.0
3,4,2.0,0.0,1.0,0.0,4.0,5.633295499999974,-74.5,18.0,0.14,size,color,orientation,0.38,-2.5,17,male,1,2216.672188,1,24,0.0,1.0,0.0,0.0,-2.0,0.0,102.0,0.0,102.0
4,5,2.0,0.0,0.0,1.0,4.0,10.21613739999998,-25.0,9.0,0.3400000000000001,size,color,orientation,0.38,-2.5,17,male,1,2216.672188,1,24,0.0,0.0,0.0,0.0,1.0,0.0,103.0,0.0,103.0
5,6,2.0,3.0,2.0,0.0,4.0,3.867354299999988,60.5,0.0,0.38,size,color,orientation,0.38,-2.5,17,male,1,2216.672188,0,24,0.0,1.0,0.0,0.0,1.0,0.0,104.0,0.0,104.0
6,7,2.0,3.0,1.0,0.0,4.0,2.3998421999999664,29.0,20.0,0.14,size,color,orientation,0.38,-2.5,17,male,1,2216.672188,1,24,0.0,1.0,0.0,0.0,-1.0,0.0,105.0,0.0,105.0
7,8,2.0,3.0,1.0,0.0,4.0,3.9322085000000015,-43.0,16.0,0.18,size,color,orientation,0.38,-2.5,17,male,1,2216.672188,1,24,0.0,1.0,0.0,0.0,0.0,0.0,106.0,0.0,106.0
8,9,2.0,3.0,1.0,0.0,4.0,17.14979360000001,47.0,23.0,0.18,size,color,orientation,0.38,-2.5,17,male,1,2216.672188,1,24,0.0,1.0,0.0,0.0,0.0,0.0,107.0,0.0,107.0
9,10,1.0,0.0,0.0,1.0,2.0,11.078496799999982,-56.5,16.0,0.3400000000000001,size,color,orientation,0.38,-2.5,17,male,1,2216.672188,1,24,0.0,1.0,0.0,0.0,0.0,0.0,0.0,1.0,108.0
10,11,1.0,0.0,0.0,1.0,2.0,1.984260099999972,-29.5,5.0,0.22,size,color,orientation,0.38,-2.5,17,male,1,2216.672188,0,24,0.0,1.0,0.0,0.0,0.0,0.0,0.0,2.0,109.0
11,12,1.0,1.0,0.0,0.0,2.0,2.417481500000008,-47.5,18.0,0.3400000000000001,size,color,orientation,0.38,-2.5,17,male,1,2216.672188,0,24,1.0,1.0,0.0,0.0,0.0,0.0,0.0,3.0,110.0
12,13,1.0,0.0,0.0,1.0,2.0,1.012294699999984,-11.5,8.0,0.18,size,color,orientation,0.38,-2.5,17,male,1,2216.672188,1,24,0.0,1.0,0.0,-1.0,0.0,0.0,0.0,4.0,111.0
13,14,1.0,1.0,1.0,1.0,2.0,1.4329397999999856,29.0,15.0,0.4600000000000001,size,color,orientation,0.38,-2.5,17,male,1,2216.672188,0,24,0.0,1.0,0.0,1.0,0.0,0.0,0.0,5.0,112.0
14,15,1.0,0.0,0.0,1.0,2.0,1.0501692999999932,-52.0,10.0,0.18,size,color,orientation,0.38,-2.5,17,male,1,2216.672188,0,24,0.0,1.0,0.0,0.0,0.0,0.0,0.0,6.0,113.0
15,16,1.0,0.0,0.0,1.0,2.0,1.5499373999999762,-88.0,1.0,0.1,size,color,orientation,0.38,-2.5,17,male,1,2216.672188,0,24,0.0,1.0,0.0,0.0,0.0,0.0,0.0,7.0,114.0
16,17,1.0,1.0,0.0,0.0,2.0,1.2836770000000115,15.5,21.0,0.3,size,color,orientation,0.38,-2.5,17,male,1,2216.672188,0,24,1.0,1.0,0.0,0.0,0.0,0.0,0.0,8.0,115.0
17,18,1.0,0.0,0.0,1.0,2.0,2.2462266,-79.0,2.0,0.22,size,color,orientation,0.38,-2.5,17,male,1,2216.672188,1,24,0.0,1.0,0.0,-1.0,0.0,0.0,0.0,9.0,116.0
18,19,1.0,1.0,0.0,0.0,2.0,2.1672545999999784,15.5,14.0,0.22,size,color,orientation,0.38,-2.5,17,male,1,2216.672188,0,24,1.0,1.0,0.0,1.0,0.0,0.0,0.0,10.0,117.0
19,20,1.0,0.0,0.0,1.0,2.0,3.0130282999999736,83.0,18.0,0.26,size,color,orientation,0.38,-2.5,17,male,1,2216.672188,1,24,0.0,1.0,0.0,-1.0,0.0,0.0,0.0,11.0,118.0
20,21,1.0,0.0,1.0,0.0,2.0,1.6830635999999686,65.0,18.0,0.42,size,color,orientation,0.38,-2.5,17,male,1,2216.672188,0,24,1.0,1.0,0.0,1.0,0.0,0.0,0.0,12.0,119.0
21,22,1.0,1.0,1.0,1.0,2.0,1.5454586999999833,42.5,17.0,0.38,size,color,orientation,0.38,-2.5,17,male,1,2216.672188,1,24,0.0,1.0,0.0,-1.0,0.0,0.0,0.0,13.0,120.0
22,23,1.0,0.0,0.0,1.0,2.0,2.1336830999999847,-7.0,10.0,0.18,size,color,orientation,0.38,-2.5,17,male,1,2216.672188,0,24,0.0,1.0,0.0,1.0,0.0,0.0,0.0,14.0,121.0
23,24,1.0,1.0,1.0,1.0,2.0,2.1338669000000436,60.5,8.0,0.38,size,color,orientation,0.38,-2.5,17,male,1,2216.672188,0,24,0.0,1.0,0.0,0.0,0.0,0.0,0.0,15.0,122.0
24,25,1.0,0.0,0.0,1.0,2.0,1.8333138000000415,-79.0,7.0,0.3,size,color,orientation,0.38,-2.5,17,male,1,2216.672188,0,24,0.0,1.0,0.0,0.0,0.0,0.0,0.0,16.0,123.0
25,26,1.0,1.0,0.0,0.0,2.0,1.3834086999999613,20.0,22.0,0.3400000000000001,size,color,orientation,0.38,-2.5,17,male,1,2216.672188,0,24,1.0,1.0,0.0,0.0,0.0,0.0,0.0,17.0,124.0
26,27,1.0,0.0,1.0,0.0,2.0,1.0108291000000236,-79.0,13.0,0.4600000000000001,size,color,orientation,0.38,-2.5,17,male,1,2216.672188,1,24,1.0,1.0,0.0,-1.0,0.0,0.0,0.0,18.0,125.0
27,28,1.0,0.0,0.0,1.0,2.0,1.2958078999999998,-43.0,1.0,0.3400000000000001,size,color,orientation,0.38,-2.5,17,male,1,2216.672188,1,24,0.0,1.0,0.0,0.0,0.0,0.0,0.0,19.0,126.0
28,29,1.0,1.0,0.0,0.0,2.0,1.4173410999999874,51.5,20.0,0.3400000000000001,size,color,orientation,0.38,-2.5,17,male,1,2216.672188,0,24,1.0,1.0,0.0,1.0,0.0,0.0,0.0,20.0,127.0
29,30,3.0,1.0,0.0,0.0,8.0,4.982893699999977,-16.0,5.0,0.3400000000000001,size,color,orientation,0.38,-2.5,17,male,1,2216.672188,1,24,1.0,1.0,1.0,1.0,0.0,0.0,1.0,21.0,0.0
30,31,1.0,1.0,0.0,0.0,2.0,11.64510269999994,6.5,10.0,0.22,size,color,orientation,0.38,-2.5,17,male,1,2216.672188,1,24,1.0,1.0,1.0,0.0,0.0,0.0,0.0,22.0,1.0
31,32,1.0,0.0,1.0,0.0,2.0,4.594378500000062,-25.0,6.0,0.38,size,color,orientation,0.38,-2.5,17,male,1,2216.672188,1,24,1.0,1.0,1.0,0.0,0.0,0.0,0.0,23.0,2.0
32,33,1.0,1.0,0.0,0.0,2.0,3.1457143000000087,11.0,11.0,0.18,size,color,orientation,0.38,-2.5,17,male,1,2216.672188,1,24,1.0,1.0,1.0,0.0,0.0,0.0,0.0,24.0,3.0
33,34,1.0,0.0,1.0,0.0,2.0,4.496351600000025,60.5,1.0,0.4600000000000001,size,color,orientation,0.38,-2.5,17,male,1,2216.672188,1,24,1.0,1.0,1.0,0.0,0.0,0.0,0.0,25.0,4.0
34,35,1.0,0.0,0.0,1.0,2.0,3.028130199999964,-47.5,13.0,0.22,size,color,orientation,0.38,-2.5,17,male,1,2216.672188,1,24,0.0,1.0,1.0,0.0,0.0,0.0,0.0,26.0,5.0
35,36,1.0,0.0,1.0,0.0,2.0,6.900769799999921,11.0,7.0,0.42,size,color,orientation,0.38,-2.5,17,male,1,2216.672188,0,24,1.0,1.0,1.0,1.0,0.0,0.0,0.0,27.0,6.0
36,37,1.0,1.0,0.0,0.0,2.0,4.01305769999999,38.0,17.0,0.26,size,color,orientation,0.38,-2.5,17,male,1,2216.672188,1,24,1.0,1.0,1.0,-1.0,0.0,0.0,0.0,28.0,7.0
37,38,1.0,0.0,1.0,0.0,2.0,2.1792580000000044,56.0,0.0,0.4600000000000001,size,color,orientation,0.38,-2.5,17,male,1,2216.672188,1,24,1.0,1.0,1.0,0.0,0.0,0.0,0.0,29.0,8.0
38,39,1.0,1.0,1.0,1.0,2.0,11.361491999999998,83.0,24.0,0.4600000000000001,size,color,orientation,0.38,-2.5,17,male,1,2216.672188,1,24,0.0,1.0,1.0,0.0,0.0,0.0,0.0,30.0,9.0
39,40,1.0,0.0,0.0,1.0,2.0,4.184320200000002,87.5,5.0,0.18,size,color,orientation,0.38,-2.5,17,male,1,2216.672188,0,24,0.0,1.0,1.0,1.0,0.0,0.0,0.0,31.0,10.0
40,41,1.0,1.0,1.0,1.0,2.0,2.58277570000007,56.0,11.0,0.38,size,color,orientation,0.38,-2.5,17,male,1,2216.672188,0,24,0.0,1.0,1.0,0.0,0.0,0.0,0.0,32.0,11.0
41,42,1.0,1.0,0.0,0.0,2.0,1.7338251999999557,-65.5,10.0,0.14,size,color,orientation,0.38,-2.5,17,male,1,2216.672188,0,24,1.0,1.0,1.0,0.0,0.0,0.0,0.0,33.0,12.0
42,43,1.0,1.0,1.0,1.0,2.0,9.9447768,-16.0,8.0,0.42,size,color,orientation,0.38,-2.5,17,male,1,2216.672188,1,24,0.0,1.0,1.0,-1.0,0.0,0.0,0.0,34.0,13.0
43,44,1.0,1.0,1.0,1.0,2.0,1.766204600000037,74.0,20.0,0.38,size,color,orientation,0.38,-2.5,17,male,1,2216.672188,0,24,0.0,1.0,1.0,1.0,0.0,0.0,0.0,35.0,14.0
44,45,1.0,0.0,0.0,1.0,2.0,4.033422700000074,-88.0,5.0,0.22,size,color,orientation,0.38,-2.5,17,male,1,2216.672188,0,24,0.0,1.0,1.0,0.0,0.0,0.0,0.0,36.0,15.0
45,46,1.0,1.0,1.0,1.0,2.0,2.5002130999999963,65.0,9.0,0.38,size,color,orientation,0.38,-2.5,17,male,1,2216.672188,0,24,0.0,1.0,1.0,0.0,0.0,0.0,0.0,37.0,16.0
46,47,1.0,1.0,0.0,0.0,2.0,2.116171799999961,78.5,3.0,0.26,size,color,orientation,0.38,-2.5,17,male,1,2216.672188,0,24,1.0,1.0,1.0,0.0,0.0,0.0,0.0,38.0,17.0
47,48,1.0,1.0,1.0,1.0,2.0,12.180045999999948,6.5,24.0,0.4600000000000001,size,color,orientation,0.38,-2.5,17,male,1,2216.672188,1,24,0.0,1.0,1.0,-1.0,0.0,0.0,0.0,39.0,18.0
48,49,1.0,0.0,0.0,1.0,2.0,12.033710000000042,38.0,7.0,0.14,size,color,orientation,0.38,-2.5,17,male,1,2216.672188,0,24,0.0,1.0,1.0,1.0,0.0,0.0,0.0,40.0,19.0
49,50,1.0,0.0,1.0,0.0,2.0,15.80144359999997,2.0,8.0,0.38,size,color,orientation,0.38,-2.5,17,male,1,2216.672188,0,24,1.0,1.0,1.0,0.0,0.0,0.0,0.0,41.0,20.0
50,51,1.0,0.0,0.0,1.0,2.0,9.396504899999968,15.5,24.0,0.1,size,color,orientation,0.38,-2.5,17,male,1,2216.672188,1,24,0.0,1.0,1.0,-1.0,0.0,0.0,0.0,42.0,21.0
51,52,1.0,0.0,0.0,1.0,2.0,5.000382800000011,-7.0,14.0,0.26,size,color,orientation,0.38,-2.5,17,male,1,2216.672188,0,24,0.0,1.0,1.0,1.0,0.0,0.0,0.0,43.0,22.0
52,53,1.0,0.0,1.0,0.0,2.0,10.383279499999958,38.0,12.0,0.38,size,color,orientation,0.38,-2.5,17,male,1,2216.672188,0,24,1.0,1.0,1.0,0.0,0.0,0.0,0.0,44.0,23.0
53,54,1.0,1.0,0.0,0.0,2.0,3.129300300000068,38.0,20.0,0.22,size,color,orientation,0.38,-2.5,17,male,1,2216.672188,1,24,1.0,1.0,1.0,-1.0,0.0,0.0,0.0,45.0,24.0
54,55,1.0,1.0,1.0,1.0,2.0,22.81046260000005,38.0,12.0,0.38,size,color,orientation,0.38,-2.5,17,male,1,2216.672188,1,24,0.0,1.0,1.0,0.0,0.0,0.0,0.0,46.0,25.0
55,56,1.0,1.0,1.0,1.0,2.0,5.117840500000057,69.5,9.0,0.4600000000000001,size,color,orientation,0.38,-2.5,17,male,1,2216.672188,0,24,0.0,1.0,1.0,1.0,0.0,0.0,0.0,47.0,26.0
56,57,1.0,1.0,1.0,1.0,2.0,2.949960600000054,78.5,3.0,0.38,size,color,orientation,0.38,-2.5,17,male,1,2216.672188,0,24,0.0,1.0,1.0,0.0,0.0,0.0,0.0,48.0,27.0
57,58,1.0,1.0,0.0,0.0,2.0,4.618191999999908,15.5,7.0,0.3,size,color,orientation,0.38,-2.5,17,male,1,2216.672188,0,24,1.0,1.0,1.0,0.0,0.0,0.0,0.0,49.0,28.0
58,59,1.0,1.0,0.0,0.0,2.0,4.768037000000049,-70.0,4.0,0.22,size,color,orientation,0.38,-2.5,17,male,1,2216.672188,1,24,1.0,1.0,1.0,-1.0,0.0,0.0,0.0,50.0,29.0
59,60,1.0,1.0,0.0,0.0,2.0,7.622772599999962,69.5,8.0,0.18,size,color,orientation,0.38,-2.5,17,male,1,2216.672188,1,24,1.0,1.0,1.0,0.0,0.0,0.0,0.0,51.0,30.0
60,61,1.0,1.0,0.0,0.0,2.0,6.459552799999983,65.0,15.0,0.1,size,color,orientation,0.38,-2.5,17,male,1,2216.672188,1,24,1.0,1.0,1.0,0.0,0.0,0.0,0.0,52.0,31.0
61,62,1.0,1.0,0.0,0.0,2.0,3.6448160999999577,69.5,8.0,0.26,size,color,orientation,0.38,-2.5,17,male,1,2216.672188,1,24,1.0,1.0,1.0,0.0,0.0,0.0,0.0,53.0,32.0
62,63,1.0,1.0,1.0,1.0,2.0,6.1611659000000145,-34.0,20.0,0.38,size,color,orientation,0.38,-2.5,17,male,1,2216.672188,1,24,0.0,1.0,1.0,0.0,0.0,0.0,0.0,54.0,33.0
63,64,1.0,1.0,1.0,1.0,2.0,9.150807299999997,-74.5,19.0,0.38,size,color,orientation,0.38,-2.5,17,male,1,2216.672188,0,24,0.0,1.0,1.0,1.0,0.0,0.0,0.0,55.0,34.0
64,65,1.0,1.0,1.0,1.0,2.0,5.28349060000005,6.5,12.0,0.42,size,color,orientation,0.38,-2.5,17,male,1,2216.672188,0,24,0.0,1.0,1.0,0.0,0.0,0.0,0.0,56.0,35.0
65,66,1.0,1.0,0.0,0.0,2.0,4.766671599999995,-88.0,10.0,0.3,size,color,orientation,0.38,-2.5,17,male,1,2216.672188,0,24,1.0,1.0,1.0,0.0,0.0,0.0,0.0,57.0,36.0
66,67,1.0,0.0,0.0,1.0,2.0,20.224222300000065,87.5,20.0,0.3,size,color,orientation,0.38,-2.5,17,male,1,2216.672188,1,24,0.0,1.0,1.0,-1.0,0.0,0.0,0.0,58.0,37.0
67,68,1.0,0.0,0.0,1.0,2.0,4.5844458999999915,-88.0,20.0,0.18,size,color,orientation,0.38,-2.5,17,male,1,2216.672188,0,24,0.0,1.0,1.0,1.0,0.0,0.0,0.0,59.0,38.0
68,69,1.0,1.0,1.0,1.0,2.0,4.617614800000069,-16.0,14.0,0.4600000000000001,size,color,orientation,0.38,-2.5,17,male,1,2216.672188,0,24,0.0,1.0,1.0,0.0,0.0,0.0,0.0,60.0,39.0
69,70,1.0,1.0,0.0,0.0,2.0,4.100581899999952,-79.0,4.0,0.3,size,color,orientation,0.38,-2.5,17,male,1,2216.672188,0,24,1.0,1.0,1.0,0.0,0.0,0.0,0.0,61.0,40.0
70,71,1.0,0.0,0.0,1.0,2.0,38.02471099999991,42.5,5.0,0.22,size,color,orientation,0.38,-2.5,17,male,1,2216.672188,1,24,0.0,1.0,1.0,-1.0,0.0,0.0,0.0,62.0,41.0
71,72,1.0,1.0,0.0,0.0,2.0,9.650682699999948,-2.5,3.0,0.18,size,color,orientation,0.38,-2.5,17,male,1,2216.672188,0,24,1.0,1.0,1.0,1.0,0.0,0.0,0.0,63.0,42.0
72,73,1.0,1.0,0.0,0.0,2.0,15.04407230000004,51.5,21.0,0.26,size,color,orientation,0.38,-2.5,17,male,1,2216.672188,1,24,1.0,1.0,1.0,-1.0,0.0,0.0,0.0,64.0,43.0
73,74,1.0,0.0,0.0,1.0,2.0,18.64863809999997,-52.0,11.0,0.26,size,color,orientation,0.38,-2.5,17,male,1,2216.672188,1,24,0.0,1.0,1.0,0.0,0.0,0.0,0.0,65.0,44.0
74,75,1.0,1.0,0.0,0.0,2.0,7.516840199999933,-11.5,22.0,0.3400000000000001,size,color,orientation,0.38,-2.5,17,male,1,2216.672188,0,24,1.0,1.0,1.0,1.0,0.0,0.0,0.0,66.0,45.0
75,76,1.0,0.0,0.0,1.0,2.0,8.162155999999868,-34.0,0.0,0.14,size,color,orientation,0.38,-2.5,17,male,1,2216.672188,1,24,0.0,1.0,1.0,-1.0,0.0,0.0,0.0,67.0,46.0
76,77,1.0,1.0,1.0,1.0,2.0,8.01792660000001,87.5,8.0,0.42,size,color,orientation,0.38,-2.5,17,male,1,2216.672188,0,24,0.0,1.0,1.0,1.0,0.0,0.0,0.0,68.0,47.0
77,78,1.0,0.0,0.0,1.0,2.0,3.183500100000174,15.5,7.0,0.18,size,color,orientation,0.38,-2.5,17,male,1,2216.672188,0,24,0.0,1.0,1.0,0.0,0.0,0.0,0.0,69.0,48.0
78,79,1.0,0.0,0.0,1.0,2.0,1.182478299999957,-11.5,4.0,0.18,size,color,orientation,0.38,-2.5,17,male,1,2216.672188,0,24,0.0,1.0,1.0,0.0,0.0,0.0,0.0,70.0,49.0
79,80,1.0,1.0,0.0,0.0,2.0,5.6335239,74.0,18.0,0.26,size,color,orientation,0.38,-2.5,17,male,1,2216.672188,0,24,1.0,1.0,1.0,0.0,0.0,0.0,0.0,71.0,50.0
80,81,1.0,0.0,0.0,1.0,2.0,1.4939202000000478,-47.5,19.0,0.14,size,color,orientation,0.38,-2.5,17,male,1,2216.672188,1,24,0.0,1.0,1.0,-1.0,0.0,0.0,0.0,72.0,51.0
81,82,1.0,1.0,0.0,0.0,2.0,1.749778699999979,51.5,7.0,0.3,size,color,orientation,0.38,-2.5,17,male,1,2216.672188,0,24,1.0,1.0,1.0,1.0,0.0,0.0,0.0,73.0,52.0
82,83,1.0,0.0,0.0,1.0,2.0,1.1070871000001716,42.5,9.0,0.14,size,color,orientation,0.38,-2.5,17,male,1,2216.672188,1,24,0.0,1.0,1.0,-1.0,0.0,0.0,0.0,74.0,53.0
83,84,1.0,1.0,1.0,1.0,2.0,1.467419800000016,-2.5,10.0,0.38,size,color,orientation,0.38,-2.5,17,male,1,2216.672188,0,24,0.0,1.0,1.0,1.0,0.0,0.0,0.0,75.0,54.0
84,85,1.0,1.0,1.0,1.0,2.0,1.8334769999999023,87.5,9.0,0.42,size,color,orientation,0.38,-2.5,17,male,1,2216.672188,0,24,0.0,1.0,1.0,0.0,0.0,0.0,0.0,76.0,55.0
85,86,1.0,0.0,0.0,1.0,2.0,1.4333626000000097,83.0,13.0,0.18,size,color,orientation,0.38,-2.5,17,male,1,2216.672188,0,24,0.0,1.0,1.0,0.0,0.0,0.0,0.0,77.0,56.0
86,87,1.0,1.0,1.0,1.0,2.0,1.3660933999999545,38.0,5.0,0.42,size,color,orientation,0.38,-2.5,17,male,1,2216.672188,0,24,0.0,1.0,1.0,0.0,0.0,0.0,0.0,78.0,57.0
87,88,1.0,1.0,1.0,1.0,2.0,0.884412999999995,-25.0,21.0,0.4600000000000001,size,color,orientation,0.38,-2.5,17,male,1,2216.672188,0,24,0.0,1.0,1.0,0.0,0.0,0.0,0.0,79.0,58.0
88,89,1.0,1.0,1.0,1.0,2.0,5.433986000000004,74.0,23.0,0.38,size,color,orientation,0.38,-2.5,17,male,1,2216.672188,0,24,0.0,1.0,1.0,0.0,0.0,0.0,0.0,80.0,59.0
89,90,1.0,1.0,1.0,1.0,2.0,2.783798700000034,83.0,24.0,0.38,size,color,orientation,0.38,-2.5,17,male,1,2216.672188,0,24,0.0,1.0,1.0,0.0,0.0,0.0,0.0,81.0,60.0
90,91,1.0,0.0,0.0,1.0,2.0,1.5833364999998594,-61.0,12.0,0.22,size,color,orientation,0.38,-2.5,17,male,1,2216.672188,0,24,0.0,1.0,1.0,0.0,0.0,0.0,0.0,82.0,61.0
91,92,1.0,0.0,0.0,1.0,2.0,11.466504900000018,65.0,20.0,0.18,size,color,orientation,0.38,-2.5,17,male,1,2216.672188,0,24,0.0,1.0,1.0,0.0,0.0,0.0,0.0,83.0,62.0
92,93,1.0,1.0,0.0,0.0,2.0,7.958408100000042,-29.5,7.0,0.3400000000000001,size,color,orientation,0.38,-2.5,17,male,1,2216.672188,1,24,1.0,1.0,1.0,0.0,0.0,0.0,0.0,84.0,63.0
93,94,2.0,3.0,1.0,0.0,4.0,10.383753599999864,11.0,20.0,0.3,size,color,orientation,0.38,-2.5,17,male,1,2216.672188,1,24,1.0,1.0,1.0,0.0,0.0,0.0,1.0,0.0,64.0
94,95,2.0,0.0,1.0,0.0,4.0,4.442150999999967,38.0,16.0,0.26,size,color,orientation,0.38,-2.5,17,male,1,2216.672188,1,24,1.0,1.0,1.0,0.0,0.0,0.0,2.0,0.0,65.0
95,96,2.0,1.0,1.0,1.0,4.0,5.849638999999797,-70.0,18.0,0.26,size,color,orientation,0.38,-2.5,17,male,1,2216.672188,1,24,1.0,0.0,1.0,0.0,0.0,0.0,3.0,0.0,66.0
96,97,2.0,1.0,1.0,1.0,4.0,1.4669243999999253,-29.5,24.0,0.26,size,color,orientation,0.38,-2.5,17,male,1,2216.672188,0,24,1.0,0.0,1.0,0.0,1.0,0.0,4.0,0.0,67.0
97,98,2.0,2.0,2.0,1.0,4.0,2.917326600000024,6.5,5.0,0.42,size,color,orientation,0.38,-2.5,17,male,1,2216.672188,0,24,1.0,0.0,1.0,0.0,0.0,0.0,5.0,0.0,68.0
98,99,2.0,2.0,0.0,0.0,4.0,3.615940000000137,74.0,8.0,0.3400000000000001,size,color,orientation,0.38,-2.5,17,male,1,2216.672188,0,24,1.0,1.0,1.0,0.0,0.0,0.0,6.0,0.0,69.0
99,100,2.0,0.0,2.0,0.0,4.0,1.500013899999885,69.5,3.0,0.42,size,color,orientation,0.38,-2.5,17,male,1,2216.672188,1,24,1.0,1.0,1.0,0.0,-1.0,0.0,7.0,0.0,70.0
100,101,2.0,3.0,1.0,0.0,4.0,1.184032200000047,-2.5,17.0,0.14,size,color,orientation,0.38,-2.5,17,male,1,2216.672188,1,24,1.0,1.0,1.0,0.0,0.0,0.0,8.0,0.0,71.0
101,102,2.0,2.0,0.0,0.0,4.0,4.81632239999999,-34.0,11.0,0.3400000000000001,size,color,orientation,0.38,-2.5,17,male,1,2216.672188,1,24,1.0,1.0,1.0,0.0,0.0,0.0,9.0,0.0,72.0
102,103,2.0,2.0,0.0,0.0,4.0,2.366589700000077,-7.0,12.0,0.1,size,color,orientation,0.38,-2.5,17,male,1,2216.672188,1,24,1.0,1.0,1.0,0.0,0.0,0.0,10.0,0.0,73.0
103,104,2.0,1.0,3.0,0.0,4.0,1.9328573999998753,-38.5,22.0,0.38,size,color,orientation,0.38,-2.5,17,male,1,2216.672188,1,24,1.0,1.0,1.0,0.0,0.0,0.0,11.0,0.0,74.0
104,105,2.0,0.0,0.0,1.0,4.0,2.1340571999999156,-11.5,8.0,0.1,size,color,orientation,0.38,-2.5,17,male,1,2216.672188,1,24,1.0,0.0,1.0,0.0,0.0,0.0,12.0,0.0,75.0
105,106,2.0,1.0,1.0,1.0,4.0,5.7177963000001455,29.0,15.0,0.3,size,color,orientation,0.38,-2.5,17,male,1,2216.672188,0,24,1.0,0.0,1.0,0.0,1.0,0.0,13.0,0.0,76.0
106,107,2.0,3.0,3.0,1.0,4.0,2.783407699999998,-34.0,24.0,0.4600000000000001,size,color,orientation,0.38,-2.5,17,male,1,2216.672188,0,24,1.0,0.0,1.0,0.0,0.0,0.0,14.0,0.0,77.0
107,108,2.0,1.0,1.0,1.0,4.0,3.466758099999879,-79.0,19.0,0.22,size,color,orientation,0.38,-2.5,17,male,1,2216.672188,0,24,1.0,0.0,1.0,0.0,0.0,0.0,15.0,0.0,78.0
108,109,2.0,3.0,1.0,0.0,4.0,3.0674860999999964,51.5,14.0,0.22,size,color,orientation,0.38,-2.5,17,male,1,2216.672188,0,24,1.0,1.0,1.0,0.0,0.0,0.0,16.0,0.0,79.0
109,110,2.0,1.0,1.0,1.0,4.0,1.1663994999998977,60.5,14.0,0.18,size,color,orientation,0.38,-2.5,17,male,1,2216.672188,1,24,1.0,0.0,1.0,0.0,-1.0,0.0,17.0,0.0,80.0
110,111,2.0,3.0,3.0,1.0,4.0,3.3994328999999652,-7.0,18.0,0.38,size,color,orientation,0.38,-2.5,17,male,1,2216.672188,0,24,1.0,0.0,1.0,0.0,1.0,0.0,18.0,0.0,81.0
111,112,2.0,2.0,0.0,0.0,4.0,3.367554700000028,38.0,11.0,0.14,size,color,orientation,0.38,-2.5,17,male,1,2216.672188,0,24,1.0,1.0,1.0,0.0,0.0,0.0,19.0,0.0,82.0
112,113,2.0,2.0,0.0,0.0,4.0,1.5501140999999734,-25.0,11.0,0.3400000000000001,size,color,orientation,0.38,-2.5,17,male,1,2216.672188,1,24,1.0,1.0,1.0,0.0,-1.0,0.0,20.0,0.0,83.0
113,114,2.0,1.0,3.0,0.0,4.0,2.367660399999977,-7.0,16.0,0.38,size,color,orientation,0.38,-2.5,17,male,1,2216.672188,1,24,1.0,1.0,1.0,0.0,0.0,0.0,21.0,0.0,84.0
114,115,2.0,0.0,2.0,0.0,4.0,2.632109700000001,42.5,1.0,0.4600000000000001,size,color,orientation,0.38,-2.5,17,male,1,2216.672188,1,24,1.0,1.0,1.0,0.0,0.0,0.0,22.0,0.0,85.0
115,116,2.0,2.0,2.0,1.0,4.0,1.5330079000000296,-79.0,1.0,0.4600000000000001,size,color,orientation,0.38,-2.5,17,male,1,2216.672188,1,24,1.0,0.0,1.0,0.0,0.0,0.0,23.0,0.0,86.0
116,117,2.0,2.0,2.0,1.0,4.0,1.6509500000001935,6.5,5.0,0.4600000000000001,size,color,orientation,0.38,-2.5,17,male,1,2216.672188,0,24,1.0,0.0,1.0,0.0,1.0,0.0,24.0,0.0,87.0
117,118,2.0,3.0,1.0,0.0,4.0,4.567006800000172,33.5,24.0,0.22,size,color,orientation,0.38,-2.5,17,male,1,2216.672188,0,24,1.0,1.0,1.0,0.0,0.0,0.0,25.0,0.0,88.0
118,119,2.0,1.0,1.0,1.0,4.0,2.4657615000000987,-25.0,19.0,0.3400000000000001,size,color,orientation,0.38,-2.5,17,male,1,2216.672188,1,24,1.0,0.0,1.0,0.0,-1.0,0.0,26.0,0.0,89.0
119,120,2.0,1.0,3.0,0.0,4.0,1.451385799999798,78.5,18.0,0.4600000000000001,size,color,orientation,0.38,-2.5,17,male,1,2216.672188,0,24,1.0,1.0,1.0,0.0,1.0,0.0,27.0,0.0,90.0
120,121,2.0,0.0,0.0,1.0,4.0,2.950368600000047,33.5,10.0,0.3400000000000001,size,color,orientation,0.38,-2.5,17,male,1,2216.672188,1,24,1.0,0.0,1.0,0.0,-1.0,0.0,28.0,0.0,91.0
121,122,2.0,0.0,2.0,0.0,4.0,1.8502876999998537,-2.5,5.0,0.4600000000000001,size,color,orientation,0.38,-2.5,17,male,1,2216.672188,0,24,1.0,1.0,1.0,0.0,1.0,0.0,29.0,0.0,92.0
122,123,2.0,1.0,1.0,1.0,4.0,2.5808735000000524,60.5,16.0,0.22,size,color,orientation,0.38,-2.5,17,male,1,2216.672188,1,24,1.0,0.0,1.0,0.0,-1.0,0.0,30.0,0.0,93.0
123,124,2.0,1.0,1.0,1.0,4.0,2.6675067999999555,83.0,20.0,0.26,size,color,orientation,0.38,-2.5,17,male,1,2216.672188,0,24,1.0,0.0,1.0,0.0,1.0,0.0,31.0,0.0,94.0
124,125,2.0,2.0,0.0,0.0,4.0,4.966860099999849,-16.0,1.0,0.3400000000000001,size,color,orientation,0.38,-2.5,17,male,1,2216.672188,0,24,1.0,1.0,1.0,0.0,0.0,0.0,32.0,0.0,95.0
125,126,2.0,0.0,0.0,1.0,4.0,5.382944799999905,-56.5,10.0,0.22,size,color,orientation,0.38,-2.5,17,male,1,2216.672188,1,24,1.0,0.0,1.0,0.0,-1.0,0.0,33.0,0.0,96.0
126,127,2.0,0.0,2.0,0.0,4.0,7.31673950000004,-34.0,9.0,0.42,size,color,orientation,0.38,-2.5,17,male,1,2216.672188,0,24,1.0,1.0,1.0,0.0,1.0,0.0,34.0,0.0,97.0
127,128,2.0,0.0,0.0,1.0,4.0,14.249488800000108,-34.0,6.0,0.3400000000000001,size,color,orientation,0.38,-2.5,17,male,1,2216.672188,1,24,1.0,0.0,1.0,0.0,-1.0,0.0,35.0,0.0,98.0
128,129,2.0,1.0,1.0,1.0,4.0,10.734424900000022,-43.0,16.0,0.3,size,color,orientation,0.38,-2.5,17,male,1,2216.672188,0,24,1.0,0.0,1.0,0.0,1.0,0.0,36.0,0.0,99.0
129,130,2.0,1.0,3.0,0.0,4.0,2.434187999999949,-88.0,15.0,0.38,size,color,orientation,0.38,-2.5,17,male,1,2216.672188,0,24,1.0,1.0,1.0,0.0,0.0,0.0,37.0,0.0,100.0
130,131,2.0,2.0,0.0,0.0,4.0,1.6005481000001964,-16.0,10.0,0.14,size,color,orientation,0.38,-2.5,17,male,1,2216.672188,1,24,1.0,1.0,1.0,0.0,-1.0,0.0,38.0,0.0,101.0
131,132,1.0,1.0,0.0,0.0,2.0,3.16843300000005,-11.5,18.0,0.1,size,color,orientation,0.38,-2.5,17,male,1,2216.672188,1,24,1.0,1.0,1.0,0.0,-1.0,0.0,0.0,1.0,102.0
132,133,1.0,0.0,1.0,0.0,2.0,4.578094899999996,-52.0,9.0,0.42,size,color,orientation,0.38,-2.5,17,male,1,2216.672188,1,24,1.0,1.0,1.0,0.0,-1.0,0.0,0.0,2.0,103.0
133,134,1.0,1.0,1.0,1.0,2.0,1.357080200000155,-70.0,4.0,0.38,size,color,orientation,0.38,-2.5,17,male,1,2216.672188,1,24,0.0,1.0,1.0,0.0,-1.0,0.0,0.0,3.0,104.0
134,135,1.0,0.0,0.0,1.0,2.0,0.9832871000000978,-34.0,15.0,0.14,size,color,orientation,0.38,-2.5,17,male,1,2216.672188,0,24,0.0,1.0,1.0,1.0,-1.0,0.0,0.0,4.0,105.0
135,136,1.0,0.0,0.0,1.0,2.0,0.8342114000001857,42.5,19.0,0.14,size,color,orientation,0.38,-2.5,17,male,1,2216.672188,0,24,0.0,1.0,1.0,0.0,-1.0,0.0,0.0,5.0,106.0
136,137,1.0,1.0,1.0,1.0,2.0,1.417187100000092,-65.5,9.0,0.38,size,color,orientation,0.38,-2.5,17,male,1,2216.672188,0,24,0.0,1.0,1.0,0.0,-1.0,0.0,0.0,6.0,107.0
137,138,1.0,1.0,1.0,1.0,2.0,1.4008645000001252,24.5,15.0,0.4600000000000001,size,color,orientation,0.38,-2.5,17,male,1,2216.672188,0,24,0.0,1.0,1.0,0.0,-1.0,0.0,0.0,7.0,108.0
138,139,1.0,0.0,0.0,1.0,2.0,1.3330803999999716,-38.5,9.0,0.18,size,color,orientation,0.38,-2.5,17,male,1,2216.672188,0,24,0.0,1.0,1.0,0.0,-1.0,0.0,0.0,8.0,109.0
139,140,1.0,0.0,0.0,1.0,2.0,2.4164680999999746,60.5,1.0,0.1,size,color,orientation,0.38,-2.5,17,male,1,2216.672188,0,24,0.0,1.0,1.0,0.0,-1.0,0.0,0.0,9.0,110.0
140,141,1.0,0.0,0.0,1.0,2.0,0.7836843999998564,65.0,6.0,0.14,size,color,orientation,0.38,-2.5,17,male,1,2216.672188,0,24,0.0,1.0,1.0,0.0,-1.0,0.0,0.0,10.0,111.0
141,142,1.0,0.0,0.0,1.0,2.0,0.516300400000091,60.5,17.0,0.1,size,color,orientation,0.38,-2.5,17,male,1,2216.672188,0,24,0.0,1.0,1.0,0.0,-1.0,0.0,0.0,11.0,112.0
142,143,1.0,1.0,0.0,0.0,2.0,1.5841073999999935,33.5,2.0,0.3,size,color,orientation,0.38,-2.5,17,male,1,2216.672188,0,24,1.0,1.0,1.0,0.0,-1.0,0.0,0.0,12.0,113.0
143,144,1.0,1.0,0.0,0.0,2.0,1.2895043000000896,-52.0,17.0,0.3,size,color,orientation,0.38,-2.5,17,male,1,2216.672188,1,24,1.0,1.0,1.0,-1.0,-1.0,0.0,0.0,13.0,114.0
144,145,1.0,0.0,0.0,1.0,2.0,0.8742383000001155,-11.5,2.0,0.1,size,color,orientation,0.38,-2.5,17,male,1,2216.672188,1,24,0.0,1.0,1.0,0.0,-1.0,0.0,0.0,14.0,115.0
145,146,1.0,1.0,1.0,1.0,2.0,0.8828512999998566,-11.5,4.0,0.42,size,color,orientation,0.38,-2.5,17,male,1,2216.672188,0,24,0.0,1.0,1.0,1.0,-1.0,0.0,0.0,15.0,116.0
146,147,1.0,0.0,0.0,1.0,2.0,0.8328504000000976,6.5,21.0,0.18,size,color,orientation,0.38,-2.5,17,male,1,2216.672188,0,24,0.0,1.0,1.0,0.0,-1.0,0.0,0.0,16.0,117.0
147,148,1.0,1.0,1.0,1.0,2.0,7.333827400000018,65.0,20.0,0.42,size,color,orientation,0.38,-2.5,17,male,1,2216.672188,0,24,0.0,1.0,1.0,0.0,-1.0,0.0,0.0,17.0,118.0
148,149,1.0,0.0,0.0,1.0,2.0,12.88311490000001,42.5,10.0,0.26,size,color,orientation,0.38,-2.5,17,male,1,2216.672188,0,24,0.0,1.0,1.0,0.0,-1.0,0.0,0.0,18.0,119.0
149,150,1.0,0.0,0.0,1.0,2.0,1.1180779000001166,47.0,13.0,0.1,size,color,orientation,0.38,-2.5,17,male,1,2216.672188,0,24,0.0,1.0,1.0,0.0,-1.0,0.0,0.0,19.0,120.0
150,151,1.0,0.0,0.0,1.0,2.0,2.58394149999981,-47.5,3.0,0.26,size,color,orientation,0.38,-2.5,17,male,1,2216.672188,0,24,0.0,1.0,1.0,0.0,-1.0,0.0,0.0,20.0,121.0
151,152,1.0,1.0,1.0,1.0,2.0,1.4668656999999712,-61.0,1.0,0.42,size,color,orientation,0.38,-2.5,17,male,1,2216.672188,0,24,0.0,1.0,1.0,0.0,-1.0,0.0,0.0,21.0,122.0
152,153,1.0,1.0,1.0,1.0,2.0,1.9172303999998803,47.0,11.0,0.42,size,color,orientation,0.38,-2.5,17,male,1,2216.672188,0,24,0.0,1.0,1.0,0.0,-1.0,0.0,0.0,22.0,123.0
153,154,1.0,0.0,0.0,1.0,2.0,3.917215599999963,-16.0,17.0,0.22,size,color,orientation,0.38,-2.5,17,male,1,2216.672188,0,24,0.0,1.0,1.0,0.0,-1.0,0.0,0.0,23.0,124.0
154,155,2.0,1.0,1.0,1.0,4.0,3.816790299999866,74.0,23.0,0.18,size,color,orientation,0.38,-2.5,17,male,1,2216.672188,1,24,0.0,0.0,1.0,0.0,0.0,0.0,1.0,0.0,125.0
155,156,2.0,1.0,1.0,1.0,4.0,3.966999600000008,29.0,23.0,0.3,size,color,orientation,0.38,-2.5,17,male,1,2216.672188,0,24,0.0,0.0,1.0,0.0,1.0,0.0,2.0,0.0,126.0
156,157,2.0,1.0,1.0,1.0,4.0,0.9673276000000895,-74.5,15.0,0.14,size,color,orientation,0.38,-2.5,17,male,1,2216.672188,0,24,0.0,0.0,1.0,0.0,0.0,0.0,3.0,0.0,127.0
157,158,2.0,0.0,0.0,1.0,4.0,9.183574500000075,-74.5,11.0,0.3400000000000001,size,color,orientation,0.38,-2.5,17,male,1,2216.672188,0,24,0.0,0.0,1.0,0.0,0.0,0.0,4.0,0.0,128.0
158,159,2.0,1.0,1.0,1.0,4.0,2.8503103000000465,65.0,15.0,0.3,size,color,orientation,0.38,-2.5,17,male,1,2216.672188,0,24,0.0,0.0,1.0,0.0,0.0,0.0,5.0,0.0,129.0
159,160,2.0,1.0,1.0,1.0,4.0,1.117513499999859,-16.0,19.0,0.14,size,color,orientation,0.38,-2.5,17,male,1,2216.672188,0,24,0.0,0.0,1.0,0.0,0.0,0.0,6.0,0.0,130.0
160,161,2.0,1.0,1.0,1.0,4.0,2.68344379999985,-25.0,23.0,0.26,size,color,orientation,0.38,-2.5,17,male,1,2216.672188,0,24,0.0,0.0,1.0,0.0,0.0,0.0,7.0,0.0,131.0
161,162,2.0,2.0,0.0,0.0,4.0,3.783365200000162,-65.5,8.0,0.1,size,color,orientation,0.38,-2.5,17,male,1,2216.672188,0,24,0.0,1.0,1.0,0.0,0.0,0.0,8.0,0.0,132.0
162,163,2.0,2.0,2.0,1.0,4.0,2.0343920999998772,65.0,12.0,0.38,size,color,orientation,0.38,-2.5,17,male,1,2216.672188,1,24,0.0,0.0,1.0,0.0,-1.0,0.0,9.0,0.0,133.0
163,164,2.0,0.0,0.0,1.0,4.0,2.0992771999999604,-79.0,5.0,0.1,size,color,orientation,0.38,-2.5,17,male,1,2216.672188,0,24,0.0,0.0,1.0,0.0,1.0,0.0,10.0,0.0,134.0
164,165,2.0,1.0,1.0,1.0,4.0,4.299589699999842,24.5,14.0,0.22,size,color,orientation,0.38,-2.5,17,male,1,2216.672188,0,24,0.0,0.0,1.0,0.0,0.0,0.0,11.0,0.0,135.0
165,166,2.0,1.0,1.0,1.0,4.0,1.733765700000049,-7.0,18.0,0.14,size,color,orientation,0.38,-2.5,17,male,1,2216.672188,0,24,0.0,0.0,1.0,0.0,0.0,0.0,12.0,0.0,136.0
166,167,2.0,0.0,0.0,1.0,4.0,5.333342500000072,69.5,1.0,0.26,size,color,orientation,0.38,-2.5,17,male,1,2216.672188,0,24,0.0,0.0,1.0,0.0,0.0,0.0,13.0,0.0,137.0
167,168,2.0,0.0,0.0,1.0,4.0,1.8837418999999045,-7.0,11.0,0.26,size,color,orientation,0.38,-2.5,17,male,1,2216.672188,0,24,0.0,0.0,1.0,0.0,0.0,0.0,14.0,0.0,138.0
168,169,2.0,1.0,1.0,1.0,4.0,2.1498498999999356,-43.0,14.0,0.1,size,color,orientation,0.38,-2.5,17,male,1,2216.672188,0,24,0.0,0.0,1.0,0.0,0.0,0.0,15.0,0.0,139.0
169,170,2.0,3.0,2.0,0.0,4.0,3.216475599999967,60.5,4.0,0.4600000000000001,size,color,orientation,0.38,-2.5,17,male,1,2216.672188,0,24,0.0,1.0,1.0,0.0,0.0,0.0,16.0,0.0,140.0
170,171,2.0,3.0,3.0,1.0,4.0,1.732699400000001,-88.0,21.0,0.38,size,color,orientation,0.38,-2.5,17,male,1,2216.672188,1,24,0.0,0.0,1.0,0.0,-1.0,0.0,17.0,0.0,141.0
171,172,2.0,1.0,0.0,0.0,4.0,14.616313600000012,74.0,8.0,0.3,size,color,orientation,0.38,-2.5,17,male,1,2216.672188,0,24,0.0,1.0,1.0,0.0,1.0,0.0,18.0,0.0,142.0
172,173,2.0,0.0,0.0,1.0,4.0,1.8338339000001724,-83.5,5.0,0.18,size,color,orientation,0.38,-2.5,17,male,1,2216.672188,1,24,0.0,0.0,1.0,0.0,-1.0,0.0,19.0,0.0,143.0
173,174,2.0,0.0,0.0,1.0,4.0,2.467097599999988,-74.5,0.0,0.18,size,color,orientation,0.38,-2.5,17,male,1,2216.672188,0,24,0.0,0.0,1.0,0.0,1.0,0.0,20.0,0.0,144.0
174,175,2.0,2.0,2.0,1.0,4.0,4.649621199999956,15.5,11.0,0.38,size,color,orientation,0.38,-2.5,17,male,1,2216.672188,0,24,0.0,0.0,1.0,0.0,0.0,0.0,21.0,0.0,145.0
175,176,2.0,2.0,2.0,1.0,4.0,2.6669377000000623,-43.0,5.0,0.38,size,color,orientation,0.38,-2.5,17,male,1,2216.672188,0,24,0.0,0.0,1.0,0.0,0.0,0.0,22.0,0.0,146.0
176,177,2.0,0.0,0.0,1.0,4.0,5.283573899999965,47.0,8.0,0.26,size,color,orientation,0.38,-2.5,17,male,1,2216.672188,0,24,0.0,0.0,1.0,0.0,0.0,0.0,23.0,0.0,147.0
177,178,2.0,0.0,0.0,1.0,4.0,5.833482600000025,-70.0,1.0,0.22,size,color,orientation,0.38,-2.5,17,male,1,2216.672188,0,24,0.0,0.0,1.0,0.0,0.0,0.0,24.0,0.0,148.0
178,179,2.0,3.0,1.0,0.0,4.0,3.234172400000034,-43.0,23.0,0.3400000000000001,size,color,orientation,0.38,-2.5,17,male,1,2216.672188,0,24,0.0,1.0,1.0,0.0,0.0,0.0,25.0,0.0,149.0
179,180,2.0,3.0,1.0,0.0,4.0,6.632924000000003,-38.5,19.0,0.3,size,color,orientation,0.38,-2.5,17,male,1,2216.672188,1,24,0.0,1.0,1.0,0.0,-1.0,0.0,26.0,0.0,150.0
180,181,2.0,0.0,0.0,1.0,4.0,2.033577300000161,20.0,4.0,0.26,size,color,orientation,0.38,-2.5,17,male,1,2216.672188,1,24,0.0,0.0,1.0,0.0,0.0,0.0,27.0,0.0,151.0
181,182,2.0,0.0,0.0,1.0,4.0,1.4680303000000094,-29.5,0.0,0.1,size,color,orientation,0.38,-2.5,17,male,1,2216.672188,0,24,0.0,0.0,1.0,0.0,1.0,0.0,28.0,0.0,152.0
182,183,2.0,2.0,2.0,1.0,4.0,3.850100999999995,38.0,7.0,0.4600000000000001,size,color,orientation,0.38,-2.5,17,male,1,2216.672188,0,24,0.0,0.0,1.0,0.0,0.0,0.0,29.0,0.0,153.0
183,184,2.0,0.0,0.0,1.0,4.0,4.883448400000134,29.0,3.0,0.26,size,color,orientation,0.38,-2.5,17,male,1,2216.672188,0,24,0.0,0.0,1.0,0.0,0.0,0.0,30.0,0.0,154.0
184,185,2.0,0.0,0.0,1.0,4.0,2.916764899999862,42.5,7.0,0.26,size,color,orientation,0.38,-2.5,17,male,1,2216.672188,0,24,0.0,0.0,1.0,0.0,0.0,0.0,31.0,0.0,155.0
185,186,2.0,3.0,3.0,1.0,4.0,2.883647299999893,69.5,22.0,0.42,size,color,orientation,0.38,-2.5,17,male,1,2216.672188,0,24,0.0,0.0,1.0,0.0,0.0,0.0,32.0,0.0,156.0
186,187,2.0,0.0,0.0,1.0,4.0,4.332888700000012,-2.5,1.0,0.3,size,color,orientation,0.38,-2.5,17,male,1,2216.672188,0,24,0.0,0.0,1.0,0.0,0.0,0.0,33.0,0.0,157.0
187,188,2.0,0.0,0.0,1.0,4.0,2.6161247000000003,38.0,7.0,0.22,size,color,orientation,0.38,-2.5,17,male,1,2216.672188,0,24,0.0,0.0,1.0,0.0,0.0,0.0,34.0,0.0,158.0
188,189,2.0,3.0,3.0,1.0,4.0,3.4999477999999726,-56.5,24.0,0.4600000000000001,size,color,orientation,0.38,-2.5,17,male,1,2216.672188,0,24,0.0,0.0,1.0,0.0,0.0,0.0,35.0,0.0,159.0
189,190,2.0,3.0,3.0,1.0,4.0,2.88405089999992,56.0,17.0,0.38,size,color,orientation,0.38,-2.5,17,male,1,2216.672188,0,24,0.0,0.0,1.0,0.0,0.0,0.0,36.0,0.0,160.0
190,191,3.0,0.0,2.0,0.0,8.0,23.165991400000166,-88.0,19.0,0.26,size,color,orientation,0.38,-2.5,17,male,1,2216.672188,1,24,0.0,0.0,1.0,0.0,0.0,0.0,37.0,1.0,0.0
191,192,3.0,5.0,6.0,0.0,8.0,6.799731999999949,-79.0,14.0,0.4600000000000001,size,color,orientation,0.38,-2.5,17,male,1,2216.672188,1,24,0.0,0.0,2.0,0.0,0.0,0.0,38.0,2.0,0.0
192,193,3.0,2.0,2.0,1.0,8.0,4.316324500000064,-20.5,22.0,0.3,size,color,orientation,0.38,-2.5,17,male,1,2216.672188,1,24,0.0,0.0,0.0,0.0,0.0,-1.0,39.0,3.0,0.0
193,194,3.0,3.0,0.0,0.0,8.0,5.632632699999931,-29.5,0.0,0.3,size,color,orientation,0.38,-2.5,17,male,1,2216.672188,0,24,0.0,0.0,2.0,0.0,0.0,2.0,40.0,4.0,0.0
194,195,3.0,0.0,1.0,0.0,8.0,2.7495390000001407,42.5,10.0,0.3400000000000001,size,color,orientation,0.38,-2.5,17,male,1,2216.672188,1,24,0.0,0.0,1.0,0.0,0.0,-2.0,41.0,5.0,0.0
195,196,3.0,1.0,4.0,0.0,8.0,1.8335455999999797,-70.0,6.0,0.42,size,color,orientation,0.38,-2.5,17,male,1,2216.672188,1,24,0.0,0.0,2.0,0.0,0.0,1.0,42.0,6.0,0.0
196,197,3.0,2.0,2.0,1.0,8.0,4.766039899999896,-61.0,15.0,0.26,size,color,orientation,0.38,-2.5,17,male,1,2216.672188,1,24,0.0,0.0,0.0,0.0,0.0,-1.0,43.0,7.0,0.0
197,198,3.0,2.0,2.0,1.0,8.0,1.2999736999997822,-29.5,16.0,0.26,size,color,orientation,0.38,-2.5,17,male,1,2216.672188,0,24,0.0,0.0,0.0,0.0,0.0,2.0,44.0,8.0,0.0
198,199,3.0,0.0,0.0,1.0,8.0,6.067616699999917,-43.0,6.0,0.26,size,color,orientation,0.38,-2.5,17,male,1,2216.672188,0,24,0.0,0.0,0.0,0.0,0.0,0.0,45.0,9.0,0.0
199,200,3.0,0.0,0.0,1.0,8.0,1.9833678999998483,-20.5,7.0,0.14,size,color,orientation,0.38,-2.5,17,male,1,2216.672188,0,24,0.0,0.0,0.0,0.0,0.0,0.0,46.0,10.0,0.0
200,201,3.0,0.0,1.0,0.0,8.0,1.6668216000000484,74.0,8.0,0.14,size,color,orientation,0.38,-2.5,17,male,1,2216.672188,0,24,0.0,0.0,1.0,0.0,0.0,0.0,47.0,11.0,0.0
201,202,3.0,0.0,0.0,1.0,8.0,9.882193499999858,-74.5,5.0,0.22,size,color,orientation,0.38,-2.5,17,male,1,2216.672188,1,24,0.0,0.0,0.0,0.0,0.0,-1.0,48.0,12.0,0.0
202,203,3.0,3.0,4.0,0.0,8.0,1.800610900000038,-47.5,0.0,0.42,size,color,orientation,0.38,-2.5,17,male,1,2216.672188,0,24,0.0,0.0,3.0,0.0,0.0,1.0,49.0,13.0,0.0
203,204,2.0,0.0,0.0,1.0,4.0,2.0834133999999267,11.0,4.0,0.26,size,color,orientation,0.38,-2.5,17,male,1,2216.672188,1,24,0.0,0.0,3.0,0.0,0.0,1.0,50.0,0.0,1.0
204,205,2.0,2.0,0.0,0.0,4.0,3.2004934000001413,-65.5,5.0,0.3400000000000001,size,color,orientation,0.38,-2.5,17,male,1,2216.672188,0,24,0.0,1.0,3.0,0.0,0.0,1.0,51.0,0.0,2.0
205,206,2.0,0.0,0.0,1.0,4.0,1.3499931999999717,78.5,12.0,0.22,size,color,orientation,0.38,-2.5,17,male,1,2216.672188,1,24,0.0,0.0,3.0,0.0,-1.0,1.0,52.0,0.0,3.0
206,207,2.0,3.0,3.0,1.0,4.0,1.9341031999999816,-74.5,16.0,0.4600000000000001,size,color,orientation,0.38,-2.5,17,male,1,2216.672188,0,24,0.0,0.0,3.0,0.0,1.0,1.0,53.0,0.0,4.0
207,208,2.0,3.0,1.0,0.0,4.0,2.800090799999907,2.0,14.0,0.3,size,color,orientation,0.38,-2.5,17,male,1,2216.672188,0,24,0.0,1.0,3.0,0.0,0.0,1.0,54.0,0.0,5.0
208,209,2.0,0.0,1.0,0.0,4.0,1.2163370000000668,29.0,19.0,0.1,size,color,orientation,0.38,-2.5,17,male,1,2216.672188,1,24,0.0,1.0,3.0,0.0,-1.0,1.0,55.0,0.0,6.0
209,210,2.0,1.0,1.0,1.0,4.0,0.9834106000000702,38.0,19.0,0.18,size,color,orientation,0.38,-2.5,17,male,1,2216.672188,1,24,0.0,0.0,3.0,0.0,0.0,1.0,56.0,0.0,7.0
210,211,2.0,0.0,0.0,1.0,4.0,1.9347721999999976,-47.5,8.0,0.14,size,color,orientation,0.38,-2.5,17,male,1,2216.672188,0,24,0.0,0.0,3.0,0.0,1.0,1.0,57.0,0.0,8.0
211,212,2.0,2.0,2.0,1.0,4.0,1.5829474000001935,20.0,4.0,0.4600000000000001,size,color,orientation,0.38,-2.5,17,male,1,2216.672188,0,24,0.0,0.0,3.0,0.0,0.0,1.0,58.0,0.0,9.0
212,213,2.0,2.0,0.0,0.0,4.0,2.017000499999994,-43.0,8.0,0.3400000000000001,size,color,orientation,0.38,-2.5,17,male,1,2216.672188,0,24,0.0,1.0,3.0,0.0,0.0,1.0,59.0,0.0,10.0
213,214,2.0,3.0,3.0,1.0,4.0,3.733434399999851,-38.5,18.0,0.42,size,color,orientation,0.38,-2.5,17,male,1,2216.672188,1,24,0.0,0.0,3.0,0.0,-1.0,1.0,60.0,0.0,11.0
214,215,2.0,0.0,0.0,1.0,4.0,1.266265599999997,11.0,5.0,0.22,size,color,orientation,0.38,-2.5,17,male,1,2216.672188,0,24,0.0,0.0,3.0,0.0,1.0,1.0,61.0,0.0,12.0
215,216,2.0,0.0,0.0,1.0,4.0,3.699814399999923,15.5,9.0,0.3400000000000001,size,color,orientation,0.38,-2.5,17,male,1,2216.672188,0,24,0.0,0.0,3.0,0.0,0.0,1.0,62.0,0.0,13.0
216,217,2.0,1.0,1.0,1.0,4.0,2.73363849999987,33.5,23.0,0.3,size,color,orientation,0.38,-2.5,17,male,1,2216.672188,0,24,0.0,0.0,3.0,0.0,0.0,1.0,63.0,0.0,14.0
217,218,2.0,0.0,0.0,1.0,4.0,1.699630500000012,65.0,2.0,0.1,size,color,orientation,0.38,-2.5,17,male,1,2216.672188,0,24,0.0,0.0,3.0,0.0,0.0,1.0,64.0,0.0,15.0
218,219,2.0,0.0,0.0,1.0,4.0,2.2841087000001608,74.0,7.0,0.14,size,color,orientation,0.38,-2.5,17,male,1,2216.672188,0,24,0.0,0.0,3.0,0.0,0.0,1.0,65.0,0.0,16.0
219,220,2.0,0.0,0.0,1.0,4.0,1.5844620000000305,-7.0,7.0,0.14,size,color,orientation,0.38,-2.5,17,male,1,2216.672188,0,24,0.0,0.0,3.0,0.0,0.0,1.0,66.0,0.0,17.0
220,221,2.0,2.0,0.0,0.0,4.0,7.766867500000217,6.5,6.0,0.3400000000000001,size,color,orientation,0.38,-2.5,17,male,1,2216.672188,0,24,0.0,1.0,3.0,0.0,0.0,1.0,67.0,0.0,18.0
221,222,3.0,3.0,6.0,0.0,8.0,39.01570330000004,-56.5,18.0,0.38,size,color,orientation,0.38,-2.5,17,male,1,2216.672188,1,24,0.0,1.0,2.0,0.0,0.0,0.0,68.0,1.0,0.0
222,223,3.0,3.0,7.0,0.0,8.0,7.916185999999925,83.0,24.0,0.42,size,color,orientation,0.38,-2.5,17,male,1,2216.672188,1,24,0.0,1.0,1.0,0.0,0.0,1.0,69.0,2.0,0.0
223,224,3.0,4.0,1.0,0.0,8.0,4.017371899999944,20.0,2.0,0.3400000000000001,size,color,orientation,0.38,-2.5,17,male,1,2216.672188,1,24,0.0,1.0,2.0,0.0,0.0,1.0,70.0,3.0,0.0
224,225,3.0,0.0,0.0,1.0,8.0,7.198885100000098,-43.0,10.0,0.14,size,color,orientation,0.38,-2.5,17,male,1,2216.672188,1,24,0.0,1.0,0.0,0.0,0.0,-1.0,71.0,4.0,0.0
225,226,3.0,0.0,0.0,1.0,8.0,1.882975500000157,-29.5,0.0,0.22,size,color,orientation,0.38,-2.5,17,male,1,2216.672188,0,24,0.0,1.0,0.0,0.0,0.0,2.0,72.0,5.0,0.0
226,227,3.0,1.0,3.0,0.0,8.0,3.017320700000255,47.0,18.0,0.14,size,color,orientation,0.38,-2.5,17,male,1,2216.672188,0,24,0.0,1.0,1.0,0.0,0.0,0.0,73.0,6.0,0.0
227,228,3.0,0.0,0.0,1.0,8.0,2.9668249999999716,-88.0,4.0,0.14,size,color,orientation,0.38,-2.5,17,male,1,2216.672188,1,24,0.0,1.0,0.0,0.0,0.0,-1.0,74.0,7.0,0.0
228,229,3.0,3.0,3.0,1.0,8.0,8.066740800000389,2.0,19.0,0.14,size,color,orientation,0.38,-2.5,17,male,1,2216.672188,0,24,0.0,1.0,0.0,0.0,0.0,1.0,75.0,8.0,0.0
229,230,3.0,2.0,4.0,0.0,8.0,5.783738900000117,-29.5,5.0,0.38,size,color,orientation,0.38,-2.5,17,male,1,2216.672188,0,24,0.0,1.0,2.0,0.0,0.0,0.0,76.0,9.0,0.0
230,231,3.0,0.0,3.0,0.0,8.0,12.099741200000151,78.5,15.0,0.14,size,color,orientation,0.38,-2.5,17,male,1,2216.672188,1,24,0.0,1.0,2.0,0.0,0.0,-2.0,77.0,10.0,0.0
231,232,3.0,3.0,2.0,0.0,8.0,3.4833151000002545,-56.5,22.0,0.26,size,color,orientation,0.38,-2.5,17,male,1,2216.672188,1,24,0.0,1.0,1.0,0.0,0.0,0.0,78.0,11.0,0.0
232,233,3.0,4.0,5.0,0.0,8.0,4.165690000000268,69.5,10.0,0.42,size,color,orientation,0.38,-2.5,17,male,1,2216.672188,1,24,0.0,1.0,1.0,0.0,0.0,1.0,79.0,12.0,0.0
233,234,3.0,0.0,7.0,0.0,8.0,1.6666395000002012,-2.5,22.0,0.4600000000000001,size,color,orientation,0.38,-2.5,17,male,1,2216.672188,1,24,0.0,1.0,3.0,0.0,0.0,0.0,80.0,13.0,0.0
234,235,3.0,1.0,6.0,0.0,8.0,16.150593500000014,-70.0,20.0,0.42,size,color,orientation,0.38,-2.5,17,male,1,2216.672188,1,24,0.0,1.0,3.0,0.0,0.0,-2.0,81.0,14.0,0.0
235,236,3.0,6.0,1.0,0.0,8.0,4.982931600000029,51.5,5.0,0.18,size,color,orientation,0.38,-2.5,17,male,1,2216.672188,1,24,0.0,1.0,3.0,0.0,0.0,0.0,82.0,15.0,0.0
236,237,3.0,0.0,3.0,0.0,8.0,1.267140200000085,29.0,15.0,0.1,size,color,orientation,0.38,-2.5,17,male,1,2216.672188,1,24,0.0,1.0,2.0,0.0,0.0,0.0,83.0,16.0,0.0
237,238,3.0,2.0,1.0,0.0,8.0,4.9165140000000065,33.5,7.0,0.14,size,color,orientation,0.38,-2.5,17,male,1,2216.672188,1,24,0.0,1.0,2.0,0.0,0.0,1.0,84.0,17.0,0.0
238,239,1.0,0.0,0.0,1.0,2.0,2.0271746000003077,87.5,6.0,0.1,size,color,orientation,0.38,-2.5,17,male,1,2216.672188,1,24,0.0,1.0,2.0,0.0,0.0,1.0,0.0,18.0,1.0
239,240,1.0,1.0,1.0,1.0,2.0,4.183814900000016,20.0,11.0,0.38,size,color,orientation,0.38,-2.5,17,male,1,2216.672188,0,24,0.0,1.0,2.0,0.0,0.0,1.0,0.0,19.0,2.0
240,241,1.0,1.0,0.0,0.0,2.0,1.3000904999998966,20.0,10.0,0.3400000000000001,size,color,orientation,0.38,-2.5,17,male,1,2216.672188,0,24,1.0,1.0,2.0,0.0,0.0,1.0,0.0,20.0,3.0
241,242,1.0,1.0,1.0,1.0,2.0,3.6387948000001415,87.5,23.0,0.38,size,color,orientation,0.38,-2.5,17,male,1,2216.672188,1,24,0.0,1.0,2.0,-1.0,0.0,1.0,0.0,21.0,4.0
242,243,1.0,1.0,1.0,1.0,2.0,2.5507952999996633,-7.0,12.0,0.4600000000000001,size,color,orientation,0.38,-2.5,17,male,1,2216.672188,0,24,0.0,1.0,2.0,1.0,0.0,1.0,0.0,22.0,5.0
243,244,1.0,0.0,0.0,1.0,2.0,1.1336820999999873,6.5,4.0,0.18,size,color,orientation,0.38,-2.5,17,male,1,2216.672188,0,24,0.0,1.0,2.0,0.0,0.0,1.0,0.0,23.0,6.0
244,245,1.0,1.0,1.0,1.0,2.0,2.800359599999865,74.0,22.0,0.4600000000000001,size,color,orientation,0.38,-2.5,17,male,1,2216.672188,0,24,0.0,1.0,2.0,0.0,0.0,1.0,0.0,24.0,7.0
245,246,1.0,1.0,1.0,1.0,2.0,3.6343480999998974,-16.0,1.0,0.42,size,color,orientation,0.38,-2.5,17,male,1,2216.672188,0,24,0.0,1.0,2.0,0.0,0.0,1.0,0.0,25.0,8.0
246,247,1.0,0.0,0.0,1.0,2.0,1.866547200000241,-11.5,23.0,0.3400000000000001,size,color,orientation,0.38,-2.5,17,male,1,2216.672188,0,24,0.0,1.0,2.0,0.0,0.0,1.0,0.0,26.0,9.0
247,248,1.0,1.0,1.0,1.0,2.0,4.799706299999798,20.0,17.0,0.42,size,color,orientation,0.38,-2.5,17,male,1,2216.672188,0,24,0.0,1.0,2.0,0.0,0.0,1.0,0.0,27.0,10.0
248,249,1.0,0.0,0.0,1.0,2.0,1.1997752000002038,-83.5,14.0,0.1,size,color,orientation,0.38,-2.5,17,male,1,2216.672188,0,24,0.0,1.0,2.0,0.0,0.0,1.0,0.0,28.0,11.0
249,250,1.0,0.0,0.0,1.0,2.0,2.866312099999959,2.0,19.0,0.3,size,color,orientation,0.38,-2.5,17,male,1,2216.672188,0,24,0.0,1.0,2.0,0.0,0.0,1.0,0.0,29.0,12.0
250,251,1.0,1.0,1.0,1.0,2.0,2.6501812999999856,-61.0,4.0,0.4600000000000001,size,color,orientation,0.38,-2.5,17,male,1,2216.672188,0,24,0.0,1.0,2.0,0.0,0.0,1.0,0.0,30.0,13.0
251,252,2.0,2.0,2.0,1.0,4.0,4.432134300000143,-79.0,9.0,0.4600000000000001,size,color,orientation,0.38,-2.5,17,male,1,2216.672188,1,24,0.0,0.0,2.0,0.0,0.0,1.0,1.0,0.0,14.0
252,253,2.0,0.0,0.0,1.0,4.0,2.6663158999999723,-70.0,1.0,0.14,size,color,orientation,0.38,-2.5,17,male,1,2216.672188,0,24,0.0,0.0,2.0,0.0,1.0,1.0,2.0,0.0,15.0
253,254,2.0,0.0,0.0,1.0,4.0,3.6178365999999182,-47.5,6.0,0.3,size,color,orientation,0.38,-2.5,17,male,1,2216.672188,0,24,0.0,0.0,2.0,0.0,0.0,1.0,3.0,0.0,16.0
254,255,2.0,0.0,0.0,1.0,4.0,4.434504300000299,-52.0,4.0,0.22,size,color,orientation,0.38,-2.5,17,male,1,2216.672188,0,24,0.0,0.0,2.0,0.0,0.0,1.0,4.0,0.0,17.0
255,256,2.0,0.0,0.0,1.0,4.0,3.6167403000004015,-61.0,4.0,0.3,size,color,orientation,0.38,-2.5,17,male,1,2216.672188,0,24,0.0,0.0,2.0,0.0,0.0,1.0,5.0,0.0,18.0
256,257,2.0,1.0,1.0,1.0,4.0,2.4335698999998385,83.0,15.0,0.26,size,color,orientation,0.38,-2.5,17,male,1,2216.672188,0,24,0.0,0.0,2.0,0.0,0.0,1.0,6.0,0.0,19.0
257,258,2.0,0.0,0.0,1.0,4.0,10.150555599999734,47.0,7.0,0.3,size,color,orientation,0.38,-2.5,17,male,1,2216.672188,0,24,0.0,0.0,2.0,0.0,0.0,1.0,7.0,0.0,20.0
258,259,2.0,0.0,0.0,1.0,4.0,5.116815699999734,11.0,11.0,0.22,size,color,orientation,0.38,-2.5,17,male,1,2216.672188,0,24,0.0,0.0,2.0,0.0,0.0,1.0,8.0,0.0,21.0
259,260,2.0,1.0,1.0,1.0,4.0,4.500596200000018,51.5,20.0,0.3400000000000001,size,color,orientation,0.38,-2.5,17,male,1,2216.672188,0,24,0.0,0.0,2.0,0.0,0.0,1.0,9.0,0.0,22.0
260,261,2.0,0.0,0.0,1.0,4.0,3.4174888000002284,-79.0,7.0,0.14,size,color,orientation,0.38,-2.5,17,male,1,2216.672188,0,24,0.0,0.0,2.0,0.0,0.0,1.0,10.0,0.0,23.0
261,262,3.0,0.0,0.0,1.0,8.0,6.46618669999998,-38.5,1.0,0.1,size,color,orientation,0.38,-2.5,17,male,1,2216.672188,1,24,0.0,0.0,0.0,0.0,0.0,0.0,11.0,1.0,0.0
262,263,3.0,1.0,2.0,0.0,8.0,6.251078499999949,-79.0,18.0,0.18,size,color,orientation,0.38,-2.5,17,male,1,2216.672188,0,24,0.0,0.0,2.0,0.0,0.0,2.0,12.0,2.0,0.0
263,264,3.0,3.0,3.0,1.0,8.0,2.2836317000001145,69.5,15.0,0.1,size,color,orientation,0.38,-2.5,17,male,1,2216.672188,1,24,0.0,0.0,0.0,0.0,0.0,-2.0,13.0,3.0,0.0
264,265,3.0,4.0,4.0,1.0,8.0,10.315809800000352,-79.0,2.0,0.42,size,color,orientation,0.38,-2.5,17,male,1,2216.672188,0,24,0.0,0.0,0.0,0.0,0.0,2.0,14.0,4.0,0.0
265,266,3.0,2.0,2.0,1.0,8.0,5.484451700000136,-79.0,23.0,0.14,size,color,orientation,0.38,-2.5,17,male,1,2216.672188,0,24,0.0,0.0,0.0,0.0,0.0,0.0,15.0,5.0,0.0
266,267,3.0,1.0,1.0,1.0,8.0,4.950922699999865,6.5,2.0,0.26,size,color,orientation,0.38,-2.5,17,male,1,2216.672188,0,24,0.0,0.0,0.0,0.0,0.0,0.0,16.0,6.0,0.0
267,268,3.0,5.0,5.0,1.0,8.0,5.250198100000034,56.0,4.0,0.38,size,color,orientation,0.38,-2.5,17,male,1,2216.672188,0,24,0.0,0.0,0.0,0.0,0.0,0.0,17.0,7.0,0.0
268,269,3.0,3.0,3.0,1.0,8.0,6.084038500000133,60.5,23.0,0.18,size,color,orientation,0.38,-2.5,17,male,1,2216.672188,0,24,0.0,0.0,0.0,0.0,0.0,0.0,18.0,8.0,0.0
269,270,3.0,0.0,0.0,1.0,8.0,2.916887400000178,-61.0,9.0,0.1,size,color,orientation,0.38,-2.5,17,male,1,2216.672188,0,24,0.0,0.0,0.0,0.0,0.0,0.0,19.0,9.0,0.0
270,271,3.0,1.0,1.0,1.0,8.0,5.134096999999656,87.5,0.0,0.26,size,color,orientation,0.38,-2.5,17,male,1,2216.672188,0,24,0.0,0.0,0.0,0.0,0.0,0.0,20.0,10.0,0.0
271,272,3.0,0.0,0.0,1.0,8.0,4.2498946000000615,-11.5,12.0,0.3400000000000001,size,color,orientation,0.38,-2.5,17,male,1,2216.672188,0,24,0.0,0.0,0.0,0.0,0.0,0.0,21.0,11.0,0.0
272,273,3.0,2.0,2.0,1.0,8.0,3.3171026999998503,-88.0,17.0,0.3,size,color,orientation,0.38,-2.5,17,male,1,2216.672188,0,24,0.0,0.0,0.0,0.0,0.0,0.0,22.0,12.0,0.0
273,274,3.0,1.0,1.0,1.0,8.0,3.3990813999998863,60.5,12.0,0.18,size,color,orientation,0.38,-2.5,17,male,1,2216.672188,1,24,0.0,0.0,0.0,0.0,0.0,0.0,23.0,13.0,0.0
274,275,3.0,1.0,1.0,1.0,8.0,2.200456999999915,2.0,12.0,0.14,size,color,orientation,0.38,-2.5,17,male,1,2216.672188,0,24,0.0,0.0,0.0,0.0,0.0,0.0,24.0,14.0,0.0
275,276,3.0,3.0,3.0,1.0,8.0,4.082846299999801,74.0,21.0,0.3400000000000001,size,color,orientation,0.38,-2.5,17,male,1,2216.672188,0,24,0.0,0.0,0.0,0.0,0.0,0.0,25.0,15.0,0.0
276,277,3.0,2.0,2.0,1.0,8.0,3.266790299999684,-61.0,22.0,0.26,size,color,orientation,0.38,-2.5,17,male,1,2216.672188,0,24,0.0,0.0,0.0,0.0,0.0,0.0,26.0,16.0,0.0
277,278,3.0,3.0,3.0,1.0,8.0,1.9831930999998804,15.5,16.0,0.26,size,color,orientation,0.38,-2.5,17,male,1,2216.672188,0,24,0.0,0.0,0.0,0.0,0.0,0.0,27.0,17.0,0.0
278,279,3.0,0.0,0.0,1.0,8.0,3.083497100000386,-65.5,2.0,0.22,size,color,orientation,0.38,-2.5,17,male,1,2216.672188,0,24,0.0,0.0,0.0,0.0,0.0,0.0,28.0,18.0,0.0
279,280,3.0,0.0,0.0,1.0,8.0,2.700153700000101,-88.0,10.0,0.3400000000000001,size,color,orientation,0.38,-2.5,17,male,1,2216.672188,0,24,0.0,0.0,0.0,0.0,0.0,0.0,29.0,19.0,0.0
280,281,3.0,4.0,4.0,1.0,8.0,5.932743300000311,-79.0,12.0,0.42,size,color,orientation,0.38,-2.5,17,male,1,2216.672188,0,24,0.0,0.0,0.0,0.0,0.0,0.0,30.0,20.0,0.0
281,282,3.0,0.0,0.0,1.0,8.0,3.4501666000001023,-7.0,2.0,0.22,size,color,orientation,0.38,-2.5,17,male,1,2216.672188,0,24,0.0,0.0,0.0,0.0,0.0,0.0,31.0,21.0,0.0
282,283,3.0,4.0,4.0,1.0,8.0,2.2662381000000096,-34.0,1.0,0.42,size,color,orientation,0.38,-2.5,17,male,1,2216.672188,0,24,0.0,0.0,0.0,0.0,0.0,0.0,32.0,22.0,0.0
