,Trial_number,Chosen_castle,Chosen_location,Correct_location,Accuracy,Number_of_doors,RT,Current_orientation,Current_color,Current_size,First_feature,Second_feature,Third_feature,Participant_size,Participant_orientation,Participant_number,Participant_gender,Early_exit,Training_time,Meta_trial,Participant_age,PE_1,PE_2,PE_3,LP_1,LP_2,LP_3,Nov_1,Nov_2,Nov_3
0,1,1.0,0.0,1.0,0.0,2.0,7.778946399999995,6.5,12.0,0.3,size,orientation,color,0.26,-16.0,16,male,0,2706.1785744,1,26,0.0,0.0,0.0,0.0,0.0,0.0,0.0,99.0,99.0
1,2,1.0,1.0,0.0,0.0,2.0,1.7104405000000042,33.5,6.0,0.22,size,orientation,color,0.26,-16.0,16,male,0,2706.1785744,1,26,1.0,0.0,0.0,0.0,0.0,0.0,0.0,100.0,100.0
2,3,1.0,1.0,1.0,1.0,2.0,5.811938000000055,-2.5,22.0,0.3400000000000001,size,orientation,color,0.26,-16.0,16,male,0,2706.1785744,1,26,0.0,0.0,0.0,-1.0,0.0,0.0,0.0,101.0,101.0
3,4,1.0,0.0,0.0,1.0,2.0,1.918069599999967,15.5,16.0,0.1,size,orientation,color,0.26,-16.0,16,male,0,2706.1785744,0,26,0.0,0.0,0.0,1.0,0.0,0.0,0.0,102.0,102.0
4,5,1.0,1.0,0.0,0.0,2.0,1.3496624999999085,-20.5,14.0,0.22,size,orientation,color,0.26,-16.0,16,male,0,2706.1785744,0,26,1.0,0.0,0.0,0.0,0.0,0.0,0.0,103.0,103.0
5,6,1.0,0.0,1.0,0.0,2.0,1.8419646999999488,65.0,6.0,0.3,size,orientation,color,0.26,-16.0,16,male,0,2706.1785744,1,26,1.0,0.0,0.0,-1.0,0.0,0.0,0.0,104.0,104.0
6,7,2.0,0.0,1.0,0.0,4.0,10.91944490000003,-2.5,7.0,0.22,size,orientation,color,0.26,-16.0,16,male,0,2706.1785744,1,26,1.0,1.0,0.0,-1.0,0.0,0.0,1.0,0.0,105.0
7,8,2.0,0.0,0.0,1.0,4.0,5.232041900000013,-34.0,17.0,0.22,size,orientation,color,0.26,-16.0,16,male,0,2706.1785744,1,26,1.0,0.0,0.0,-1.0,-1.0,0.0,2.0,0.0,106.0
8,9,2.0,3.0,3.0,1.0,4.0,2.516425400000003,42.5,20.0,0.42,size,orientation,color,0.26,-16.0,16,male,0,2706.1785744,0,26,1.0,0.0,0.0,-1.0,1.0,0.0,3.0,0.0,107.0
9,10,2.0,3.0,3.0,1.0,4.0,2.133759800000007,42.5,17.0,0.38,size,orientation,color,0.26,-16.0,16,male,0,2706.1785744,0,26,1.0,0.0,0.0,-1.0,0.0,0.0,4.0,0.0,108.0
10,11,2.0,2.0,1.0,0.0,4.0,14.45050409999999,42.5,15.0,0.1,size,orientation,color,0.26,-16.0,16,male,0,2706.1785744,0,26,1.0,2.0,0.0,-1.0,0.0,0.0,5.0,0.0,109.0
11,12,2.0,0.0,2.0,0.0,4.0,3.2152209999999286,-38.5,21.0,0.26,size,orientation,color,0.26,-16.0,16,male,0,2706.1785744,1,26,1.0,1.0,0.0,-1.0,-2.0,0.0,6.0,0.0,110.0
12,13,2.0,2.0,3.0,0.0,4.0,6.40049410000006,29.0,11.0,0.38,size,orientation,color,0.26,-16.0,16,male,0,2706.1785744,1,26,1.0,1.0,0.0,-1.0,1.0,0.0,7.0,0.0,111.0
13,14,2.0,3.0,1.0,0.0,4.0,5.882635999999934,29.0,13.0,0.14,size,orientation,color,0.26,-16.0,16,male,0,2706.1785744,1,26,1.0,1.0,0.0,-1.0,0.0,0.0,8.0,0.0,112.0
14,15,1.0,1.0,0.0,0.0,2.0,7.44485080000004,69.5,21.0,0.18,size,orientation,color,0.26,-16.0,16,male,0,2706.1785744,1,26,1.0,1.0,0.0,0.0,0.0,0.0,0.0,1.0,113.0
15,16,1.0,0.0,0.0,1.0,2.0,2.8111313000000564,33.5,13.0,0.1,size,orientation,color,0.26,-16.0,16,male,0,2706.1785744,1,26,0.0,1.0,0.0,0.0,0.0,0.0,0.0,2.0,114.0
16,17,1.0,0.0,1.0,0.0,2.0,6.851097299999992,83.0,7.0,0.26,size,orientation,color,0.26,-16.0,16,male,0,2706.1785744,0,26,1.0,1.0,0.0,1.0,0.0,0.0,0.0,3.0,115.0
17,18,1.0,0.0,0.0,1.0,2.0,3.1235266999999567,-38.5,17.0,0.22,size,orientation,color,0.26,-16.0,16,male,0,2706.1785744,1,26,0.0,1.0,0.0,-1.0,0.0,0.0,0.0,4.0,116.0
18,19,1.0,1.0,1.0,1.0,2.0,3.784401299999899,-43.0,23.0,0.4600000000000001,size,orientation,color,0.26,-16.0,16,male,0,2706.1785744,0,26,0.0,1.0,0.0,1.0,0.0,0.0,0.0,5.0,117.0
19,20,1.0,1.0,1.0,1.0,2.0,2.2669574999999895,-43.0,10.0,0.26,size,orientation,color,0.26,-16.0,16,male,0,2706.1785744,0,26,0.0,1.0,0.0,0.0,0.0,0.0,0.0,6.0,118.0
20,21,1.0,0.0,0.0,1.0,2.0,4.99912710000001,15.5,8.0,0.1,size,orientation,color,0.26,-16.0,16,male,0,2706.1785744,0,26,0.0,1.0,0.0,0.0,0.0,0.0,0.0,7.0,119.0
21,22,1.0,0.0,0.0,1.0,2.0,5.100613600000088,56.0,18.0,0.1,size,orientation,color,0.26,-16.0,16,male,0,2706.1785744,0,26,0.0,1.0,0.0,0.0,0.0,0.0,0.0,8.0,120.0
22,23,1.0,0.0,1.0,0.0,2.0,1.433459599999992,-79.0,8.0,0.3400000000000001,size,orientation,color,0.26,-16.0,16,male,0,2706.1785744,0,26,1.0,1.0,0.0,0.0,0.0,0.0,0.0,9.0,121.0
23,24,1.0,0.0,1.0,0.0,2.0,8.092706399999997,-29.5,17.0,0.3,size,orientation,color,0.26,-16.0,16,male,0,2706.1785744,1,26,1.0,1.0,0.0,-1.0,0.0,0.0,0.0,10.0,122.0
24,25,1.0,0.0,0.0,1.0,2.0,1.6084018999999898,74.0,3.0,0.14,size,orientation,color,0.26,-16.0,16,male,0,2706.1785744,1,26,0.0,1.0,0.0,0.0,0.0,0.0,0.0,11.0,123.0
25,26,1.0,0.0,1.0,0.0,2.0,5.451728900000035,38.0,14.0,0.42,size,orientation,color,0.26,-16.0,16,male,0,2706.1785744,0,26,1.0,1.0,0.0,1.0,0.0,0.0,0.0,12.0,124.0
26,27,3.0,1.0,7.0,0.0,8.0,5.43326449999995,-2.5,22.0,0.3400000000000001,size,orientation,color,0.26,-16.0,16,male,0,2706.1785744,1,26,1.0,1.0,2.0,1.0,0.0,0.0,1.0,13.0,0.0
27,28,3.0,1.0,4.0,0.0,8.0,6.333275500000013,-20.5,0.0,0.3400000000000001,size,orientation,color,0.26,-16.0,16,male,0,2706.1785744,1,26,1.0,1.0,2.0,1.0,0.0,-2.0,2.0,14.0,0.0
28,29,3.0,2.0,1.0,0.0,8.0,7.067345199999977,-56.5,17.0,0.18,size,orientation,color,0.26,-16.0,16,male,0,2706.1785744,1,26,1.0,1.0,2.0,1.0,0.0,0.0,3.0,15.0,0.0
29,30,3.0,1.0,3.0,0.0,8.0,1.5157115999999178,2.0,18.0,0.14,size,orientation,color,0.26,-16.0,16,male,0,2706.1785744,1,26,1.0,1.0,1.0,1.0,0.0,0.0,4.0,16.0,0.0
30,31,1.0,1.0,1.0,1.0,2.0,9.843273599999977,6.5,20.0,0.4600000000000001,size,orientation,color,0.26,-16.0,16,male,0,2706.1785744,1,26,0.0,1.0,1.0,0.0,0.0,0.0,0.0,17.0,1.0
31,32,1.0,1.0,1.0,1.0,2.0,6.2507095999999365,78.5,20.0,0.26,size,orientation,color,0.26,-16.0,16,male,0,2706.1785744,0,26,0.0,1.0,1.0,1.0,0.0,0.0,0.0,18.0,2.0
32,33,1.0,1.0,1.0,1.0,2.0,9.600157100000049,-25.0,4.0,0.42,size,orientation,color,0.26,-16.0,16,male,0,2706.1785744,0,26,0.0,1.0,1.0,0.0,0.0,0.0,0.0,19.0,3.0
33,34,1.0,1.0,1.0,1.0,2.0,2.6009634999999207,-7.0,3.0,0.38,size,orientation,color,0.26,-16.0,16,male,0,2706.1785744,0,26,0.0,1.0,1.0,0.0,0.0,0.0,0.0,20.0,4.0
34,35,1.0,1.0,0.0,0.0,2.0,3.6660340000000815,-65.5,0.0,0.1,size,orientation,color,0.26,-16.0,16,male,0,2706.1785744,0,26,1.0,1.0,1.0,0.0,0.0,0.0,0.0,21.0,5.0
35,36,1.0,0.0,1.0,0.0,2.0,4.5438791000000265,11.0,21.0,0.4600000000000001,size,orientation,color,0.26,-16.0,16,male,0,2706.1785744,1,26,1.0,1.0,1.0,-1.0,0.0,0.0,0.0,22.0,6.0
36,37,1.0,1.0,0.0,0.0,2.0,2.7775937000000113,33.5,20.0,0.18,size,orientation,color,0.26,-16.0,16,male,0,2706.1785744,1,26,1.0,1.0,1.0,0.0,0.0,0.0,0.0,23.0,7.0
37,38,1.0,1.0,0.0,0.0,2.0,2.6409058000000414,-20.5,23.0,0.1,size,orientation,color,0.26,-16.0,16,male,0,2706.1785744,1,26,1.0,1.0,1.0,0.0,0.0,0.0,0.0,24.0,8.0
38,39,1.0,0.0,0.0,1.0,2.0,2.2546846000000187,56.0,2.0,0.18,size,orientation,color,0.26,-16.0,16,male,0,2706.1785744,1,26,0.0,1.0,1.0,0.0,0.0,0.0,0.0,25.0,9.0
39,40,1.0,1.0,0.0,0.0,2.0,3.783929700000044,-88.0,13.0,0.14,size,orientation,color,0.26,-16.0,16,male,0,2706.1785744,0,26,1.0,1.0,1.0,1.0,0.0,0.0,0.0,26.0,10.0
40,41,1.0,0.0,0.0,1.0,2.0,1.755342199999859,74.0,1.0,0.22,size,orientation,color,0.26,-16.0,16,male,0,2706.1785744,1,26,0.0,1.0,1.0,-1.0,0.0,0.0,0.0,27.0,11.0
41,42,1.0,1.0,1.0,1.0,2.0,2.4170802000001004,56.0,23.0,0.3400000000000001,size,orientation,color,0.26,-16.0,16,male,0,2706.1785744,0,26,0.0,1.0,1.0,1.0,0.0,0.0,0.0,28.0,12.0
42,43,1.0,1.0,1.0,1.0,2.0,3.1682544000000235,74.0,23.0,0.42,size,orientation,color,0.26,-16.0,16,male,0,2706.1785744,0,26,0.0,1.0,1.0,0.0,0.0,0.0,0.0,29.0,13.0
43,44,1.0,1.0,1.0,1.0,2.0,2.5996827999999823,-79.0,11.0,0.38,size,orientation,color,0.26,-16.0,16,male,0,2706.1785744,0,26,0.0,1.0,1.0,0.0,0.0,0.0,0.0,30.0,14.0
44,45,1.0,1.0,1.0,1.0,2.0,2.0675200999999106,-65.5,4.0,0.38,size,orientation,color,0.26,-16.0,16,male,0,2706.1785744,0,26,0.0,1.0,1.0,0.0,0.0,0.0,0.0,31.0,15.0
45,46,1.0,1.0,0.0,0.0,2.0,3.6502144999999473,-11.5,11.0,0.1,size,orientation,color,0.26,-16.0,16,male,0,2706.1785744,0,26,1.0,1.0,1.0,0.0,0.0,0.0,0.0,32.0,16.0
46,47,1.0,0.0,1.0,0.0,2.0,2.543089000000009,-70.0,14.0,0.4600000000000001,size,orientation,color,0.26,-16.0,16,male,0,2706.1785744,1,26,1.0,1.0,1.0,-1.0,0.0,0.0,0.0,33.0,17.0
47,48,1.0,0.0,1.0,0.0,2.0,1.7096718000000235,24.5,9.0,0.4600000000000001,size,orientation,color,0.26,-16.0,16,male,0,2706.1785744,1,26,1.0,1.0,1.0,0.0,0.0,0.0,0.0,34.0,18.0
48,49,1.0,1.0,1.0,1.0,2.0,5.572792300000174,11.0,15.0,0.3,size,orientation,color,0.26,-16.0,16,male,0,2706.1785744,1,26,0.0,1.0,1.0,0.0,0.0,0.0,0.0,35.0,19.0
49,50,1.0,0.0,0.0,1.0,2.0,1.7838506000000507,11.0,11.0,0.18,size,orientation,color,0.26,-16.0,16,male,0,2706.1785744,0,26,0.0,1.0,1.0,1.0,0.0,0.0,0.0,36.0,20.0
50,51,1.0,0.0,0.0,1.0,2.0,2.2165805999998156,83.0,2.0,0.22,size,orientation,color,0.26,-16.0,16,male,0,2706.1785744,0,26,0.0,1.0,1.0,0.0,0.0,0.0,0.0,37.0,21.0
51,52,1.0,0.0,1.0,0.0,2.0,2.234074899999996,-47.5,17.0,0.38,size,orientation,color,0.26,-16.0,16,male,0,2706.1785744,0,26,1.0,1.0,1.0,0.0,0.0,0.0,0.0,38.0,22.0
52,53,1.0,1.0,1.0,1.0,2.0,5.265903900000012,-79.0,6.0,0.3,size,orientation,color,0.26,-16.0,16,male,0,2706.1785744,1,26,0.0,1.0,1.0,-1.0,0.0,0.0,0.0,39.0,23.0
53,54,1.0,0.0,1.0,0.0,2.0,4.833805100000063,42.5,5.0,0.38,size,orientation,color,0.26,-16.0,16,male,0,2706.1785744,0,26,1.0,1.0,1.0,1.0,0.0,0.0,0.0,40.0,24.0
54,55,1.0,0.0,0.0,1.0,2.0,3.572887499999979,-52.0,14.0,0.18,size,orientation,color,0.26,-16.0,16,male,0,2706.1785744,1,26,0.0,1.0,1.0,-1.0,0.0,0.0,0.0,41.0,25.0
55,56,1.0,0.0,1.0,0.0,2.0,5.134524199999987,-7.0,22.0,0.4600000000000001,size,orientation,color,0.26,-16.0,16,male,0,2706.1785744,0,26,1.0,1.0,1.0,1.0,0.0,0.0,0.0,42.0,26.0
56,57,1.0,1.0,1.0,1.0,2.0,13.738956499999858,6.5,18.0,0.4600000000000001,size,orientation,color,0.26,-16.0,16,male,0,2706.1785744,1,26,0.0,1.0,1.0,-1.0,0.0,0.0,0.0,43.0,27.0
57,58,1.0,0.0,0.0,1.0,2.0,1.950189200000068,42.5,6.0,0.22,size,orientation,color,0.26,-16.0,16,male,0,2706.1785744,0,26,0.0,1.0,1.0,1.0,0.0,0.0,0.0,44.0,28.0
58,59,1.0,1.0,1.0,1.0,2.0,2.5992014999999355,83.0,16.0,0.38,size,orientation,color,0.26,-16.0,16,male,0,2706.1785744,0,26,0.0,1.0,1.0,0.0,0.0,0.0,0.0,45.0,29.0
59,60,1.0,1.0,0.0,0.0,2.0,1.4005050999999185,51.5,16.0,0.22,size,orientation,color,0.26,-16.0,16,male,0,2706.1785744,0,26,1.0,1.0,1.0,0.0,0.0,0.0,0.0,46.0,30.0
60,61,1.0,1.0,0.0,0.0,2.0,6.815169200000128,-16.0,11.0,0.22,size,orientation,color,0.26,-16.0,16,male,0,2706.1785744,1,26,1.0,1.0,1.0,-1.0,0.0,0.0,0.0,47.0,31.0
61,62,1.0,0.0,1.0,0.0,2.0,2.980413500000168,-43.0,22.0,0.38,size,orientation,color,0.26,-16.0,16,male,0,2706.1785744,1,26,1.0,1.0,1.0,0.0,0.0,0.0,0.0,48.0,32.0
62,63,1.0,1.0,1.0,1.0,2.0,6.974540899999965,56.0,22.0,0.3,size,orientation,color,0.26,-16.0,16,male,0,2706.1785744,1,26,0.0,1.0,1.0,0.0,0.0,0.0,0.0,49.0,33.0
63,64,1.0,0.0,1.0,0.0,2.0,4.017923600000131,-16.0,19.0,0.26,size,orientation,color,0.26,-16.0,16,male,0,2706.1785744,0,26,1.0,1.0,1.0,1.0,0.0,0.0,0.0,50.0,34.0
64,65,1.0,0.0,1.0,0.0,2.0,1.228014999999914,15.5,5.0,0.3,size,orientation,color,0.26,-16.0,16,male,0,2706.1785744,1,26,1.0,1.0,1.0,-1.0,0.0,0.0,0.0,51.0,35.0
65,66,1.0,1.0,0.0,0.0,2.0,2.777916600000026,74.0,16.0,0.22,size,orientation,color,0.26,-16.0,16,male,0,2706.1785744,1,26,1.0,1.0,1.0,0.0,0.0,0.0,0.0,52.0,36.0
66,67,1.0,1.0,0.0,0.0,2.0,39.18938030000004,69.5,0.0,0.18,size,orientation,color,0.26,-16.0,16,male,0,2706.1785744,1,26,1.0,1.0,1.0,0.0,0.0,0.0,0.0,53.0,37.0
67,68,1.0,0.0,0.0,1.0,2.0,10.211831699999948,-70.0,17.0,0.18,size,orientation,color,0.26,-16.0,16,male,0,2706.1785744,1,26,0.0,1.0,1.0,0.0,0.0,0.0,0.0,54.0,38.0
68,69,1.0,1.0,1.0,1.0,2.0,4.849768100000119,-38.5,24.0,0.26,size,orientation,color,0.26,-16.0,16,male,0,2706.1785744,0,26,0.0,1.0,1.0,1.0,0.0,0.0,0.0,55.0,39.0
69,70,1.0,1.0,0.0,0.0,2.0,5.683693200000107,11.0,17.0,0.1,size,orientation,color,0.26,-16.0,16,male,0,2706.1785744,0,26,1.0,1.0,1.0,0.0,0.0,0.0,0.0,56.0,40.0
70,71,1.0,1.0,1.0,1.0,2.0,5.375880199999983,78.5,13.0,0.42,size,orientation,color,0.26,-16.0,16,male,0,2706.1785744,1,26,0.0,1.0,1.0,-1.0,0.0,0.0,0.0,57.0,41.0
71,72,1.0,1.0,1.0,1.0,2.0,1.8003914999999324,87.5,24.0,0.4600000000000001,size,orientation,color,0.26,-16.0,16,male,0,2706.1785744,0,26,0.0,1.0,1.0,1.0,0.0,0.0,0.0,58.0,42.0
72,73,1.0,1.0,0.0,0.0,2.0,3.766935899999907,-79.0,8.0,0.1,size,orientation,color,0.26,-16.0,16,male,0,2706.1785744,0,26,1.0,1.0,1.0,0.0,0.0,0.0,0.0,59.0,43.0
73,74,1.0,1.0,0.0,0.0,2.0,9.543686199999913,60.5,23.0,0.1,size,orientation,color,0.26,-16.0,16,male,0,2706.1785744,1,26,1.0,1.0,1.0,-1.0,0.0,0.0,0.0,60.0,44.0
74,75,1.0,1.0,0.0,0.0,2.0,7.779933999999912,-25.0,24.0,0.1,size,orientation,color,0.26,-16.0,16,male,0,2706.1785744,1,26,1.0,1.0,1.0,0.0,0.0,0.0,0.0,61.0,45.0
75,76,1.0,1.0,1.0,1.0,2.0,5.562574399999903,78.5,16.0,0.26,size,orientation,color,0.26,-16.0,16,male,0,2706.1785744,1,26,0.0,1.0,1.0,0.0,0.0,0.0,0.0,62.0,46.0
76,77,1.0,0.0,1.0,0.0,2.0,2.884555999999975,-61.0,14.0,0.38,size,orientation,color,0.26,-16.0,16,male,0,2706.1785744,0,26,1.0,1.0,1.0,1.0,0.0,0.0,0.0,63.0,47.0
77,78,1.0,1.0,0.0,0.0,2.0,3.31895899999995,47.0,23.0,0.18,size,orientation,color,0.26,-16.0,16,male,0,2706.1785744,1,26,1.0,1.0,1.0,-1.0,0.0,0.0,0.0,64.0,48.0
78,79,1.0,1.0,1.0,1.0,2.0,2.258928400000059,83.0,6.0,0.38,size,orientation,color,0.26,-16.0,16,male,0,2706.1785744,1,26,0.0,1.0,1.0,0.0,0.0,0.0,0.0,65.0,49.0
79,80,1.0,0.0,1.0,0.0,2.0,5.250285399999939,-38.5,7.0,0.3,size,orientation,color,0.26,-16.0,16,male,0,2706.1785744,0,26,1.0,1.0,1.0,1.0,0.0,0.0,0.0,66.0,50.0
80,81,2.0,1.0,1.0,1.0,4.0,19.465725900000052,6.5,11.0,0.14,size,orientation,color,0.26,-16.0,16,male,0,2706.1785744,1,26,1.0,0.0,1.0,1.0,0.0,0.0,1.0,0.0,51.0
81,82,2.0,0.0,2.0,0.0,4.0,13.667016400000191,-74.5,22.0,0.3400000000000001,size,orientation,color,0.26,-16.0,16,male,0,2706.1785744,0,26,1.0,1.0,1.0,1.0,1.0,0.0,2.0,0.0,52.0
82,83,1.0,1.0,1.0,1.0,2.0,7.789813500000037,2.0,3.0,0.42,size,orientation,color,0.26,-16.0,16,male,0,2706.1785744,1,26,0.0,1.0,1.0,0.0,1.0,0.0,0.0,1.0,53.0
83,84,1.0,1.0,0.0,0.0,2.0,2.8844770999999128,20.0,16.0,0.14,size,orientation,color,0.26,-16.0,16,male,0,2706.1785744,0,26,1.0,1.0,1.0,1.0,1.0,0.0,0.0,2.0,54.0
84,85,1.0,1.0,1.0,1.0,2.0,3.0743098000000373,56.0,8.0,0.42,size,orientation,color,0.26,-16.0,16,male,0,2706.1785744,1,26,0.0,1.0,1.0,-1.0,1.0,0.0,0.0,3.0,55.0
85,86,1.0,0.0,1.0,0.0,2.0,4.984268200000088,51.5,15.0,0.3,size,orientation,color,0.26,-16.0,16,male,0,2706.1785744,0,26,1.0,1.0,1.0,1.0,1.0,0.0,0.0,4.0,56.0
86,87,1.0,0.0,1.0,0.0,2.0,4.305883400000084,-47.5,12.0,0.42,size,orientation,color,0.26,-16.0,16,male,0,2706.1785744,1,26,1.0,1.0,1.0,-1.0,1.0,0.0,0.0,5.0,57.0
87,88,1.0,0.0,1.0,0.0,2.0,44.629482399999915,-47.5,18.0,0.26,size,orientation,color,0.26,-16.0,16,male,0,2706.1785744,1,26,1.0,1.0,1.0,0.0,1.0,0.0,0.0,6.0,58.0
88,89,1.0,1.0,1.0,1.0,2.0,9.712484899999936,60.5,5.0,0.26,size,orientation,color,0.26,-16.0,16,male,0,2706.1785744,1,26,0.0,1.0,1.0,0.0,1.0,0.0,0.0,7.0,59.0
89,90,1.0,1.0,1.0,1.0,2.0,6.217961199999991,74.0,2.0,0.3400000000000001,size,orientation,color,0.26,-16.0,16,male,0,2706.1785744,0,26,0.0,1.0,1.0,1.0,1.0,0.0,0.0,8.0,60.0
90,91,1.0,0.0,0.0,1.0,2.0,2.78369019999991,38.0,14.0,0.18,size,orientation,color,0.26,-16.0,16,male,0,2706.1785744,0,26,0.0,1.0,1.0,0.0,1.0,0.0,0.0,9.0,61.0
91,92,1.0,0.0,1.0,0.0,2.0,2.050663500000155,-11.5,21.0,0.4600000000000001,size,orientation,color,0.26,-16.0,16,male,0,2706.1785744,0,26,1.0,1.0,1.0,0.0,1.0,0.0,0.0,10.0,62.0
92,93,1.0,0.0,0.0,1.0,2.0,33.95467110000004,-52.0,4.0,0.18,size,orientation,color,0.26,-16.0,16,male,0,2706.1785744,1,26,0.0,1.0,1.0,-1.0,1.0,0.0,0.0,11.0,63.0
93,94,1.0,1.0,1.0,1.0,2.0,1.8673974000000728,38.0,13.0,0.38,size,orientation,color,0.26,-16.0,16,male,0,2706.1785744,0,26,0.0,1.0,1.0,1.0,1.0,0.0,0.0,12.0,64.0
94,95,1.0,1.0,1.0,1.0,2.0,1.8343589000000975,-11.5,14.0,0.38,size,orientation,color,0.26,-16.0,16,male,0,2706.1785744,0,26,0.0,1.0,1.0,0.0,1.0,0.0,0.0,13.0,65.0
95,96,1.0,0.0,0.0,1.0,2.0,4.001113199999963,47.0,9.0,0.14,size,orientation,color,0.26,-16.0,16,male,0,2706.1785744,0,26,0.0,1.0,1.0,0.0,1.0,0.0,0.0,14.0,66.0
96,97,1.0,1.0,1.0,1.0,2.0,4.250926700000036,-34.0,7.0,0.3,size,orientation,color,0.26,-16.0,16,male,0,2706.1785744,0,26,0.0,1.0,1.0,0.0,1.0,0.0,0.0,15.0,67.0
97,98,1.0,1.0,1.0,1.0,2.0,1.1002384000000802,-11.5,23.0,0.3,size,orientation,color,0.26,-16.0,16,male,0,2706.1785744,0,26,0.0,1.0,1.0,0.0,1.0,0.0,0.0,16.0,68.0
98,99,1.0,1.0,1.0,1.0,2.0,1.2998159000001124,-56.5,21.0,0.4600000000000001,size,orientation,color,0.26,-16.0,16,male,0,2706.1785744,0,26,0.0,1.0,1.0,0.0,1.0,0.0,0.0,17.0,69.0
99,100,1.0,1.0,1.0,1.0,2.0,1.133439400000043,38.0,13.0,0.26,size,orientation,color,0.26,-16.0,16,male,0,2706.1785744,0,26,0.0,1.0,1.0,0.0,1.0,0.0,0.0,18.0,70.0
100,101,1.0,1.0,1.0,1.0,2.0,3.6671885999999176,38.0,7.0,0.26,size,orientation,color,0.26,-16.0,16,male,0,2706.1785744,0,26,0.0,1.0,1.0,0.0,1.0,0.0,0.0,19.0,71.0
101,102,1.0,1.0,1.0,1.0,2.0,0.8843982999999298,33.5,15.0,0.4600000000000001,size,orientation,color,0.26,-16.0,16,male,0,2706.1785744,0,26,0.0,1.0,1.0,0.0,1.0,0.0,0.0,20.0,72.0
102,103,2.0,0.0,3.0,0.0,4.0,4.816609099999823,42.5,16.0,0.42,size,orientation,color,0.26,-16.0,16,male,0,2706.1785744,1,26,0.0,2.0,1.0,0.0,0.0,0.0,1.0,0.0,73.0
103,104,2.0,2.0,1.0,0.0,4.0,1.8666516000000684,2.0,0.0,0.14,size,orientation,color,0.26,-16.0,16,male,0,2706.1785744,1,26,0.0,2.0,1.0,0.0,-1.0,0.0,2.0,0.0,74.0
104,105,2.0,0.0,0.0,1.0,4.0,10.516910499999994,-43.0,22.0,0.18,size,orientation,color,0.26,-16.0,16,male,0,2706.1785744,1,26,0.0,0.0,1.0,0.0,0.0,0.0,3.0,0.0,75.0
105,106,2.0,1.0,2.0,0.0,4.0,8.150610700000016,-65.5,1.0,0.42,size,orientation,color,0.26,-16.0,16,male,0,2706.1785744,0,26,0.0,2.0,1.0,0.0,2.0,0.0,4.0,0.0,76.0
106,107,2.0,1.0,0.0,0.0,4.0,10.382607700000108,-83.5,6.0,0.14,size,orientation,color,0.26,-16.0,16,male,0,2706.1785744,1,26,0.0,1.0,1.0,0.0,-2.0,0.0,5.0,0.0,77.0
107,108,2.0,3.0,2.0,0.0,4.0,1.849617099999932,-52.0,18.0,0.38,size,orientation,color,0.26,-16.0,16,male,0,2706.1785744,1,26,0.0,1.0,1.0,0.0,1.0,0.0,6.0,0.0,78.0
108,109,2.0,1.0,1.0,1.0,4.0,4.766203800000085,15.5,18.0,0.1,size,orientation,color,0.26,-16.0,16,male,0,2706.1785744,1,26,0.0,0.0,1.0,0.0,0.0,0.0,7.0,0.0,79.0
109,110,2.0,0.0,0.0,1.0,4.0,2.033453699999882,-34.0,14.0,0.14,size,orientation,color,0.26,-16.0,16,male,0,2706.1785744,0,26,0.0,0.0,1.0,0.0,1.0,0.0,8.0,0.0,80.0
110,111,2.0,3.0,3.0,1.0,4.0,3.566898700000138,47.0,12.0,0.26,size,orientation,color,0.26,-16.0,16,male,0,2706.1785744,0,26,0.0,0.0,1.0,0.0,0.0,0.0,9.0,0.0,81.0
111,112,2.0,2.0,0.0,0.0,4.0,1.1839972000000216,-29.5,6.0,0.22,size,orientation,color,0.26,-16.0,16,male,0,2706.1785744,0,26,0.0,1.0,1.0,0.0,0.0,0.0,10.0,0.0,82.0
112,113,2.0,2.0,2.0,1.0,4.0,5.450024500000154,-34.0,22.0,0.4600000000000001,size,orientation,color,0.26,-16.0,16,male,0,2706.1785744,1,26,0.0,0.0,1.0,0.0,-1.0,0.0,11.0,0.0,83.0
113,114,2.0,3.0,3.0,1.0,4.0,1.3505294999999933,78.5,24.0,0.42,size,orientation,color,0.26,-16.0,16,male,0,2706.1785744,0,26,0.0,0.0,1.0,0.0,1.0,0.0,12.0,0.0,84.0
114,115,2.0,3.0,3.0,1.0,4.0,1.901000300000078,78.5,8.0,0.38,size,orientation,color,0.26,-16.0,16,male,0,2706.1785744,0,26,0.0,0.0,1.0,0.0,0.0,0.0,13.0,0.0,85.0
115,116,2.0,2.0,2.0,1.0,4.0,1.466096899999911,-79.0,7.0,0.3,size,orientation,color,0.26,-16.0,16,male,0,2706.1785744,0,26,0.0,0.0,1.0,0.0,0.0,0.0,14.0,0.0,86.0
116,117,2.0,1.0,1.0,1.0,4.0,3.150440799999842,56.0,7.0,0.14,size,orientation,color,0.26,-16.0,16,male,0,2706.1785744,0,26,0.0,0.0,1.0,0.0,0.0,0.0,15.0,0.0,87.0
117,118,2.0,3.0,3.0,1.0,4.0,2.1838754999998855,60.5,5.0,0.3400000000000001,size,orientation,color,0.26,-16.0,16,male,0,2706.1785744,0,26,0.0,0.0,1.0,0.0,0.0,0.0,16.0,0.0,88.0
118,119,2.0,3.0,3.0,1.0,4.0,1.5000078000000483,56.0,13.0,0.3,size,orientation,color,0.26,-16.0,16,male,0,2706.1785744,0,26,0.0,0.0,1.0,0.0,0.0,0.0,17.0,0.0,89.0
119,120,2.0,2.0,0.0,0.0,4.0,1.5169296999999915,-65.5,3.0,0.22,size,orientation,color,0.26,-16.0,16,male,0,2706.1785744,0,26,0.0,1.0,1.0,0.0,0.0,0.0,18.0,0.0,90.0
120,121,2.0,0.0,0.0,1.0,4.0,4.333446500000036,-70.0,5.0,0.14,size,orientation,color,0.26,-16.0,16,male,0,2706.1785744,1,26,0.0,0.0,1.0,0.0,-1.0,0.0,19.0,0.0,91.0
121,122,2.0,0.0,0.0,1.0,4.0,1.484564900000123,-56.5,11.0,0.1,size,orientation,color,0.26,-16.0,16,male,0,2706.1785744,0,26,0.0,0.0,1.0,0.0,1.0,0.0,20.0,0.0,92.0
122,123,2.0,0.0,0.0,1.0,4.0,2.7836888000001636,-65.5,13.0,0.18,size,orientation,color,0.26,-16.0,16,male,0,2706.1785744,0,26,0.0,0.0,1.0,0.0,0.0,0.0,21.0,0.0,93.0
123,124,2.0,1.0,1.0,1.0,4.0,5.8996117000001504,56.0,4.0,0.14,size,orientation,color,0.26,-16.0,16,male,0,2706.1785744,0,26,0.0,0.0,1.0,0.0,0.0,0.0,22.0,0.0,94.0
124,125,2.0,0.0,1.0,0.0,4.0,2.43324789999997,-16.0,1.0,0.14,size,orientation,color,0.26,-16.0,16,male,0,2706.1785744,0,26,0.0,1.0,1.0,0.0,0.0,0.0,23.0,0.0,95.0
125,126,2.0,3.0,3.0,1.0,4.0,3.7486979000000247,56.0,7.0,0.4600000000000001,size,orientation,color,0.26,-16.0,16,male,0,2706.1785744,1,26,0.0,0.0,1.0,0.0,-1.0,0.0,24.0,0.0,96.0
126,127,2.0,0.0,0.0,1.0,4.0,3.2495996000000105,-29.5,12.0,0.22,size,orientation,color,0.26,-16.0,16,male,0,2706.1785744,0,26,0.0,0.0,1.0,0.0,1.0,0.0,25.0,0.0,97.0
127,128,2.0,0.0,1.0,0.0,4.0,1.3172032999998464,-7.0,6.0,0.22,size,orientation,color,0.26,-16.0,16,male,0,2706.1785744,0,26,0.0,1.0,1.0,0.0,0.0,0.0,26.0,0.0,98.0
128,129,2.0,2.0,3.0,0.0,4.0,3.150243600000067,78.5,13.0,0.42,size,orientation,color,0.26,-16.0,16,male,0,2706.1785744,1,26,0.0,1.0,1.0,0.0,-1.0,0.0,27.0,0.0,99.0
129,130,2.0,0.0,2.0,0.0,4.0,4.749669900000072,-83.5,0.0,0.26,size,orientation,color,0.26,-16.0,16,male,0,2706.1785744,1,26,0.0,1.0,1.0,0.0,0.0,0.0,28.0,0.0,100.0
130,131,2.0,2.0,3.0,0.0,4.0,2.417185600000039,-7.0,10.0,0.4600000000000001,size,orientation,color,0.26,-16.0,16,male,0,2706.1785744,1,26,0.0,1.0,1.0,0.0,0.0,0.0,29.0,0.0,101.0
131,132,2.0,0.0,1.0,0.0,4.0,2.4668506999998954,2.0,14.0,0.14,size,orientation,color,0.26,-16.0,16,male,0,2706.1785744,1,26,0.0,1.0,1.0,0.0,0.0,0.0,30.0,0.0,102.0
132,133,2.0,3.0,3.0,1.0,4.0,6.199793600000021,47.0,22.0,0.4600000000000001,size,orientation,color,0.26,-16.0,16,male,0,2706.1785744,1,26,0.0,0.0,1.0,0.0,0.0,0.0,31.0,0.0,103.0
133,134,2.0,2.0,2.0,1.0,4.0,1.6500674000001254,-74.5,11.0,0.4600000000000001,size,orientation,color,0.26,-16.0,16,male,0,2706.1785744,0,26,0.0,0.0,1.0,0.0,1.0,0.0,32.0,0.0,104.0
134,135,2.0,3.0,3.0,1.0,4.0,1.7836805000001732,11.0,22.0,0.3,size,orientation,color,0.26,-16.0,16,male,0,2706.1785744,0,26,0.0,0.0,1.0,0.0,0.0,0.0,33.0,0.0,105.0
135,136,2.0,3.0,3.0,1.0,4.0,1.2662046999998893,51.5,10.0,0.3,size,orientation,color,0.26,-16.0,16,male,0,2706.1785744,0,26,0.0,0.0,1.0,0.0,0.0,0.0,34.0,0.0,106.0
136,137,2.0,3.0,3.0,1.0,4.0,1.150014800000008,11.0,4.0,0.3,size,orientation,color,0.26,-16.0,16,male,0,2706.1785744,0,26,0.0,0.0,1.0,0.0,0.0,0.0,35.0,0.0,107.0
137,138,2.0,0.0,0.0,1.0,4.0,5.000635699999975,-83.5,22.0,0.18,size,orientation,color,0.26,-16.0,16,male,0,2706.1785744,0,26,0.0,0.0,1.0,0.0,0.0,0.0,36.0,0.0,108.0
138,139,2.0,0.0,0.0,1.0,4.0,2.7170093999998244,-74.5,17.0,0.1,size,orientation,color,0.26,-16.0,16,male,0,2706.1785744,0,26,0.0,0.0,1.0,0.0,0.0,0.0,37.0,0.0,109.0
139,140,2.0,0.0,2.0,0.0,4.0,1.9998487999998815,-25.0,21.0,0.3,size,orientation,color,0.26,-16.0,16,male,0,2706.1785744,0,26,0.0,1.0,1.0,0.0,0.0,0.0,38.0,0.0,110.0
140,141,2.0,3.0,3.0,1.0,4.0,3.0670992999998816,60.5,15.0,0.3,size,orientation,color,0.26,-16.0,16,male,0,2706.1785744,1,26,0.0,0.0,1.0,0.0,-1.0,0.0,39.0,0.0,111.0
141,142,2.0,2.0,2.0,1.0,4.0,2.8672518000000764,-25.0,6.0,0.4600000000000001,size,orientation,color,0.26,-16.0,16,male,0,2706.1785744,0,26,0.0,0.0,1.0,0.0,1.0,0.0,40.0,0.0,112.0
142,143,2.0,3.0,3.0,1.0,4.0,1.1494824999999764,38.0,4.0,0.3,size,orientation,color,0.26,-16.0,16,male,0,2706.1785744,0,26,0.0,0.0,1.0,0.0,0.0,0.0,41.0,0.0,113.0
143,144,2.0,0.0,1.0,0.0,4.0,4.116718699999865,-7.0,6.0,0.1,size,orientation,color,0.26,-16.0,16,male,0,2706.1785744,0,26,0.0,1.0,1.0,0.0,0.0,0.0,42.0,0.0,114.0
144,145,2.0,0.0,2.0,0.0,4.0,2.0840771999999106,-25.0,1.0,0.3,size,orientation,color,0.26,-16.0,16,male,0,2706.1785744,1,26,0.0,1.0,1.0,0.0,-1.0,0.0,43.0,0.0,115.0
145,146,2.0,2.0,2.0,1.0,4.0,1.2000087000001258,-74.5,9.0,0.42,size,orientation,color,0.26,-16.0,16,male,0,2706.1785744,1,26,0.0,0.0,1.0,0.0,0.0,0.0,44.0,0.0,116.0
146,147,2.0,2.0,2.0,1.0,4.0,2.0340268999998443,-52.0,2.0,0.26,size,orientation,color,0.26,-16.0,16,male,0,2706.1785744,0,26,0.0,0.0,1.0,0.0,1.0,0.0,45.0,0.0,117.0
147,148,2.0,2.0,3.0,0.0,4.0,0.0078208999998423,11.0,14.0,0.42,size,orientation,color,0.26,-16.0,16,male,0,2706.1785744,0,26,0.0,1.0,1.0,0.0,0.0,0.0,46.0,0.0,118.0
148,149,2.0,3.0,3.0,1.0,4.0,1.0171843000000536,51.5,7.0,0.3400000000000001,size,orientation,color,0.26,-16.0,16,male,0,2706.1785744,1,26,0.0,0.0,1.0,0.0,-1.0,0.0,47.0,0.0,119.0
149,150,2.0,2.0,0.0,0.0,4.0,7.217107899999974,-43.0,2.0,0.22,size,orientation,color,0.26,-16.0,16,male,0,2706.1785744,0,26,0.0,1.0,1.0,0.0,1.0,0.0,48.0,0.0,120.0
150,151,2.0,3.0,1.0,0.0,4.0,1.5009150999999292,65.0,11.0,0.14,size,orientation,color,0.26,-16.0,16,male,0,2706.1785744,1,26,0.0,1.0,1.0,0.0,-1.0,0.0,49.0,0.0,121.0
151,152,2.0,0.0,2.0,0.0,4.0,2.3163590999999997,-20.5,16.0,0.3,size,orientation,color,0.26,-16.0,16,male,0,2706.1785744,1,26,0.0,1.0,1.0,0.0,0.0,0.0,50.0,0.0,122.0
152,153,2.0,0.0,2.0,0.0,4.0,2.7324902999998812,-74.5,15.0,0.3400000000000001,size,orientation,color,0.26,-16.0,16,male,0,2706.1785744,1,26,0.0,1.0,1.0,0.0,0.0,0.0,51.0,0.0,123.0
153,154,2.0,3.0,3.0,1.0,4.0,1.2505223999999089,29.0,7.0,0.38,size,orientation,color,0.26,-16.0,16,male,0,2706.1785744,1,26,0.0,0.0,1.0,0.0,0.0,0.0,52.0,0.0,124.0
154,155,2.0,2.0,3.0,0.0,4.0,2.500103999999965,87.5,9.0,0.42,size,orientation,color,0.26,-16.0,16,male,0,2706.1785744,0,26,0.0,1.0,1.0,0.0,1.0,0.0,53.0,0.0,125.0
155,156,2.0,2.0,3.0,0.0,4.0,2.4163568999999825,69.5,24.0,0.3400000000000001,size,orientation,color,0.26,-16.0,16,male,0,2706.1785744,1,26,0.0,1.0,1.0,0.0,-1.0,0.0,54.0,0.0,126.0
156,157,2.0,3.0,3.0,1.0,4.0,6.18381740000018,87.5,24.0,0.3,size,orientation,color,0.26,-16.0,16,male,0,2706.1785744,1,26,0.0,0.0,1.0,0.0,0.0,0.0,55.0,0.0,127.0
157,158,2.0,0.0,0.0,1.0,4.0,6.066900600000054,-25.0,11.0,0.1,size,orientation,color,0.26,-16.0,16,male,0,2706.1785744,0,26,0.0,0.0,1.0,0.0,1.0,0.0,56.0,0.0,128.0
158,159,2.0,0.0,3.0,0.0,4.0,1.200863199999958,-7.0,6.0,0.26,size,orientation,color,0.26,-16.0,16,male,0,2706.1785744,0,26,0.0,2.0,1.0,0.0,0.0,0.0,57.0,0.0,129.0
159,160,2.0,0.0,3.0,0.0,4.0,10.916316699999925,-2.5,12.0,0.42,size,orientation,color,0.26,-16.0,16,male,0,2706.1785744,1,26,0.0,2.0,1.0,0.0,-2.0,0.0,58.0,0.0,130.0
160,161,2.0,3.0,1.0,0.0,4.0,6.782643300000018,51.5,4.0,0.22,size,orientation,color,0.26,-16.0,16,male,0,2706.1785744,1,26,0.0,1.0,1.0,0.0,0.0,0.0,59.0,0.0,131.0
161,162,3.0,7.0,7.0,1.0,8.0,3.21614610000006,65.0,24.0,0.3,size,orientation,color,0.26,-16.0,16,male,0,2706.1785744,1,26,0.0,1.0,0.0,0.0,0.0,0.0,60.0,1.0,0.0
162,163,3.0,6.0,7.0,0.0,8.0,1.7668897999999444,38.0,13.0,0.3,size,orientation,color,0.26,-16.0,16,male,0,2706.1785744,0,26,0.0,1.0,1.0,0.0,0.0,1.0,61.0,2.0,0.0
163,164,3.0,0.0,2.0,0.0,8.0,5.932285899999897,-11.5,8.0,0.14,size,orientation,color,0.26,-16.0,16,male,0,2706.1785744,1,26,0.0,1.0,1.0,0.0,0.0,-1.0,62.0,3.0,0.0
164,165,3.0,7.0,5.0,0.0,8.0,3.8993208000001687,-65.5,20.0,0.4600000000000001,size,orientation,color,0.26,-16.0,16,male,0,2706.1785744,1,26,0.0,1.0,1.0,0.0,0.0,0.0,63.0,4.0,0.0
165,166,3.0,4.0,6.0,0.0,8.0,1.917192499999828,60.5,4.0,0.38,size,orientation,color,0.26,-16.0,16,male,0,2706.1785744,1,26,0.0,1.0,1.0,0.0,0.0,0.0,64.0,5.0,0.0
166,167,3.0,6.0,7.0,0.0,8.0,0.7495026999999936,15.5,21.0,0.3400000000000001,size,orientation,color,0.26,-16.0,16,male,0,2706.1785744,1,26,0.0,1.0,1.0,0.0,0.0,0.0,65.0,6.0,0.0
167,168,3.0,1.0,3.0,0.0,8.0,1.4999017999998614,-16.0,24.0,0.14,size,orientation,color,0.26,-16.0,16,male,0,2706.1785744,1,26,0.0,1.0,1.0,0.0,0.0,0.0,66.0,7.0,0.0
168,169,3.0,5.0,6.0,0.0,8.0,3.766777699999921,56.0,1.0,0.3400000000000001,size,orientation,color,0.26,-16.0,16,male,0,2706.1785744,1,26,0.0,1.0,2.0,0.0,0.0,0.0,67.0,8.0,0.0
169,170,3.0,2.0,4.0,0.0,8.0,1.7819769000000178,-25.0,12.0,0.3,size,orientation,color,0.26,-16.0,16,male,0,2706.1785744,1,26,0.0,1.0,2.0,0.0,0.0,-1.0,68.0,9.0,0.0
170,171,3.0,5.0,6.0,0.0,8.0,9.116450600000007,78.5,7.0,0.26,size,orientation,color,0.26,-16.0,16,male,0,2706.1785744,1,26,0.0,1.0,2.0,0.0,0.0,0.0,69.0,10.0,0.0
171,172,2.0,3.0,3.0,1.0,4.0,8.999836799999912,83.0,23.0,0.26,size,orientation,color,0.26,-16.0,16,male,0,2706.1785744,1,26,0.0,0.0,2.0,0.0,0.0,0.0,70.0,0.0,1.0
172,173,2.0,3.0,3.0,1.0,4.0,2.3668826999999055,29.0,5.0,0.42,size,orientation,color,0.26,-16.0,16,male,0,2706.1785744,0,26,0.0,0.0,2.0,0.0,1.0,0.0,71.0,0.0,2.0
173,174,2.0,3.0,1.0,0.0,4.0,2.667075300000078,24.5,18.0,0.22,size,orientation,color,0.26,-16.0,16,male,0,2706.1785744,0,26,0.0,1.0,2.0,0.0,0.0,0.0,72.0,0.0,3.0
174,175,3.0,4.0,2.0,0.0,8.0,2.115722399999868,-2.5,6.0,0.18,size,orientation,color,0.26,-16.0,16,male,0,2706.1785744,1,26,0.0,1.0,2.0,0.0,0.0,0.0,73.0,1.0,0.0
175,176,2.0,1.0,1.0,1.0,4.0,4.917675000000145,38.0,23.0,0.14,size,orientation,color,0.26,-16.0,16,male,0,2706.1785744,1,26,0.0,0.0,2.0,0.0,0.0,0.0,74.0,0.0,1.0
176,177,2.0,2.0,0.0,0.0,4.0,4.117501900000207,-47.5,5.0,0.22,size,orientation,color,0.26,-16.0,16,male,0,2706.1785744,0,26,0.0,1.0,2.0,0.0,1.0,0.0,75.0,0.0,2.0
177,178,3.0,4.0,6.0,0.0,8.0,3.649337100000139,87.5,8.0,0.26,size,orientation,color,0.26,-16.0,16,male,0,2706.1785744,1,26,0.0,1.0,1.0,0.0,1.0,0.0,76.0,1.0,0.0
178,179,2.0,3.0,3.0,1.0,4.0,2.183849399999872,33.5,16.0,0.4600000000000001,size,orientation,color,0.26,-16.0,16,male,0,2706.1785744,1,26,0.0,0.0,1.0,0.0,0.0,0.0,77.0,0.0,1.0
179,180,2.0,1.0,2.0,0.0,4.0,7.3173352999997405,-43.0,14.0,0.26,size,orientation,color,0.26,-16.0,16,male,0,2706.1785744,0,26,0.0,2.0,1.0,0.0,1.0,0.0,78.0,0.0,2.0
180,181,2.0,2.0,3.0,0.0,4.0,1.4323929000001954,47.0,12.0,0.3400000000000001,size,orientation,color,0.26,-16.0,16,male,0,2706.1785744,1,26,0.0,1.0,1.0,0.0,-2.0,0.0,79.0,0.0,3.0
181,182,2.0,2.0,2.0,1.0,4.0,2.716482900000301,-74.5,14.0,0.42,size,orientation,color,0.26,-16.0,16,male,0,2706.1785744,1,26,0.0,0.0,1.0,0.0,1.0,0.0,80.0,0.0,4.0
182,183,2.0,2.0,2.0,1.0,4.0,0.9166406000003916,-74.5,20.0,0.3,size,orientation,color,0.26,-16.0,16,male,0,2706.1785744,0,26,0.0,0.0,1.0,0.0,1.0,0.0,81.0,0.0,5.0
183,184,2.0,3.0,3.0,1.0,4.0,1.716805900000054,11.0,24.0,0.3,size,orientation,color,0.26,-16.0,16,male,0,2706.1785744,0,26,0.0,0.0,1.0,0.0,0.0,0.0,82.0,0.0,6.0
184,185,2.0,0.0,0.0,1.0,4.0,9.200259800000367,-20.5,19.0,0.14,size,orientation,color,0.26,-16.0,16,male,0,2706.1785744,0,26,0.0,0.0,1.0,0.0,0.0,0.0,83.0,0.0,7.0
185,186,2.0,0.0,0.0,1.0,4.0,2.0333621999998286,-29.5,8.0,0.18,size,orientation,color,0.26,-16.0,16,male,0,2706.1785744,0,26,0.0,0.0,1.0,0.0,0.0,0.0,84.0,0.0,8.0
186,187,2.0,3.0,3.0,1.0,4.0,1.7007666999998037,29.0,14.0,0.4600000000000001,size,orientation,color,0.26,-16.0,16,male,0,2706.1785744,0,26,0.0,0.0,1.0,0.0,0.0,0.0,85.0,0.0,9.0
187,188,2.0,3.0,1.0,0.0,4.0,12.150424700000258,69.5,7.0,0.18,size,orientation,color,0.26,-16.0,16,male,0,2706.1785744,0,26,0.0,1.0,1.0,0.0,0.0,0.0,86.0,0.0,10.0
188,189,2.0,3.0,3.0,1.0,4.0,1.0668279000001348,20.0,16.0,0.3,size,orientation,color,0.26,-16.0,16,male,0,2706.1785744,1,26,0.0,0.0,1.0,0.0,-1.0,0.0,87.0,0.0,11.0
189,190,2.0,2.0,2.0,1.0,4.0,2.634271500000068,-47.5,24.0,0.3,size,orientation,color,0.26,-16.0,16,male,0,2706.1785744,0,26,0.0,0.0,1.0,0.0,1.0,0.0,88.0,0.0,12.0
190,191,2.0,2.0,3.0,0.0,4.0,1.6997879999998986,-7.0,17.0,0.4600000000000001,size,orientation,color,0.26,-16.0,16,male,0,2706.1785744,0,26,0.0,1.0,1.0,0.0,0.0,0.0,89.0,0.0,13.0
191,192,2.0,3.0,3.0,1.0,4.0,1.7660934000000452,65.0,11.0,0.42,size,orientation,color,0.26,-16.0,16,male,0,2706.1785744,1,26,0.0,0.0,1.0,0.0,-1.0,0.0,90.0,0.0,14.0
192,193,2.0,1.0,1.0,1.0,4.0,2.68242680000003,74.0,2.0,0.1,size,orientation,color,0.26,-16.0,16,male,0,2706.1785744,0,26,0.0,0.0,1.0,0.0,1.0,0.0,91.0,0.0,15.0
193,194,2.0,3.0,3.0,1.0,4.0,2.7503841000002467,38.0,6.0,0.38,size,orientation,color,0.26,-16.0,16,male,0,2706.1785744,0,26,0.0,0.0,1.0,0.0,0.0,0.0,92.0,0.0,16.0
194,195,2.0,0.0,0.0,1.0,4.0,5.4505787999996755,-61.0,12.0,0.22,size,orientation,color,0.26,-16.0,16,male,0,2706.1785744,0,26,0.0,0.0,1.0,0.0,0.0,0.0,93.0,0.0,17.0
195,196,2.0,0.0,2.0,0.0,4.0,1.900319800000034,-83.5,1.0,0.26,size,orientation,color,0.26,-16.0,16,male,0,2706.1785744,0,26,0.0,1.0,1.0,0.0,0.0,0.0,94.0,0.0,18.0
196,197,2.0,2.0,2.0,1.0,4.0,3.9992723000000296,-79.0,22.0,0.4600000000000001,size,orientation,color,0.26,-16.0,16,male,0,2706.1785744,1,26,0.0,0.0,1.0,0.0,-1.0,0.0,95.0,0.0,19.0
197,198,2.0,0.0,0.0,1.0,4.0,7.032839599999988,-38.5,13.0,0.14,size,orientation,color,0.26,-16.0,16,male,0,2706.1785744,0,26,0.0,0.0,1.0,0.0,1.0,0.0,96.0,0.0,20.0
198,199,2.0,2.0,3.0,0.0,4.0,2.36750260000008,42.5,12.0,0.26,size,orientation,color,0.26,-16.0,16,male,0,2706.1785744,0,26,0.0,1.0,1.0,0.0,0.0,0.0,97.0,0.0,21.0
199,200,2.0,3.0,3.0,1.0,4.0,7.816294000000198,78.5,14.0,0.3400000000000001,size,orientation,color,0.26,-16.0,16,male,0,2706.1785744,1,26,0.0,0.0,1.0,0.0,-1.0,0.0,98.0,0.0,22.0
200,201,2.0,0.0,0.0,1.0,4.0,8.783403800000087,-34.0,13.0,0.1,size,orientation,color,0.26,-16.0,16,male,0,2706.1785744,0,26,0.0,0.0,1.0,0.0,1.0,0.0,99.0,0.0,23.0
201,202,2.0,3.0,3.0,1.0,4.0,1.800029099999847,56.0,13.0,0.3400000000000001,size,orientation,color,0.26,-16.0,16,male,0,2706.1785744,0,26,0.0,0.0,1.0,0.0,0.0,0.0,100.0,0.0,24.0
202,203,2.0,3.0,3.0,1.0,4.0,2.5843767999999727,60.5,7.0,0.3400000000000001,size,orientation,color,0.26,-16.0,16,male,0,2706.1785744,0,26,0.0,0.0,1.0,0.0,0.0,0.0,101.0,0.0,25.0
203,204,2.0,3.0,3.0,1.0,4.0,3.0660071000002063,6.5,2.0,0.3400000000000001,size,orientation,color,0.26,-16.0,16,male,0,2706.1785744,0,26,0.0,0.0,1.0,0.0,0.0,0.0,102.0,0.0,26.0
204,205,2.0,3.0,3.0,1.0,4.0,1.266830900000059,65.0,0.0,0.26,size,orientation,color,0.26,-16.0,16,male,0,2706.1785744,0,26,0.0,0.0,1.0,0.0,0.0,0.0,103.0,0.0,27.0
205,206,2.0,3.0,3.0,1.0,4.0,1.16785660000005,69.5,8.0,0.3,size,orientation,color,0.26,-16.0,16,male,0,2706.1785744,0,26,0.0,0.0,1.0,0.0,0.0,0.0,104.0,0.0,28.0
206,207,2.0,3.0,3.0,1.0,4.0,0.88347930000009,69.5,16.0,0.38,size,orientation,color,0.26,-16.0,16,male,0,2706.1785744,0,26,0.0,0.0,1.0,0.0,0.0,0.0,105.0,0.0,29.0
207,208,2.0,3.0,3.0,1.0,4.0,0.7833313000000999,47.0,6.0,0.3400000000000001,size,orientation,color,0.26,-16.0,16,male,0,2706.1785744,0,26,0.0,0.0,1.0,0.0,0.0,0.0,106.0,0.0,30.0
208,209,2.0,2.0,2.0,1.0,4.0,10.516989400000057,-52.0,16.0,0.26,size,orientation,color,0.26,-16.0,16,male,0,2706.1785744,0,26,0.0,0.0,1.0,0.0,0.0,0.0,107.0,0.0,31.0
209,210,3.0,0.0,0.0,1.0,8.0,13.716910799999823,-65.5,1.0,0.14,size,orientation,color,0.26,-16.0,16,male,0,2706.1785744,1,26,0.0,0.0,0.0,0.0,0.0,0.0,108.0,1.0,0.0
210,211,3.0,0.0,3.0,0.0,8.0,1.1163786000001892,-16.0,17.0,0.1,size,orientation,color,0.26,-16.0,16,male,0,2706.1785744,0,26,0.0,0.0,2.0,0.0,0.0,1.0,109.0,2.0,0.0
211,212,3.0,0.0,6.0,0.0,8.0,1.5998664999997343,-16.0,9.0,0.3400000000000001,size,orientation,color,0.26,-16.0,16,male,0,2706.1785744,1,26,0.0,0.0,2.0,0.0,0.0,-2.0,110.0,3.0,0.0
212,213,3.0,0.0,6.0,0.0,8.0,8.066945099999884,-11.5,12.0,0.3400000000000001,size,orientation,color,0.26,-16.0,16,male,0,2706.1785744,1,26,0.0,0.0,2.0,0.0,0.0,0.0,111.0,4.0,0.0
213,214,3.0,7.0,7.0,1.0,8.0,1.4660297999998877,29.0,16.0,0.4600000000000001,size,orientation,color,0.26,-16.0,16,male,0,2706.1785744,1,26,0.0,0.0,0.0,0.0,0.0,0.0,112.0,5.0,0.0
214,215,3.0,2.0,4.0,0.0,8.0,4.832354399999986,-79.0,12.0,0.26,size,orientation,color,0.26,-16.0,16,male,0,2706.1785744,0,26,0.0,0.0,2.0,0.0,0.0,2.0,113.0,6.0,0.0
215,216,3.0,1.0,7.0,0.0,8.0,5.216653699999824,24.5,17.0,0.38,size,orientation,color,0.26,-16.0,16,male,0,2706.1785744,1,26,0.0,0.0,2.0,0.0,0.0,-2.0,114.0,7.0,0.0
216,217,3.0,2.0,6.0,0.0,8.0,4.31555520000029,2.0,7.0,0.4600000000000001,size,orientation,color,0.26,-16.0,16,male,0,2706.1785744,1,26,0.0,0.0,1.0,0.0,0.0,0.0,115.0,8.0,0.0
217,218,3.0,1.0,3.0,0.0,8.0,27.30038499999955,-7.0,18.0,0.1,size,orientation,color,0.26,-16.0,16,male,0,2706.1785744,1,26,0.0,0.0,1.0,0.0,0.0,1.0,116.0,9.0,0.0
218,219,3.0,7.0,7.0,1.0,8.0,4.848187499999767,20.0,19.0,0.4600000000000001,size,orientation,color,0.26,-16.0,16,male,0,2706.1785744,1,26,0.0,0.0,0.0,0.0,0.0,0.0,117.0,10.0,0.0
219,220,3.0,6.0,4.0,0.0,8.0,11.900689799999782,-47.5,0.0,0.3400000000000001,size,orientation,color,0.26,-16.0,16,male,0,2706.1785744,0,26,0.0,0.0,1.0,0.0,0.0,1.0,118.0,11.0,0.0
220,221,3.0,2.0,0.0,0.0,8.0,16.415541700000176,-29.5,10.0,0.14,size,orientation,color,0.26,-16.0,16,male,0,2706.1785744,1,26,0.0,0.0,1.0,0.0,0.0,-1.0,119.0,12.0,0.0
221,222,3.0,6.0,6.0,1.0,8.0,6.132893100000274,-2.5,8.0,0.42,size,orientation,color,0.26,-16.0,16,male,0,2706.1785744,1,26,0.0,0.0,0.0,0.0,0.0,0.0,120.0,13.0,0.0
222,223,3.0,3.0,1.0,0.0,8.0,21.184154399999898,-52.0,19.0,0.14,size,orientation,color,0.26,-16.0,16,male,0,2706.1785744,0,26,0.0,0.0,1.0,0.0,0.0,1.0,121.0,14.0,0.0
223,224,3.0,6.0,4.0,0.0,8.0,11.532797600000322,-25.0,11.0,0.38,size,orientation,color,0.26,-16.0,16,male,0,2706.1785744,1,26,0.0,0.0,1.0,0.0,0.0,-1.0,122.0,15.0,0.0
224,225,3.0,4.0,6.0,0.0,8.0,13.51667419999967,42.5,5.0,0.38,size,orientation,color,0.26,-16.0,16,male,0,2706.1785744,1,26,0.0,0.0,1.0,0.0,0.0,0.0,123.0,16.0,0.0
225,226,3.0,3.0,3.0,1.0,8.0,13.8660718000001,11.0,14.0,0.14,size,orientation,color,0.26,-16.0,16,male,0,2706.1785744,1,26,0.0,0.0,0.0,0.0,0.0,0.0,124.0,17.0,0.0
226,227,3.0,2.0,2.0,1.0,8.0,10.183149199999662,33.5,2.0,0.18,size,orientation,color,0.26,-16.0,16,male,0,2706.1785744,0,26,0.0,0.0,0.0,0.0,0.0,1.0,125.0,18.0,0.0
227,228,3.0,7.0,7.0,1.0,8.0,3.917649600000004,38.0,17.0,0.4600000000000001,size,orientation,color,0.26,-16.0,16,male,0,2706.1785744,0,26,0.0,0.0,0.0,0.0,0.0,0.0,126.0,19.0,0.0
228,229,3.0,5.0,5.0,1.0,8.0,5.617175400000178,-47.5,17.0,0.38,size,orientation,color,0.26,-16.0,16,male,0,2706.1785744,0,26,0.0,0.0,0.0,0.0,0.0,0.0,127.0,20.0,0.0
229,230,3.0,1.0,1.0,1.0,8.0,14.567436199999976,-88.0,19.0,0.1,size,orientation,color,0.26,-16.0,16,male,0,2706.1785744,0,26,0.0,0.0,0.0,0.0,0.0,0.0,128.0,21.0,0.0
230,231,3.0,4.0,4.0,1.0,8.0,16.917256499999894,-20.5,8.0,0.3,size,orientation,color,0.26,-16.0,16,male,0,2706.1785744,0,26,0.0,0.0,0.0,0.0,0.0,0.0,129.0,22.0,0.0
231,232,3.0,1.0,1.0,1.0,8.0,11.550477000000228,-65.5,22.0,0.14,size,orientation,color,0.26,-16.0,16,male,0,2706.1785744,0,26,0.0,0.0,0.0,0.0,0.0,0.0,130.0,23.0,0.0
232,233,3.0,2.0,2.0,1.0,8.0,18.00047339999992,78.5,4.0,0.18,size,orientation,color,0.26,-16.0,16,male,0,2706.1785744,0,26,0.0,0.0,0.0,0.0,0.0,0.0,131.0,24.0,0.0
233,234,3.0,7.0,7.0,1.0,8.0,17.917278599999918,15.5,17.0,0.26,size,orientation,color,0.26,-16.0,16,male,0,2706.1785744,0,26,0.0,0.0,0.0,0.0,0.0,0.0,132.0,25.0,0.0
234,235,3.0,5.0,5.0,1.0,8.0,3.000520300000062,-74.5,21.0,0.42,size,orientation,color,0.26,-16.0,16,male,0,2706.1785744,0,26,0.0,0.0,0.0,0.0,0.0,0.0,133.0,26.0,0.0
235,236,2.0,0.0,2.0,0.0,4.0,5.100113599999986,-25.0,18.0,0.42,size,orientation,color,0.26,-16.0,16,male,0,2706.1785744,1,26,0.0,1.0,0.0,0.0,0.0,0.0,134.0,0.0,1.0
236,237,2.0,3.0,1.0,0.0,4.0,4.4164427000000614,15.5,17.0,0.22,size,orientation,color,0.26,-16.0,16,male,0,2706.1785744,1,26,0.0,1.0,0.0,0.0,-1.0,0.0,135.0,0.0,2.0
237,238,2.0,3.0,3.0,1.0,4.0,19.036057900000287,11.0,19.0,0.38,size,orientation,color,0.26,-16.0,16,male,0,2706.1785744,1,26,0.0,0.0,0.0,0.0,0.0,0.0,136.0,0.0,3.0
238,239,2.0,0.0,2.0,0.0,4.0,9.350585499999852,-79.0,6.0,0.26,size,orientation,color,0.26,-16.0,16,male,0,2706.1785744,0,26,0.0,1.0,0.0,0.0,1.0,0.0,137.0,0.0,4.0
239,240,2.0,3.0,1.0,0.0,4.0,2.849836900000355,42.5,15.0,0.18,size,orientation,color,0.26,-16.0,16,male,0,2706.1785744,1,26,0.0,1.0,0.0,0.0,-1.0,0.0,138.0,0.0,5.0
240,241,2.0,0.0,2.0,0.0,4.0,14.483730800000105,-83.5,7.0,0.3400000000000001,size,orientation,color,0.26,-16.0,16,male,0,2706.1785744,1,26,0.0,1.0,0.0,0.0,0.0,0.0,139.0,0.0,6.0
241,242,2.0,0.0,3.0,0.0,4.0,1.632654800000182,-7.0,22.0,0.3400000000000001,size,orientation,color,0.26,-16.0,16,male,0,2706.1785744,1,26,0.0,2.0,0.0,0.0,0.0,0.0,140.0,0.0,7.0
242,243,2.0,3.0,3.0,1.0,4.0,3.8639656000000286,24.5,14.0,0.3,size,orientation,color,0.26,-16.0,16,male,0,2706.1785744,1,26,0.0,0.0,0.0,0.0,-1.0,0.0,141.0,0.0,8.0
243,244,2.0,2.0,2.0,1.0,4.0,2.4819194000001517,-38.5,18.0,0.4600000000000001,size,orientation,color,0.26,-16.0,16,male,0,2706.1785744,0,26,0.0,0.0,0.0,0.0,2.0,0.0,142.0,0.0,9.0
244,245,2.0,0.0,2.0,0.0,4.0,7.249937999999929,-20.5,1.0,0.3,size,orientation,color,0.26,-16.0,16,male,0,2706.1785744,0,26,0.0,1.0,0.0,0.0,0.0,0.0,143.0,0.0,10.0
245,246,2.0,3.0,3.0,1.0,4.0,6.666347200000018,69.5,8.0,0.4600000000000001,size,orientation,color,0.26,-16.0,16,male,0,2706.1785744,1,26,0.0,0.0,0.0,0.0,-1.0,0.0,144.0,0.0,11.0
246,247,2.0,2.0,3.0,0.0,4.0,2.399779700000181,-11.5,4.0,0.3400000000000001,size,orientation,color,0.26,-16.0,16,male,0,2706.1785744,0,26,0.0,1.0,0.0,0.0,1.0,0.0,145.0,0.0,12.0
247,248,2.0,1.0,0.0,0.0,4.0,10.66755989999956,-65.5,15.0,0.14,size,orientation,color,0.26,-16.0,16,male,0,2706.1785744,1,26,0.0,1.0,0.0,0.0,-1.0,0.0,146.0,0.0,13.0
248,249,2.0,3.0,1.0,0.0,4.0,5.000430100000358,20.0,10.0,0.22,size,orientation,color,0.26,-16.0,16,male,0,2706.1785744,1,26,0.0,1.0,0.0,0.0,0.0,0.0,147.0,0.0,14.0
249,250,2.0,0.0,2.0,0.0,4.0,9.06789149999986,-25.0,1.0,0.3,size,orientation,color,0.26,-16.0,16,male,0,2706.1785744,1,26,0.0,1.0,0.0,0.0,0.0,0.0,148.0,0.0,15.0
250,251,2.0,2.0,1.0,0.0,4.0,1.8001924000000145,47.0,2.0,0.14,size,orientation,color,0.26,-16.0,16,male,0,2706.1785744,1,26,0.0,2.0,0.0,0.0,0.0,0.0,149.0,0.0,16.0
251,252,2.0,3.0,1.0,0.0,4.0,13.9005345999999,51.5,23.0,0.18,size,orientation,color,0.26,-16.0,16,male,0,2706.1785744,1,26,0.0,1.0,0.0,0.0,-1.0,0.0,150.0,0.0,17.0
252,253,2.0,3.0,3.0,1.0,4.0,1.750295400000141,51.5,5.0,0.4600000000000001,size,orientation,color,0.26,-16.0,16,male,0,2706.1785744,1,26,0.0,0.0,0.0,0.0,1.0,0.0,151.0,0.0,18.0
253,254,2.0,2.0,1.0,0.0,4.0,2.6163602999999966,83.0,16.0,0.14,size,orientation,color,0.26,-16.0,16,male,0,2706.1785744,0,26,0.0,2.0,0.0,0.0,1.0,0.0,152.0,0.0,19.0
254,255,2.0,0.0,1.0,0.0,4.0,2.6997354999998606,69.5,21.0,0.14,size,orientation,color,0.26,-16.0,16,male,0,2706.1785744,1,26,0.0,1.0,0.0,0.0,-2.0,0.0,153.0,0.0,20.0
255,256,2.0,0.0,2.0,0.0,4.0,6.466399300000376,-43.0,18.0,0.26,size,orientation,color,0.26,-16.0,16,male,0,2706.1785744,1,26,0.0,1.0,0.0,0.0,1.0,0.0,154.0,0.0,21.0
256,257,2.0,2.0,1.0,0.0,4.0,3.0164205000000948,-7.0,1.0,0.18,size,orientation,color,0.26,-16.0,16,male,0,2706.1785744,1,26,0.0,2.0,0.0,0.0,0.0,0.0,155.0,0.0,22.0
257,258,2.0,3.0,3.0,1.0,4.0,1.6669154000001072,69.5,17.0,0.4600000000000001,size,orientation,color,0.26,-16.0,16,male,0,2706.1785744,1,26,0.0,0.0,0.0,0.0,-1.0,0.0,156.0,0.0,23.0
258,259,2.0,2.0,0.0,0.0,4.0,2.549955299999965,-38.5,7.0,0.14,size,orientation,color,0.26,-16.0,16,male,0,2706.1785744,0,26,0.0,1.0,0.0,0.0,2.0,0.0,157.0,0.0,24.0
259,260,2.0,1.0,1.0,1.0,4.0,1.499021900000116,69.5,1.0,0.18,size,orientation,color,0.26,-16.0,16,male,0,2706.1785744,1,26,0.0,0.0,0.0,0.0,-1.0,0.0,158.0,0.0,25.0
260,261,2.0,1.0,1.0,1.0,4.0,1.5833059999999932,42.5,3.0,0.22,size,orientation,color,0.26,-16.0,16,male,0,2706.1785744,0,26,0.0,0.0,0.0,0.0,1.0,0.0,159.0,0.0,26.0
261,262,2.0,1.0,3.0,0.0,4.0,2.433491799999956,56.0,22.0,0.3,size,orientation,color,0.26,-16.0,16,male,0,2706.1785744,0,26,0.0,1.0,0.0,0.0,0.0,0.0,160.0,0.0,27.0
262,263,2.0,3.0,3.0,1.0,4.0,1.3990777000003618,56.0,0.0,0.42,size,orientation,color,0.26,-16.0,16,male,0,2706.1785744,1,26,0.0,0.0,0.0,0.0,-1.0,0.0,161.0,0.0,28.0
263,264,2.0,1.0,1.0,1.0,4.0,3.4665273000000525,33.5,21.0,0.1,size,orientation,color,0.26,-16.0,16,male,0,2706.1785744,0,26,0.0,0.0,0.0,0.0,1.0,0.0,162.0,0.0,29.0
264,265,2.0,1.0,1.0,1.0,4.0,1.2509535999997752,74.0,7.0,0.18,size,orientation,color,0.26,-16.0,16,male,0,2706.1785744,0,26,0.0,0.0,0.0,0.0,0.0,0.0,163.0,0.0,30.0
265,266,2.0,2.0,1.0,0.0,4.0,2.400039000000106,-16.0,8.0,0.22,size,orientation,color,0.26,-16.0,16,male,0,2706.1785744,0,26,0.0,2.0,0.0,0.0,0.0,0.0,164.0,0.0,31.0
266,267,2.0,0.0,2.0,0.0,4.0,4.2989598999997725,-20.5,1.0,0.3,size,orientation,color,0.26,-16.0,16,male,0,2706.1785744,1,26,0.0,1.0,0.0,0.0,-2.0,0.0,165.0,0.0,32.0
267,268,2.0,3.0,1.0,0.0,4.0,6.051002100000005,83.0,14.0,0.22,size,orientation,color,0.26,-16.0,16,male,0,2706.1785744,1,26,0.0,1.0,0.0,0.0,1.0,0.0,166.0,0.0,33.0
268,269,2.0,3.0,3.0,1.0,4.0,1.834282799999983,6.5,8.0,0.38,size,orientation,color,0.26,-16.0,16,male,0,2706.1785744,1,26,0.0,0.0,0.0,0.0,0.0,0.0,167.0,0.0,34.0
269,270,2.0,3.0,2.0,0.0,4.0,4.09872280000036,-52.0,17.0,0.42,size,orientation,color,0.26,-16.0,16,male,0,2706.1785744,0,26,0.0,1.0,0.0,0.0,1.0,0.0,168.0,0.0,35.0
270,271,2.0,2.0,2.0,1.0,4.0,1.8332477000003564,-38.5,21.0,0.42,size,orientation,color,0.26,-16.0,16,male,0,2706.1785744,1,26,0.0,0.0,0.0,0.0,-1.0,0.0,169.0,0.0,36.0
271,272,2.0,0.0,0.0,1.0,4.0,2.1163486000000375,-83.5,6.0,0.22,size,orientation,color,0.26,-16.0,16,male,0,2706.1785744,0,26,0.0,0.0,0.0,0.0,1.0,0.0,170.0,0.0,37.0
272,273,2.0,3.0,3.0,1.0,4.0,1.599953099999766,11.0,6.0,0.4600000000000001,size,orientation,color,0.26,-16.0,16,male,0,2706.1785744,0,26,0.0,0.0,0.0,0.0,0.0,0.0,171.0,0.0,38.0
273,274,2.0,3.0,3.0,1.0,4.0,3.816727599999922,51.5,9.0,0.42,size,orientation,color,0.26,-16.0,16,male,0,2706.1785744,0,26,0.0,0.0,0.0,0.0,0.0,0.0,172.0,0.0,39.0
274,275,2.0,3.0,3.0,1.0,4.0,1.2839780999997856,20.0,4.0,0.3,size,orientation,color,0.26,-16.0,16,male,0,2706.1785744,0,26,0.0,0.0,0.0,0.0,0.0,0.0,173.0,0.0,40.0
275,276,2.0,1.0,1.0,1.0,4.0,5.200593900000058,20.0,14.0,0.14,size,orientation,color,0.26,-16.0,16,male,0,2706.1785744,0,26,0.0,0.0,0.0,0.0,0.0,0.0,174.0,0.0,41.0
276,277,2.0,1.0,1.0,1.0,4.0,1.1991650999998456,15.5,16.0,0.1,size,orientation,color,0.26,-16.0,16,male,0,2706.1785744,0,26,0.0,0.0,0.0,0.0,0.0,0.0,175.0,0.0,42.0
277,278,2.0,0.0,0.0,1.0,4.0,1.316406400000233,-79.0,4.0,0.18,size,orientation,color,0.26,-16.0,16,male,0,2706.1785744,0,26,0.0,0.0,0.0,0.0,0.0,0.0,176.0,0.0,43.0
278,279,2.0,2.0,2.0,1.0,4.0,3.0828495999999177,-52.0,10.0,0.3,size,orientation,color,0.26,-16.0,16,male,0,2706.1785744,0,26,0.0,0.0,0.0,0.0,0.0,0.0,177.0,0.0,44.0
279,280,2.0,2.0,2.0,1.0,4.0,1.8168899000002057,-25.0,16.0,0.3,size,orientation,color,0.26,-16.0,16,male,0,2706.1785744,0,26,0.0,0.0,0.0,0.0,0.0,0.0,178.0,0.0,45.0
280,281,3.0,4.0,4.0,1.0,8.0,41.500979200000074,-56.5,12.0,0.26,size,orientation,color,0.26,-16.0,16,male,0,2706.1785744,1,26,0.0,0.0,0.0,0.0,0.0,0.0,179.0,1.0,0.0
281,282,3.0,1.0,3.0,0.0,8.0,17.883513600000242,-16.0,18.0,0.14,size,orientation,color,0.26,-16.0,16,male,0,2706.1785744,0,26,0.0,0.0,1.0,0.0,0.0,0.0,180.0,2.0,0.0
282,283,3.0,5.0,5.0,1.0,8.0,8.948908900000333,-79.0,24.0,0.42,size,orientation,color,0.26,-16.0,16,male,0,2706.1785744,1,26,0.0,0.0,0.0,0.0,0.0,-1.0,181.0,3.0,0.0
283,284,3.0,2.0,2.0,1.0,8.0,22.800551700000145,33.5,10.0,0.14,size,orientation,color,0.26,-16.0,16,male,0,2706.1785744,0,26,0.0,0.0,0.0,0.0,0.0,1.0,182.0,4.0,0.0
284,285,3.0,5.0,7.0,0.0,8.0,3.5004433999997673,-16.0,18.0,0.4600000000000001,size,orientation,color,0.26,-16.0,16,male,0,2706.1785744,0,26,0.0,0.0,1.0,0.0,0.0,0.0,183.0,5.0,0.0
285,286,3.0,6.0,0.0,0.0,8.0,9.733318999999938,-38.5,12.0,0.22,size,orientation,color,0.26,-16.0,16,male,0,2706.1785744,1,26,0.0,0.0,2.0,0.0,0.0,-1.0,184.0,6.0,0.0
286,287,3.0,7.0,5.0,0.0,8.0,14.03321169999981,-38.5,15.0,0.3,size,orientation,color,0.26,-16.0,16,male,0,2706.1785744,1,26,0.0,0.0,1.0,0.0,0.0,-1.0,185.0,7.0,0.0
287,288,3.0,4.0,6.0,0.0,8.0,13.14895129999968,-2.5,3.0,0.3,size,orientation,color,0.26,-16.0,16,male,0,2706.1785744,1,26,0.0,0.0,1.0,0.0,0.0,1.0,186.0,8.0,0.0
288,289,3.0,3.0,0.0,0.0,8.0,9.38374040000008,-47.5,7.0,0.1,size,orientation,color,0.26,-16.0,16,male,0,2706.1785744,1,26,0.0,0.0,2.0,0.0,0.0,0.0,187.0,9.0,0.0
289,290,3.0,7.0,7.0,1.0,8.0,4.532473699999628,69.5,21.0,0.38,size,orientation,color,0.26,-16.0,16,male,0,2706.1785744,1,26,0.0,0.0,0.0,0.0,0.0,-1.0,188.0,10.0,0.0
290,291,3.0,6.0,6.0,1.0,8.0,3.5677906000000803,20.0,0.0,0.4600000000000001,size,orientation,color,0.26,-16.0,16,male,0,2706.1785744,0,26,0.0,0.0,0.0,0.0,0.0,2.0,189.0,11.0,0.0
291,292,3.0,0.0,0.0,1.0,8.0,10.450475600000118,-47.5,2.0,0.1,size,orientation,color,0.26,-16.0,16,male,0,2706.1785744,0,26,0.0,0.0,0.0,0.0,0.0,0.0,190.0,12.0,0.0
292,293,3.0,2.0,0.0,0.0,8.0,5.7676839000000655,-47.5,0.0,0.22,size,orientation,color,0.26,-16.0,16,male,0,2706.1785744,0,26,0.0,0.0,1.0,0.0,0.0,0.0,191.0,13.0,0.0
293,294,3.0,0.0,4.0,0.0,8.0,1.5168650999999045,-38.5,9.0,0.26,size,orientation,color,0.26,-16.0,16,male,0,2706.1785744,1,26,0.0,0.0,1.0,0.0,0.0,-1.0,192.0,14.0,0.0
294,295,3.0,7.0,7.0,1.0,8.0,7.800804699999844,42.5,22.0,0.42,size,orientation,color,0.26,-16.0,16,male,0,2706.1785744,1,26,0.0,0.0,0.0,0.0,0.0,0.0,193.0,15.0,0.0
295,296,3.0,2.0,2.0,1.0,8.0,17.06699589999971,69.5,3.0,0.18,size,orientation,color,0.26,-16.0,16,male,0,2706.1785744,0,26,0.0,0.0,0.0,0.0,0.0,1.0,194.0,16.0,0.0
296,297,3.0,5.0,5.0,1.0,8.0,6.784142900000006,-65.5,21.0,0.4600000000000001,size,orientation,color,0.26,-16.0,16,male,0,2706.1785744,0,26,0.0,0.0,0.0,0.0,0.0,0.0,195.0,17.0,0.0
297,298,3.0,5.0,1.0,0.0,8.0,1.2669170999997732,-29.5,15.0,0.22,size,orientation,color,0.26,-16.0,16,male,0,2706.1785744,0,26,0.0,0.0,1.0,0.0,0.0,0.0,196.0,18.0,0.0
298,299,3.0,5.0,5.0,1.0,8.0,7.60035629999993,-52.0,22.0,0.42,size,orientation,color,0.26,-16.0,16,male,0,2706.1785744,1,26,0.0,0.0,0.0,0.0,0.0,-1.0,197.0,19.0,0.0
299,300,3.0,1.0,1.0,1.0,8.0,6.083545299999969,-52.0,20.0,0.14,size,orientation,color,0.26,-16.0,16,male,0,2706.1785744,0,26,0.0,0.0,0.0,0.0,0.0,1.0,198.0,20.0,0.0
300,301,3.0,6.0,6.0,1.0,8.0,13.21676060000027,83.0,7.0,0.3400000000000001,size,orientation,color,0.26,-16.0,16,male,0,2706.1785744,0,26,0.0,0.0,0.0,0.0,0.0,0.0,199.0,21.0,0.0
301,302,3.0,6.0,6.0,1.0,8.0,2.966683500000272,11.0,8.0,0.38,size,orientation,color,0.26,-16.0,16,male,0,2706.1785744,0,26,0.0,0.0,0.0,0.0,0.0,0.0,200.0,22.0,0.0
302,303,3.0,0.0,2.0,0.0,8.0,5.38332470000023,-16.0,3.0,0.1,size,orientation,color,0.26,-16.0,16,male,0,2706.1785744,0,26,0.0,0.0,1.0,0.0,0.0,0.0,201.0,23.0,0.0
303,304,3.0,5.0,7.0,0.0,8.0,4.083594400000038,38.0,16.0,0.4600000000000001,size,orientation,color,0.26,-16.0,16,male,0,2706.1785744,1,26,0.0,0.0,1.0,0.0,0.0,-1.0,202.0,24.0,0.0
304,305,3.0,7.0,3.0,0.0,8.0,3.6667747000001327,51.5,23.0,0.18,size,orientation,color,0.26,-16.0,16,male,0,2706.1785744,1,26,0.0,0.0,1.0,0.0,0.0,0.0,203.0,25.0,0.0
305,306,3.0,7.0,3.0,0.0,8.0,13.799351900000149,78.5,13.0,0.22,size,orientation,color,0.26,-16.0,16,male,0,2706.1785744,1,26,0.0,0.0,1.0,0.0,0.0,0.0,204.0,26.0,0.0
306,307,3.0,3.0,2.0,0.0,8.0,15.21586359999992,29.0,2.0,0.1,size,orientation,color,0.26,-16.0,16,male,0,2706.1785744,1,26,0.0,0.0,1.0,0.0,0.0,0.0,205.0,27.0,0.0
307,308,3.0,6.0,6.0,1.0,8.0,5.76673430000028,29.0,1.0,0.3,size,orientation,color,0.26,-16.0,16,male,0,2706.1785744,1,26,0.0,0.0,0.0,0.0,0.0,0.0,206.0,28.0,0.0
308,309,3.0,7.0,7.0,1.0,8.0,7.234008200000062,65.0,24.0,0.3,size,orientation,color,0.26,-16.0,16,male,0,2706.1785744,0,26,0.0,0.0,0.0,0.0,0.0,1.0,207.0,29.0,0.0
309,310,3.0,5.0,5.0,1.0,8.0,2.300675599999977,-83.5,20.0,0.4600000000000001,size,orientation,color,0.26,-16.0,16,male,0,2706.1785744,0,26,0.0,0.0,0.0,0.0,0.0,0.0,208.0,30.0,0.0
310,311,3.0,0.0,0.0,1.0,8.0,24.05037500000026,-83.5,0.0,0.18,size,orientation,color,0.26,-16.0,16,male,0,2706.1785744,0,26,0.0,0.0,0.0,0.0,0.0,0.0,209.0,31.0,0.0
311,312,3.0,6.0,6.0,1.0,8.0,8.600714100000005,20.0,10.0,0.26,size,orientation,color,0.26,-16.0,16,male,0,2706.1785744,0,26,0.0,0.0,0.0,0.0,0.0,0.0,210.0,32.0,0.0
312,313,3.0,4.0,4.0,1.0,8.0,1.88388440000017,-25.0,10.0,0.3,size,orientation,color,0.26,-16.0,16,male,0,2706.1785744,0,26,0.0,0.0,0.0,0.0,0.0,0.0,211.0,33.0,0.0
313,314,3.0,4.0,6.0,0.0,8.0,1.4500934000002417,-11.5,3.0,0.3400000000000001,size,orientation,color,0.26,-16.0,16,male,0,2706.1785744,0,26,0.0,0.0,1.0,0.0,0.0,0.0,212.0,34.0,0.0
314,315,1.0,0.0,1.0,0.0,2.0,0.5746952000004057,-88.0,6.0,0.42,size,orientation,color,0.26,-16.0,16,male,0,2706.1785744,1,26,1.0,0.0,1.0,0.0,0.0,0.0,0.0,35.0,1.0
315,316,1.0,0.0,1.0,0.0,2.0,0.8081376000000091,-70.0,13.0,0.42,size,orientation,color,0.26,-16.0,16,male,0,2706.1785744,1,26,1.0,0.0,1.0,-1.0,0.0,0.0,0.0,36.0,2.0
316,317,1.0,0.0,0.0,1.0,2.0,1.426083600000311,20.0,0.0,0.18,size,orientation,color,0.26,-16.0,16,male,0,2706.1785744,1,26,0.0,0.0,1.0,0.0,0.0,0.0,0.0,37.0,3.0
317,318,1.0,0.0,1.0,0.0,2.0,0.8504382999999507,-56.5,3.0,0.42,size,orientation,color,0.26,-16.0,16,male,0,2706.1785744,0,26,1.0,0.0,1.0,1.0,0.0,0.0,0.0,38.0,4.0
318,319,1.0,0.0,0.0,1.0,2.0,2.47552880000012,29.0,19.0,0.22,size,orientation,color,0.26,-16.0,16,male,0,2706.1785744,1,26,0.0,0.0,1.0,-1.0,0.0,0.0,0.0,39.0,5.0
319,320,1.0,1.0,1.0,1.0,2.0,0.9830858000000262,-25.0,12.0,0.3,size,orientation,color,0.26,-16.0,16,male,0,2706.1785744,0,26,0.0,0.0,1.0,1.0,0.0,0.0,0.0,40.0,6.0
320,321,1.0,1.0,1.0,1.0,2.0,1.1841138999998293,-65.5,8.0,0.3400000000000001,size,orientation,color,0.26,-16.0,16,male,0,2706.1785744,0,26,0.0,0.0,1.0,0.0,0.0,0.0,0.0,41.0,7.0
321,322,1.0,0.0,0.0,1.0,2.0,1.2158477000002677,-65.5,6.0,0.22,size,orientation,color,0.26,-16.0,16,male,0,2706.1785744,0,26,0.0,0.0,1.0,0.0,0.0,0.0,0.0,42.0,8.0
322,323,1.0,1.0,1.0,1.0,2.0,0.966312900000048,83.0,4.0,0.4600000000000001,size,orientation,color,0.26,-16.0,16,male,0,2706.1785744,0,26,0.0,0.0,1.0,0.0,0.0,0.0,0.0,43.0,9.0
323,324,1.0,0.0,1.0,0.0,2.0,1.350769499999842,38.0,3.0,0.26,size,orientation,color,0.26,-16.0,16,male,0,2706.1785744,0,26,1.0,0.0,1.0,0.0,0.0,0.0,0.0,44.0,10.0
