,Trial_number,Chosen_castle,Chosen_location,Correct_location,Accuracy,Number_of_doors,RT,Current_orientation,Current_color,Current_size,First_feature,Second_feature,Third_feature,Participant_size,Participant_orientation,Participant_number,Participant_gender,Early_exit,Training_time,Meta_trial,Participant_age,PE_1,PE_2,PE_3,LP_1,LP_2,LP_3,Nov_1,Nov_2,Nov_3
0,1,2.0,0.0,2.0,0.0,4.0,6.082768700000088,87.5,0.0,0.3400000000000001,size,color,orientation,0.3400000000000001,-16.0,9,female,1,1373.4594575000006,1,28,0.0,0.0,0.0,0.0,0.0,0.0,99.0,0.0,99.0
1,2,2.0,0.0,0.0,1.0,4.0,2.4820033000000876,69.5,3.0,0.1,size,color,orientation,0.3400000000000001,-16.0,9,female,1,1373.4594575000006,1,28,0.0,0.0,0.0,0.0,0.0,0.0,100.0,0.0,100.0
2,3,2.0,1.0,3.0,0.0,4.0,2.2997143000002325,2.0,19.0,0.38,size,color,orientation,0.3400000000000001,-16.0,9,female,1,1373.4594575000006,0,28,0.0,1.0,0.0,0.0,0.0,0.0,101.0,0.0,101.0
3,4,2.0,2.0,3.0,0.0,4.0,4.349487199999658,-79.0,15.0,0.42,size,color,orientation,0.3400000000000001,-16.0,9,female,1,1373.4594575000006,1,28,0.0,1.0,0.0,0.0,-1.0,0.0,102.0,0.0,102.0
4,5,2.0,0.0,2.0,0.0,4.0,7.266508399999566,87.5,10.0,0.38,size,color,orientation,0.3400000000000001,-16.0,9,female,1,1373.4594575000006,1,28,0.0,1.0,0.0,0.0,0.0,0.0,103.0,0.0,103.0
5,6,2.0,3.0,2.0,0.0,4.0,3.40018659999987,56.0,5.0,0.42,size,color,orientation,0.3400000000000001,-16.0,9,female,1,1373.4594575000006,1,28,0.0,1.0,0.0,0.0,0.0,0.0,104.0,0.0,104.0
6,7,2.0,2.0,3.0,0.0,4.0,1.6654819999998836,38.0,16.0,0.42,size,color,orientation,0.3400000000000001,-16.0,9,female,1,1373.4594575000006,1,28,0.0,1.0,0.0,0.0,0.0,0.0,105.0,0.0,105.0
7,8,2.0,1.0,0.0,0.0,4.0,1.5507409000001644,-29.5,8.0,0.22,size,color,orientation,0.3400000000000001,-16.0,9,female,1,1373.4594575000006,1,28,0.0,1.0,0.0,0.0,0.0,0.0,106.0,0.0,106.0
8,9,2.0,0.0,1.0,0.0,4.0,6.234428799999932,2.0,21.0,0.18,size,color,orientation,0.3400000000000001,-16.0,9,female,1,1373.4594575000006,1,28,0.0,1.0,0.0,0.0,0.0,0.0,107.0,0.0,107.0
9,10,2.0,2.0,3.0,0.0,4.0,1.5825512999999771,-79.0,19.0,0.42,size,color,orientation,0.3400000000000001,-16.0,9,female,1,1373.4594575000006,1,28,0.0,1.0,0.0,0.0,0.0,0.0,108.0,0.0,108.0
10,11,2.0,3.0,0.0,0.0,4.0,3.833126499999707,78.5,6.0,0.1,size,color,orientation,0.3400000000000001,-16.0,9,female,1,1373.4594575000006,1,28,0.0,2.0,0.0,0.0,0.0,0.0,109.0,0.0,109.0
11,12,2.0,3.0,3.0,1.0,4.0,1.8732973000005584,15.5,22.0,0.42,size,color,orientation,0.3400000000000001,-16.0,9,female,1,1373.4594575000006,1,28,0.0,0.0,0.0,0.0,-1.0,0.0,110.0,0.0,110.0
12,13,2.0,3.0,1.0,0.0,4.0,1.8826269999999568,42.5,15.0,0.26,size,color,orientation,0.3400000000000001,-16.0,9,female,1,1373.4594575000006,0,28,0.0,1.0,0.0,0.0,2.0,0.0,111.0,0.0,111.0
13,14,2.0,0.0,0.0,1.0,4.0,4.434225099999821,74.0,1.0,0.18,size,color,orientation,0.3400000000000001,-16.0,9,female,1,1373.4594575000006,1,28,0.0,0.0,0.0,0.0,-1.0,0.0,112.0,0.0,112.0
14,15,2.0,0.0,0.0,1.0,4.0,1.4164156000006187,-79.0,7.0,0.14,size,color,orientation,0.3400000000000001,-16.0,9,female,1,1373.4594575000006,0,28,0.0,0.0,0.0,0.0,1.0,0.0,113.0,0.0,113.0
15,16,2.0,2.0,2.0,1.0,4.0,1.6838822999998229,-88.0,3.0,0.42,size,color,orientation,0.3400000000000001,-16.0,9,female,1,1373.4594575000006,0,28,0.0,0.0,0.0,0.0,0.0,0.0,114.0,0.0,114.0
16,17,2.0,3.0,1.0,0.0,4.0,1.967581099999734,-29.5,24.0,0.22,size,color,orientation,0.3400000000000001,-16.0,9,female,1,1373.4594575000006,0,28,0.0,1.0,0.0,0.0,0.0,0.0,115.0,0.0,115.0
17,18,2.0,1.0,3.0,0.0,4.0,3.250503700000081,69.5,20.0,0.3400000000000001,size,color,orientation,0.3400000000000001,-16.0,9,female,1,1373.4594575000006,1,28,0.0,1.0,0.0,0.0,-1.0,0.0,116.0,0.0,116.0
18,19,2.0,3.0,2.0,0.0,4.0,1.6674370000000636,42.5,6.0,0.38,size,color,orientation,0.3400000000000001,-16.0,9,female,1,1373.4594575000006,1,28,0.0,1.0,0.0,0.0,0.0,0.0,117.0,0.0,117.0
19,20,2.0,3.0,3.0,1.0,4.0,2.0990199000007124,47.0,22.0,0.4600000000000001,size,color,orientation,0.3400000000000001,-16.0,9,female,1,1373.4594575000006,1,28,0.0,0.0,0.0,0.0,0.0,0.0,118.0,0.0,118.0
20,21,2.0,1.0,3.0,0.0,4.0,4.1159036999997625,33.5,23.0,0.4600000000000001,size,color,orientation,0.3400000000000001,-16.0,9,female,1,1373.4594575000006,0,28,0.0,1.0,0.0,0.0,1.0,0.0,119.0,0.0,119.0
21,22,2.0,0.0,0.0,1.0,4.0,1.7485122999996747,56.0,10.0,0.18,size,color,orientation,0.3400000000000001,-16.0,9,female,1,1373.4594575000006,1,28,0.0,0.0,0.0,0.0,-1.0,0.0,120.0,0.0,120.0
22,23,2.0,2.0,2.0,1.0,4.0,1.900755300000128,-29.5,6.0,0.3400000000000001,size,color,orientation,0.3400000000000001,-16.0,9,female,1,1373.4594575000006,0,28,0.0,0.0,0.0,0.0,1.0,0.0,121.0,0.0,121.0
23,24,2.0,1.0,2.0,0.0,4.0,3.217377299999498,-74.5,12.0,0.3400000000000001,size,color,orientation,0.3400000000000001,-16.0,9,female,1,1373.4594575000006,0,28,0.0,2.0,0.0,0.0,0.0,0.0,122.0,0.0,122.0
24,25,2.0,1.0,1.0,1.0,4.0,1.7077179000007163,-7.0,20.0,0.14,size,color,orientation,0.3400000000000001,-16.0,9,female,1,1373.4594575000006,1,28,0.0,0.0,0.0,0.0,-2.0,0.0,123.0,0.0,123.0
25,26,2.0,3.0,3.0,1.0,4.0,3.451179000000593,78.5,19.0,0.42,size,color,orientation,0.3400000000000001,-16.0,9,female,1,1373.4594575000006,0,28,0.0,0.0,0.0,0.0,2.0,0.0,124.0,0.0,124.0
26,27,2.0,0.0,0.0,1.0,4.0,1.4329944999999498,87.5,6.0,0.18,size,color,orientation,0.3400000000000001,-16.0,9,female,1,1373.4594575000006,0,28,0.0,0.0,0.0,0.0,0.0,0.0,125.0,0.0,125.0
27,28,2.0,3.0,0.0,0.0,4.0,7.53449079999973,42.5,4.0,0.22,size,color,orientation,0.3400000000000001,-16.0,9,female,1,1373.4594575000006,0,28,0.0,2.0,0.0,0.0,0.0,0.0,126.0,0.0,126.0
28,29,2.0,3.0,3.0,1.0,4.0,2.282251599999654,42.5,24.0,0.38,size,color,orientation,0.3400000000000001,-16.0,9,female,1,1373.4594575000006,1,28,0.0,0.0,0.0,0.0,-2.0,0.0,127.0,0.0,127.0
29,30,2.0,1.0,1.0,1.0,4.0,3.700278799999978,51.5,20.0,0.18,size,color,orientation,0.3400000000000001,-16.0,9,female,1,1373.4594575000006,0,28,0.0,0.0,0.0,0.0,2.0,0.0,128.0,0.0,128.0
30,31,2.0,2.0,2.0,1.0,4.0,1.4837532999999894,78.5,8.0,0.42,size,color,orientation,0.3400000000000001,-16.0,9,female,1,1373.4594575000006,0,28,0.0,0.0,0.0,0.0,0.0,0.0,129.0,0.0,129.0
31,32,2.0,1.0,1.0,1.0,4.0,1.6677982999999583,47.0,22.0,0.18,size,color,orientation,0.3400000000000001,-16.0,9,female,1,1373.4594575000006,0,28,0.0,0.0,0.0,0.0,0.0,0.0,130.0,0.0,130.0
32,33,2.0,1.0,1.0,1.0,4.0,2.0500502000004417,-47.5,13.0,0.18,size,color,orientation,0.3400000000000001,-16.0,9,female,1,1373.4594575000006,0,28,0.0,0.0,0.0,0.0,0.0,0.0,131.0,0.0,131.0
33,34,2.0,1.0,1.0,1.0,4.0,2.0669662000000244,-16.0,15.0,0.18,size,color,orientation,0.3400000000000001,-16.0,9,female,1,1373.4594575000006,0,28,0.0,0.0,0.0,0.0,0.0,0.0,132.0,0.0,132.0
34,35,2.0,0.0,0.0,1.0,4.0,1.351132900000266,-83.5,6.0,0.1,size,color,orientation,0.3400000000000001,-16.0,9,female,1,1373.4594575000006,0,28,0.0,0.0,0.0,0.0,0.0,0.0,133.0,0.0,133.0
35,36,2.0,3.0,3.0,1.0,4.0,2.684720300000663,-61.0,21.0,0.3400000000000001,size,color,orientation,0.3400000000000001,-16.0,9,female,1,1373.4594575000006,0,28,0.0,0.0,0.0,0.0,0.0,0.0,134.0,0.0,134.0
36,37,2.0,2.0,2.0,1.0,4.0,1.2340887999998813,-11.5,1.0,0.4600000000000001,size,color,orientation,0.3400000000000001,-16.0,9,female,1,1373.4594575000006,0,28,0.0,0.0,0.0,0.0,0.0,0.0,135.0,0.0,135.0
37,38,2.0,1.0,1.0,1.0,4.0,1.7335797000005186,42.5,19.0,0.22,size,color,orientation,0.3400000000000001,-16.0,9,female,1,1373.4594575000006,0,28,0.0,0.0,0.0,0.0,0.0,0.0,136.0,0.0,136.0
38,39,1.0,0.0,1.0,0.0,2.0,2.2212093999996796,6.5,12.0,0.38,size,color,orientation,0.3400000000000001,-16.0,9,female,1,1373.4594575000006,1,28,1.0,0.0,0.0,0.0,0.0,0.0,0.0,1.0,137.0
39,40,1.0,1.0,0.0,0.0,2.0,1.8370978000002651,15.5,12.0,0.3,size,color,orientation,0.3400000000000001,-16.0,9,female,1,1373.4594575000006,1,28,1.0,0.0,0.0,-1.0,0.0,0.0,0.0,2.0,138.0
40,41,1.0,0.0,0.0,1.0,2.0,1.5223864999998111,-7.0,5.0,0.1,size,color,orientation,0.3400000000000001,-16.0,9,female,1,1373.4594575000006,1,28,0.0,0.0,0.0,0.0,0.0,0.0,0.0,3.0,139.0
41,42,1.0,1.0,0.0,0.0,2.0,1.0340527999996991,-88.0,14.0,0.3,size,color,orientation,0.3400000000000001,-16.0,9,female,1,1373.4594575000006,0,28,1.0,0.0,0.0,1.0,0.0,0.0,0.0,4.0,140.0
42,43,1.0,1.0,1.0,1.0,2.0,3.574281599999267,-88.0,3.0,0.4600000000000001,size,color,orientation,0.3400000000000001,-16.0,9,female,1,1373.4594575000006,1,28,0.0,0.0,0.0,-1.0,0.0,0.0,0.0,5.0,141.0
43,44,1.0,1.0,1.0,1.0,2.0,1.3498147000000245,24.5,12.0,0.42,size,color,orientation,0.3400000000000001,-16.0,9,female,1,1373.4594575000006,0,28,0.0,0.0,0.0,1.0,0.0,0.0,0.0,6.0,142.0
44,45,1.0,0.0,1.0,0.0,2.0,1.616613099999995,-65.5,21.0,0.3400000000000001,size,color,orientation,0.3400000000000001,-16.0,9,female,1,1373.4594575000006,0,28,1.0,0.0,0.0,0.0,0.0,0.0,0.0,7.0,143.0
45,46,1.0,1.0,1.0,1.0,2.0,0.9933125999996264,-52.0,14.0,0.3400000000000001,size,color,orientation,0.3400000000000001,-16.0,9,female,1,1373.4594575000006,1,28,0.0,0.0,0.0,-1.0,0.0,0.0,0.0,8.0,144.0
46,47,1.0,1.0,1.0,1.0,2.0,0.7008350999994946,38.0,17.0,0.38,size,color,orientation,0.3400000000000001,-16.0,9,female,1,1373.4594575000006,0,28,0.0,0.0,0.0,1.0,0.0,0.0,0.0,9.0,145.0
47,48,1.0,1.0,0.0,0.0,2.0,1.217095199999676,24.5,24.0,0.3,size,color,orientation,0.3400000000000001,-16.0,9,female,1,1373.4594575000006,0,28,1.0,0.0,0.0,0.0,0.0,0.0,0.0,10.0,146.0
48,49,1.0,0.0,0.0,1.0,2.0,0.9558998000002248,-20.5,8.0,0.26,size,color,orientation,0.3400000000000001,-16.0,9,female,1,1373.4594575000006,1,28,0.0,0.0,0.0,-1.0,0.0,0.0,0.0,11.0,147.0
49,50,1.0,1.0,1.0,1.0,2.0,1.0827478000001065,-79.0,0.0,0.42,size,color,orientation,0.3400000000000001,-16.0,9,female,1,1373.4594575000006,0,28,0.0,0.0,0.0,1.0,0.0,0.0,0.0,12.0,148.0
50,51,1.0,0.0,1.0,0.0,2.0,0.817135700000108,-61.0,14.0,0.3400000000000001,size,color,orientation,0.3400000000000001,-16.0,9,female,1,1373.4594575000006,0,28,1.0,0.0,0.0,0.0,0.0,0.0,0.0,13.0,149.0
51,52,1.0,0.0,0.0,1.0,2.0,1.6542490000001635,-47.5,14.0,0.26,size,color,orientation,0.3400000000000001,-16.0,9,female,1,1373.4594575000006,1,28,0.0,0.0,0.0,-1.0,0.0,0.0,0.0,14.0,150.0
52,53,1.0,1.0,1.0,1.0,2.0,1.1680829999995694,74.0,8.0,0.42,size,color,orientation,0.3400000000000001,-16.0,9,female,1,1373.4594575000006,0,28,0.0,0.0,0.0,1.0,0.0,0.0,0.0,15.0,151.0
53,54,1.0,0.0,0.0,1.0,2.0,2.8663814000001366,60.5,14.0,0.1,size,color,orientation,0.3400000000000001,-16.0,9,female,1,1373.4594575000006,0,28,0.0,0.0,0.0,0.0,0.0,0.0,0.0,16.0,152.0
54,55,1.0,0.0,0.0,1.0,2.0,1.2338422000002538,-25.0,14.0,0.1,size,color,orientation,0.3400000000000001,-16.0,9,female,1,1373.4594575000006,0,28,0.0,0.0,0.0,0.0,0.0,0.0,0.0,17.0,153.0
55,56,1.0,1.0,0.0,0.0,2.0,1.5829376000001505,-88.0,8.0,0.22,size,color,orientation,0.3400000000000001,-16.0,9,female,1,1373.4594575000006,0,28,1.0,0.0,0.0,0.0,0.0,0.0,0.0,18.0,154.0
56,57,1.0,1.0,1.0,1.0,2.0,1.2891183000001547,65.0,6.0,0.38,size,color,orientation,0.3400000000000001,-16.0,9,female,1,1373.4594575000006,1,28,0.0,0.0,0.0,-1.0,0.0,0.0,0.0,19.0,155.0
57,58,1.0,0.0,0.0,1.0,2.0,1.5169254000002184,-61.0,11.0,0.26,size,color,orientation,0.3400000000000001,-16.0,9,female,1,1373.4594575000006,0,28,0.0,0.0,0.0,1.0,0.0,0.0,0.0,20.0,156.0
58,59,1.0,0.0,0.0,1.0,2.0,0.8168582999996943,42.5,15.0,0.1,size,color,orientation,0.3400000000000001,-16.0,9,female,1,1373.4594575000006,0,28,0.0,0.0,0.0,0.0,0.0,0.0,0.0,21.0,157.0
59,60,1.0,0.0,0.0,1.0,2.0,0.5847254999998768,51.5,18.0,0.1,size,color,orientation,0.3400000000000001,-16.0,9,female,1,1373.4594575000006,0,28,0.0,0.0,0.0,0.0,0.0,0.0,0.0,22.0,158.0
60,61,1.0,1.0,1.0,1.0,2.0,1.0498446000001422,11.0,22.0,0.38,size,color,orientation,0.3400000000000001,-16.0,9,female,1,1373.4594575000006,0,28,0.0,0.0,0.0,0.0,0.0,0.0,0.0,23.0,159.0
61,62,1.0,1.0,1.0,1.0,2.0,0.8677754000000277,6.5,9.0,0.42,size,color,orientation,0.3400000000000001,-16.0,9,female,1,1373.4594575000006,0,28,0.0,0.0,0.0,0.0,0.0,0.0,0.0,24.0,160.0
62,63,1.0,0.0,0.0,1.0,2.0,0.999707899999521,-65.5,3.0,0.18,size,color,orientation,0.3400000000000001,-16.0,9,female,1,1373.4594575000006,0,28,0.0,0.0,0.0,0.0,0.0,0.0,0.0,25.0,161.0
63,64,1.0,1.0,1.0,1.0,2.0,1.1160729000002902,51.5,17.0,0.38,size,color,orientation,0.3400000000000001,-16.0,9,female,1,1373.4594575000006,0,28,0.0,0.0,0.0,0.0,0.0,0.0,0.0,26.0,162.0
64,65,1.0,0.0,0.0,1.0,2.0,1.2670144000003347,60.5,8.0,0.26,size,color,orientation,0.3400000000000001,-16.0,9,female,1,1373.4594575000006,0,28,0.0,0.0,0.0,0.0,0.0,0.0,0.0,27.0,163.0
65,66,1.0,0.0,0.0,1.0,2.0,0.7503047000000151,-83.5,2.0,0.18,size,color,orientation,0.3400000000000001,-16.0,9,female,1,1373.4594575000006,0,28,0.0,0.0,0.0,0.0,0.0,0.0,0.0,28.0,164.0
66,67,3.0,0.0,1.0,0.0,8.0,7.382595299999593,60.5,12.0,0.22,size,color,orientation,0.3400000000000001,-16.0,9,female,1,1373.4594575000006,1,28,0.0,0.0,1.0,0.0,0.0,0.0,1.0,29.0,0.0
67,68,3.0,1.0,3.0,0.0,8.0,1.499249399999826,-2.5,13.0,0.18,size,color,orientation,0.3400000000000001,-16.0,9,female,1,1373.4594575000006,1,28,0.0,0.0,1.0,0.0,0.0,-1.0,2.0,30.0,0.0
68,69,3.0,0.0,1.0,0.0,8.0,3.216498199999478,24.5,12.0,0.1,size,color,orientation,0.3400000000000001,-16.0,9,female,1,1373.4594575000006,1,28,0.0,0.0,1.0,0.0,0.0,0.0,3.0,31.0,0.0
69,70,3.0,1.0,5.0,0.0,8.0,1.4655411000003369,15.5,3.0,0.3400000000000001,size,color,orientation,0.3400000000000001,-16.0,9,female,1,1373.4594575000006,1,28,0.0,0.0,1.0,0.0,0.0,0.0,4.0,32.0,0.0
70,71,3.0,6.0,3.0,0.0,8.0,2.098422200000641,-2.5,24.0,0.3,size,color,orientation,0.3400000000000001,-16.0,9,female,1,1373.4594575000006,1,28,0.0,0.0,2.0,0.0,0.0,0.0,5.0,33.0,0.0
71,72,3.0,1.0,2.0,0.0,8.0,1.7659722000007605,-88.0,23.0,0.1,size,color,orientation,0.3400000000000001,-16.0,9,female,1,1373.4594575000006,1,28,0.0,0.0,2.0,0.0,0.0,-1.0,6.0,34.0,0.0
72,73,3.0,7.0,7.0,1.0,8.0,3.5329561999997168,60.5,13.0,0.42,size,color,orientation,0.3400000000000001,-16.0,9,female,1,1373.4594575000006,1,28,0.0,0.0,0.0,0.0,0.0,0.0,7.0,35.0,0.0
73,74,3.0,1.0,1.0,1.0,8.0,1.8502533999999289,2.0,8.0,0.22,size,color,orientation,0.3400000000000001,-16.0,9,female,1,1373.4594575000006,0,28,0.0,0.0,0.0,0.0,0.0,2.0,8.0,36.0,0.0
74,75,3.0,1.0,1.0,1.0,8.0,1.2167647000005672,29.0,9.0,0.22,size,color,orientation,0.3400000000000001,-16.0,9,female,1,1373.4594575000006,0,28,0.0,0.0,0.0,0.0,0.0,0.0,9.0,37.0,0.0
75,76,3.0,3.0,2.0,0.0,8.0,2.384174499999972,-29.5,15.0,0.22,size,color,orientation,0.3400000000000001,-16.0,9,female,1,1373.4594575000006,0,28,0.0,0.0,1.0,0.0,0.0,0.0,10.0,38.0,0.0
76,77,3.0,2.0,3.0,0.0,8.0,1.7159601000003022,6.5,23.0,0.18,size,color,orientation,0.3400000000000001,-16.0,9,female,1,1373.4594575000006,1,28,0.0,0.0,1.0,0.0,0.0,-1.0,11.0,39.0,0.0
77,78,3.0,1.0,0.0,0.0,8.0,2.449720999999954,-79.0,5.0,0.26,size,color,orientation,0.3400000000000001,-16.0,9,female,1,1373.4594575000006,1,28,0.0,0.0,1.0,0.0,0.0,0.0,12.0,40.0,0.0
78,79,3.0,0.0,6.0,0.0,8.0,4.299393799999962,-88.0,21.0,0.3400000000000001,size,color,orientation,0.3400000000000001,-16.0,9,female,1,1373.4594575000006,1,28,0.0,0.0,2.0,0.0,0.0,0.0,13.0,41.0,0.0
79,80,3.0,1.0,0.0,0.0,8.0,1.4168233999998847,-79.0,4.0,0.22,size,color,orientation,0.3400000000000001,-16.0,9,female,1,1373.4594575000006,1,28,0.0,0.0,1.0,0.0,0.0,-1.0,14.0,42.0,0.0
80,81,3.0,6.0,7.0,0.0,8.0,1.7489201999997022,11.0,14.0,0.3400000000000001,size,color,orientation,0.3400000000000001,-16.0,9,female,1,1373.4594575000006,1,28,0.0,0.0,1.0,0.0,0.0,1.0,15.0,43.0,0.0
81,82,3.0,1.0,0.0,0.0,8.0,1.1337972999999693,-70.0,8.0,0.26,size,color,orientation,0.3400000000000001,-16.0,9,female,1,1373.4594575000006,1,28,0.0,0.0,1.0,0.0,0.0,0.0,16.0,44.0,0.0
82,83,3.0,7.0,6.0,0.0,8.0,1.016406100000495,-34.0,16.0,0.38,size,color,orientation,0.3400000000000001,-16.0,9,female,1,1373.4594575000006,1,28,0.0,0.0,1.0,0.0,0.0,0.0,17.0,45.0,0.0
83,84,3.0,7.0,7.0,1.0,8.0,1.4672678000006272,24.5,20.0,0.42,size,color,orientation,0.3400000000000001,-16.0,9,female,1,1373.4594575000006,1,28,0.0,0.0,0.0,0.0,0.0,0.0,18.0,46.0,0.0
84,85,3.0,1.0,3.0,0.0,8.0,2.1502291000006153,60.5,23.0,0.14,size,color,orientation,0.3400000000000001,-16.0,9,female,1,1373.4594575000006,0,28,0.0,0.0,1.0,0.0,0.0,1.0,19.0,47.0,0.0
85,86,3.0,1.0,3.0,0.0,8.0,1.6160100000006423,24.5,22.0,0.22,size,color,orientation,0.3400000000000001,-16.0,9,female,1,1373.4594575000006,1,28,0.0,0.0,1.0,0.0,0.0,-1.0,20.0,48.0,0.0
86,87,3.0,6.0,7.0,0.0,8.0,2.9333299999998417,-2.5,21.0,0.3400000000000001,size,color,orientation,0.3400000000000001,-16.0,9,female,1,1373.4594575000006,1,28,0.0,0.0,1.0,0.0,0.0,0.0,21.0,49.0,0.0
87,88,3.0,1.0,3.0,0.0,8.0,1.716515199999776,87.5,13.0,0.14,size,color,orientation,0.3400000000000001,-16.0,9,female,1,1373.4594575000006,1,28,0.0,0.0,1.0,0.0,0.0,0.0,22.0,50.0,0.0
88,89,3.0,7.0,7.0,1.0,8.0,1.3818295999999464,83.0,24.0,0.3400000000000001,size,color,orientation,0.3400000000000001,-16.0,9,female,1,1373.4594575000006,1,28,0.0,0.0,0.0,0.0,0.0,0.0,23.0,51.0,0.0
89,90,3.0,3.0,3.0,1.0,8.0,0.9834619000002932,20.0,20.0,0.22,size,color,orientation,0.3400000000000001,-16.0,9,female,1,1373.4594575000006,0,28,0.0,0.0,0.0,0.0,0.0,1.0,24.0,52.0,0.0
90,91,3.0,1.0,0.0,0.0,8.0,4.167347800000243,-47.5,7.0,0.22,size,color,orientation,0.3400000000000001,-16.0,9,female,1,1373.4594575000006,0,28,0.0,0.0,1.0,0.0,0.0,0.0,25.0,53.0,0.0
91,92,3.0,1.0,1.0,1.0,8.0,2.7837196000000404,2.0,8.0,0.1,size,color,orientation,0.3400000000000001,-16.0,9,female,1,1373.4594575000006,1,28,0.0,0.0,0.0,0.0,0.0,-1.0,26.0,54.0,0.0
92,93,3.0,0.0,5.0,0.0,8.0,1.36678000000029,56.0,5.0,0.42,size,color,orientation,0.3400000000000001,-16.0,9,female,1,1373.4594575000006,0,28,0.0,0.0,2.0,0.0,0.0,1.0,27.0,55.0,0.0
93,94,3.0,5.0,1.0,0.0,8.0,1.1338505000003352,47.0,5.0,0.26,size,color,orientation,0.3400000000000001,-16.0,9,female,1,1373.4594575000006,1,28,0.0,0.0,1.0,0.0,0.0,-2.0,28.0,56.0,0.0
94,95,3.0,2.0,3.0,0.0,8.0,6.282886099999814,-7.0,23.0,0.18,size,color,orientation,0.3400000000000001,-16.0,9,female,1,1373.4594575000006,1,28,0.0,0.0,1.0,0.0,0.0,1.0,29.0,57.0,0.0
95,96,3.0,0.0,4.0,0.0,8.0,1.766695699999218,-65.5,11.0,0.38,size,color,orientation,0.3400000000000001,-16.0,9,female,1,1373.4594575000006,1,28,0.0,0.0,1.0,0.0,0.0,0.0,30.0,58.0,0.0
96,97,3.0,4.0,4.0,1.0,8.0,1.06691310000042,-70.0,3.0,0.3400000000000001,size,color,orientation,0.3400000000000001,-16.0,9,female,1,1373.4594575000006,1,28,0.0,0.0,0.0,0.0,0.0,0.0,31.0,59.0,0.0
97,98,3.0,1.0,1.0,1.0,8.0,4.883033900000555,33.5,1.0,0.22,size,color,orientation,0.3400000000000001,-16.0,9,female,1,1373.4594575000006,0,28,0.0,0.0,0.0,0.0,0.0,1.0,32.0,60.0,0.0
98,99,3.0,4.0,4.0,1.0,8.0,2.0844283000005817,-65.5,1.0,0.4600000000000001,size,color,orientation,0.3400000000000001,-16.0,9,female,1,1373.4594575000006,0,28,0.0,0.0,0.0,0.0,0.0,0.0,33.0,61.0,0.0
99,100,3.0,7.0,3.0,0.0,8.0,5.200312500000109,47.0,21.0,0.3,size,color,orientation,0.3400000000000001,-16.0,9,female,1,1373.4594575000006,0,28,0.0,0.0,1.0,0.0,0.0,0.0,34.0,62.0,0.0
100,101,3.0,3.0,3.0,1.0,8.0,1.7823934000007284,69.5,14.0,0.1,size,color,orientation,0.3400000000000001,-16.0,9,female,1,1373.4594575000006,1,28,0.0,0.0,0.0,0.0,0.0,-1.0,35.0,63.0,0.0
101,102,3.0,7.0,7.0,1.0,8.0,1.8001267999998165,-11.5,23.0,0.3400000000000001,size,color,orientation,0.3400000000000001,-16.0,9,female,1,1373.4594575000006,0,28,0.0,0.0,0.0,0.0,0.0,1.0,36.0,64.0,0.0
102,103,3.0,7.0,2.0,0.0,8.0,2.567141300000003,-74.5,16.0,0.3,size,color,orientation,0.3400000000000001,-16.0,9,female,1,1373.4594575000006,0,28,0.0,0.0,2.0,0.0,0.0,0.0,37.0,65.0,0.0
103,104,3.0,1.0,0.0,0.0,8.0,1.5325290999999197,-52.0,11.0,0.26,size,color,orientation,0.3400000000000001,-16.0,9,female,1,1373.4594575000006,1,28,0.0,0.0,1.0,0.0,0.0,-2.0,38.0,66.0,0.0
104,105,3.0,1.0,5.0,0.0,8.0,2.066348399999697,78.5,2.0,0.42,size,color,orientation,0.3400000000000001,-16.0,9,female,1,1373.4594575000006,1,28,0.0,0.0,1.0,0.0,0.0,1.0,39.0,67.0,0.0
105,106,3.0,6.0,1.0,0.0,8.0,1.2647604000003412,51.5,2.0,0.1,size,color,orientation,0.3400000000000001,-16.0,9,female,1,1373.4594575000006,1,28,0.0,0.0,3.0,0.0,0.0,0.0,40.0,68.0,0.0
106,107,3.0,6.0,5.0,0.0,8.0,1.4839419999998429,78.5,12.0,0.4600000000000001,size,color,orientation,0.3400000000000001,-16.0,9,female,1,1373.4594575000006,1,28,0.0,0.0,2.0,0.0,0.0,-2.0,41.0,69.0,0.0
107,108,3.0,3.0,7.0,0.0,8.0,4.865950200000043,20.0,24.0,0.3400000000000001,size,color,orientation,0.3400000000000001,-16.0,9,female,1,1373.4594575000006,1,28,0.0,0.0,1.0,0.0,0.0,1.0,42.0,70.0,0.0
108,109,3.0,6.0,1.0,0.0,8.0,7.61613750000015,38.0,7.0,0.22,size,color,orientation,0.3400000000000001,-16.0,9,female,1,1373.4594575000006,1,28,0.0,0.0,3.0,0.0,0.0,1.0,43.0,71.0,0.0
109,110,3.0,4.0,6.0,0.0,8.0,5.583085199999914,-43.0,23.0,0.38,size,color,orientation,0.3400000000000001,-16.0,9,female,1,1373.4594575000006,1,28,0.0,0.0,1.0,0.0,0.0,-2.0,44.0,72.0,0.0
110,111,3.0,0.0,0.0,1.0,8.0,4.548883299999943,-38.5,0.0,0.1,size,color,orientation,0.3400000000000001,-16.0,9,female,1,1373.4594575000006,1,28,0.0,0.0,0.0,0.0,0.0,2.0,45.0,73.0,0.0
111,112,3.0,6.0,1.0,0.0,8.0,4.04994219999935,83.0,3.0,0.22,size,color,orientation,0.3400000000000001,-16.0,9,female,1,1373.4594575000006,0,28,0.0,0.0,3.0,0.0,0.0,1.0,46.0,74.0,0.0
112,113,3.0,7.0,2.0,0.0,8.0,5.567291899999873,-83.5,13.0,0.26,size,color,orientation,0.3400000000000001,-16.0,9,female,1,1373.4594575000006,1,28,0.0,0.0,2.0,0.0,0.0,-3.0,47.0,75.0,0.0
113,114,3.0,7.0,7.0,1.0,8.0,1.9335570000002915,74.0,19.0,0.4600000000000001,size,color,orientation,0.3400000000000001,-16.0,9,female,1,1373.4594575000006,1,28,0.0,0.0,0.0,0.0,0.0,1.0,48.0,76.0,0.0
114,115,3.0,2.0,2.0,1.0,8.0,2.516176999999516,-74.5,23.0,0.1,size,color,orientation,0.3400000000000001,-16.0,9,female,1,1373.4594575000006,0,28,0.0,0.0,0.0,0.0,0.0,2.0,49.0,77.0,0.0
115,116,3.0,1.0,4.0,0.0,8.0,4.46607910000057,-88.0,10.0,0.42,size,color,orientation,0.3400000000000001,-16.0,9,female,1,1373.4594575000006,0,28,0.0,0.0,2.0,0.0,0.0,0.0,50.0,78.0,0.0
116,117,3.0,6.0,3.0,0.0,8.0,3.133705100000043,-7.0,20.0,0.14,size,color,orientation,0.3400000000000001,-16.0,9,female,1,1373.4594575000006,1,28,0.0,0.0,2.0,0.0,0.0,-2.0,51.0,79.0,0.0
117,118,3.0,6.0,1.0,0.0,8.0,4.9322573999997985,47.0,4.0,0.18,size,color,orientation,0.3400000000000001,-16.0,9,female,1,1373.4594575000006,1,28,0.0,0.0,3.0,0.0,0.0,0.0,52.0,80.0,0.0
118,119,3.0,2.0,2.0,1.0,8.0,4.467124599999806,-79.0,24.0,0.3,size,color,orientation,0.3400000000000001,-16.0,9,female,1,1373.4594575000006,1,28,0.0,0.0,0.0,0.0,0.0,-1.0,53.0,81.0,0.0
119,120,3.0,1.0,0.0,0.0,8.0,3.2498977999994167,-79.0,9.0,0.1,size,color,orientation,0.3400000000000001,-16.0,9,female,1,1373.4594575000006,0,28,0.0,0.0,1.0,0.0,0.0,3.0,54.0,82.0,0.0
120,121,3.0,2.0,3.0,0.0,8.0,2.0160214000006818,42.5,15.0,0.3,size,color,orientation,0.3400000000000001,-16.0,9,female,1,1373.4594575000006,1,28,0.0,0.0,1.0,0.0,0.0,-1.0,55.0,83.0,0.0
121,122,3.0,3.0,2.0,0.0,8.0,2.349486500000239,-52.0,18.0,0.1,size,color,orientation,0.3400000000000001,-16.0,9,female,1,1373.4594575000006,1,28,0.0,0.0,1.0,0.0,0.0,0.0,56.0,84.0,0.0
122,123,3.0,1.0,5.0,0.0,8.0,15.183393600000272,15.5,9.0,0.4600000000000001,size,color,orientation,0.3400000000000001,-16.0,9,female,1,1373.4594575000006,1,28,0.0,0.0,1.0,0.0,0.0,0.0,57.0,85.0,0.0
123,124,3.0,2.0,7.0,0.0,8.0,3.316534900000079,-11.5,14.0,0.38,size,color,orientation,0.3400000000000001,-16.0,9,female,1,1373.4594575000006,1,28,0.0,0.0,2.0,0.0,0.0,0.0,58.0,86.0,0.0
124,125,3.0,7.0,3.0,0.0,8.0,1.9491171999998187,42.5,13.0,0.14,size,color,orientation,0.3400000000000001,-16.0,9,female,1,1373.4594575000006,1,28,0.0,0.0,1.0,0.0,0.0,-1.0,59.0,87.0,0.0
125,126,3.0,0.0,4.0,0.0,8.0,6.399586900000031,-25.0,0.0,0.4600000000000001,size,color,orientation,0.3400000000000001,-16.0,9,female,1,1373.4594575000006,1,28,0.0,0.0,1.0,0.0,0.0,1.0,60.0,88.0,0.0
126,127,3.0,2.0,2.0,1.0,8.0,3.348220400000173,-34.0,18.0,0.22,size,color,orientation,0.3400000000000001,-16.0,9,female,1,1373.4594575000006,1,28,0.0,0.0,0.0,0.0,0.0,0.0,61.0,89.0,0.0
127,128,3.0,7.0,7.0,1.0,8.0,5.132457200000317,11.0,13.0,0.42,size,color,orientation,0.3400000000000001,-16.0,9,female,1,1373.4594575000006,0,28,0.0,0.0,0.0,0.0,0.0,1.0,62.0,90.0,0.0
128,129,3.0,5.0,5.0,1.0,8.0,4.983434199999465,6.5,8.0,0.4600000000000001,size,color,orientation,0.3400000000000001,-16.0,9,female,1,1373.4594575000006,0,28,0.0,0.0,0.0,0.0,0.0,0.0,63.0,91.0,0.0
129,130,3.0,1.0,0.0,0.0,8.0,4.716863399999966,-25.0,11.0,0.1,size,color,orientation,0.3400000000000001,-16.0,9,female,1,1373.4594575000006,0,28,0.0,0.0,1.0,0.0,0.0,0.0,64.0,92.0,0.0
130,131,3.0,0.0,0.0,1.0,8.0,1.6001980999999432,-47.5,9.0,0.1,size,color,orientation,0.3400000000000001,-16.0,9,female,1,1373.4594575000006,1,28,0.0,0.0,0.0,0.0,0.0,-1.0,65.0,93.0,0.0
131,132,3.0,1.0,1.0,1.0,8.0,1.2996272000000315,33.5,7.0,0.3,size,color,orientation,0.3400000000000001,-16.0,9,female,1,1373.4594575000006,0,28,0.0,0.0,0.0,0.0,0.0,1.0,66.0,94.0,0.0
132,133,3.0,6.0,3.0,0.0,8.0,9.25032950000059,-2.5,16.0,0.3,size,color,orientation,0.3400000000000001,-16.0,9,female,1,1373.4594575000006,0,28,0.0,0.0,2.0,0.0,0.0,0.0,67.0,95.0,0.0
133,134,3.0,4.0,7.0,0.0,8.0,1.9165694000002984,24.5,18.0,0.3400000000000001,size,color,orientation,0.3400000000000001,-16.0,9,female,1,1373.4594575000006,1,28,0.0,0.0,2.0,0.0,0.0,-2.0,68.0,96.0,0.0
134,135,3.0,5.0,5.0,1.0,8.0,3.866453500000716,-11.5,11.0,0.3400000000000001,size,color,orientation,0.3400000000000001,-16.0,9,female,1,1373.4594575000006,1,28,0.0,0.0,0.0,0.0,0.0,0.0,69.0,97.0,0.0
135,136,3.0,4.0,5.0,0.0,8.0,4.533257900000535,83.0,0.0,0.38,size,color,orientation,0.3400000000000001,-16.0,9,female,1,1373.4594575000006,0,28,0.0,0.0,1.0,0.0,0.0,2.0,70.0,98.0,0.0
136,137,3.0,4.0,2.0,0.0,8.0,1.8841735000005428,-88.0,14.0,0.26,size,color,orientation,0.3400000000000001,-16.0,9,female,1,1373.4594575000006,1,28,0.0,0.0,2.0,0.0,0.0,-1.0,71.0,99.0,0.0
137,138,3.0,0.0,0.0,1.0,8.0,1.8989243000005445,-79.0,5.0,0.1,size,color,orientation,0.3400000000000001,-16.0,9,female,1,1373.4594575000006,1,28,0.0,0.0,0.0,0.0,0.0,-1.0,72.0,100.0,0.0
138,139,3.0,0.0,0.0,1.0,8.0,2.9496822999999495,-43.0,6.0,0.18,size,color,orientation,0.3400000000000001,-16.0,9,female,1,1373.4594575000006,0,28,0.0,0.0,0.0,0.0,0.0,2.0,73.0,101.0,0.0
139,140,3.0,4.0,7.0,0.0,8.0,6.266728100000364,74.0,14.0,0.3400000000000001,size,color,orientation,0.3400000000000001,-16.0,9,female,1,1373.4594575000006,0,28,0.0,0.0,2.0,0.0,0.0,0.0,74.0,102.0,0.0
140,141,3.0,6.0,1.0,0.0,8.0,5.1975113000007696,6.5,11.0,0.26,size,color,orientation,0.3400000000000001,-16.0,9,female,1,1373.4594575000006,1,28,0.0,0.0,3.0,0.0,0.0,-2.0,75.0,103.0,0.0
141,142,3.0,5.0,4.0,0.0,8.0,2.4828012999996645,-29.5,4.0,0.4600000000000001,size,color,orientation,0.3400000000000001,-16.0,9,female,1,1373.4594575000006,1,28,0.0,0.0,1.0,0.0,0.0,-1.0,76.0,104.0,0.0
142,143,3.0,1.0,1.0,1.0,8.0,4.681787600000462,56.0,12.0,0.1,size,color,orientation,0.3400000000000001,-16.0,9,female,1,1373.4594575000006,1,28,0.0,0.0,0.0,0.0,0.0,2.0,77.0,105.0,0.0
143,144,3.0,0.0,0.0,1.0,8.0,1.3514477999997323,-61.0,4.0,0.1,size,color,orientation,0.3400000000000001,-16.0,9,female,1,1373.4594575000006,0,28,0.0,0.0,0.0,0.0,0.0,1.0,78.0,106.0,0.0
144,145,3.0,4.0,5.0,0.0,8.0,4.9166031000004295,6.5,4.0,0.3400000000000001,size,color,orientation,0.3400000000000001,-16.0,9,female,1,1373.4594575000006,0,28,0.0,0.0,1.0,0.0,0.0,0.0,79.0,107.0,0.0
145,146,3.0,2.0,2.0,1.0,8.0,3.482692300000054,-56.5,20.0,0.14,size,color,orientation,0.3400000000000001,-16.0,9,female,1,1373.4594575000006,1,28,0.0,0.0,0.0,0.0,0.0,-1.0,80.0,108.0,0.0
146,147,3.0,3.0,7.0,0.0,8.0,1.1831412999999884,20.0,17.0,0.3400000000000001,size,color,orientation,0.3400000000000001,-16.0,9,female,1,1373.4594575000006,0,28,0.0,0.0,1.0,0.0,0.0,1.0,81.0,109.0,0.0
147,148,3.0,1.0,1.0,1.0,8.0,1.7323512000002663,78.5,5.0,0.14,size,color,orientation,0.3400000000000001,-16.0,9,female,1,1373.4594575000006,1,28,0.0,0.0,0.0,0.0,0.0,-1.0,82.0,110.0,0.0
148,149,3.0,4.0,1.0,0.0,8.0,3.2503141999995933,2.0,7.0,0.3,size,color,orientation,0.3400000000000001,-16.0,9,female,1,1373.4594575000006,0,28,0.0,0.0,2.0,0.0,0.0,1.0,83.0,111.0,0.0
149,150,3.0,4.0,6.0,0.0,8.0,4.315833800000291,-52.0,23.0,0.38,size,color,orientation,0.3400000000000001,-16.0,9,female,1,1373.4594575000006,1,28,0.0,0.0,1.0,0.0,0.0,-2.0,84.0,112.0,0.0
150,151,3.0,7.0,3.0,0.0,8.0,2.5503143000005366,20.0,17.0,0.18,size,color,orientation,0.3400000000000001,-16.0,9,female,1,1373.4594575000006,1,28,0.0,0.0,1.0,0.0,0.0,1.0,85.0,113.0,0.0
151,152,3.0,6.0,3.0,0.0,8.0,2.5327753000001394,-2.5,15.0,0.26,size,color,orientation,0.3400000000000001,-16.0,9,female,1,1373.4594575000006,1,28,0.0,0.0,2.0,0.0,0.0,0.0,86.0,114.0,0.0
152,153,3.0,6.0,4.0,0.0,8.0,2.56712460000017,-52.0,10.0,0.4600000000000001,size,color,orientation,0.3400000000000001,-16.0,9,female,1,1373.4594575000006,1,28,0.0,0.0,1.0,0.0,0.0,-1.0,87.0,115.0,0.0
153,154,3.0,7.0,3.0,0.0,8.0,3.565785499999947,33.5,18.0,0.26,size,color,orientation,0.3400000000000001,-16.0,9,female,1,1373.4594575000006,1,28,0.0,0.0,1.0,0.0,0.0,1.0,88.0,116.0,0.0
154,155,3.0,6.0,3.0,0.0,8.0,2.98240050000004,83.0,20.0,0.14,size,color,orientation,0.3400000000000001,-16.0,9,female,1,1373.4594575000006,1,28,0.0,0.0,2.0,0.0,0.0,0.0,89.0,117.0,0.0
155,156,3.0,6.0,4.0,0.0,8.0,2.599988299999495,-79.0,5.0,0.4600000000000001,size,color,orientation,0.3400000000000001,-16.0,9,female,1,1373.4594575000006,1,28,0.0,0.0,1.0,0.0,0.0,-1.0,90.0,118.0,0.0
156,157,3.0,2.0,7.0,0.0,8.0,3.4506553999999596,2.0,15.0,0.3400000000000001,size,color,orientation,0.3400000000000001,-16.0,9,female,1,1373.4594575000006,1,28,0.0,0.0,2.0,0.0,0.0,1.0,91.0,119.0,0.0
157,158,3.0,7.0,6.0,0.0,8.0,2.61552329999995,-74.5,14.0,0.38,size,color,orientation,0.3400000000000001,-16.0,9,female,1,1373.4594575000006,1,28,0.0,0.0,1.0,0.0,0.0,-1.0,92.0,120.0,0.0
158,159,3.0,6.0,6.0,1.0,8.0,1.1991273000003275,-20.5,14.0,0.42,size,color,orientation,0.3400000000000001,-16.0,9,female,1,1373.4594575000006,1,28,0.0,0.0,0.0,0.0,0.0,1.0,93.0,121.0,0.0
159,160,3.0,0.0,0.0,1.0,8.0,1.867402700000639,-70.0,2.0,0.1,size,color,orientation,0.3400000000000001,-16.0,9,female,1,1373.4594575000006,0,28,0.0,0.0,0.0,0.0,0.0,1.0,94.0,122.0,0.0
160,161,3.0,4.0,1.0,0.0,8.0,3.2340807000000495,15.5,7.0,0.3,size,color,orientation,0.3400000000000001,-16.0,9,female,1,1373.4594575000006,0,28,0.0,0.0,2.0,0.0,0.0,0.0,95.0,123.0,0.0
161,162,3.0,0.0,0.0,1.0,8.0,1.1998915000003765,-70.0,2.0,0.3,size,color,orientation,0.3400000000000001,-16.0,9,female,1,1373.4594575000006,1,28,0.0,0.0,0.0,0.0,0.0,-2.0,96.0,124.0,0.0
162,163,3.0,1.0,5.0,0.0,8.0,1.316581799999767,20.0,1.0,0.38,size,color,orientation,0.3400000000000001,-16.0,9,female,1,1373.4594575000006,0,28,0.0,0.0,1.0,0.0,0.0,2.0,97.0,125.0,0.0
163,164,3.0,7.0,3.0,0.0,8.0,17.448572899999817,65.0,15.0,0.18,size,color,orientation,0.3400000000000001,-16.0,9,female,1,1373.4594575000006,1,28,0.0,0.0,1.0,0.0,0.0,-1.0,98.0,126.0,0.0
164,165,3.0,1.0,1.0,1.0,8.0,5.282549800000197,83.0,10.0,0.22,size,color,orientation,0.3400000000000001,-16.0,9,female,1,1373.4594575000006,1,28,0.0,0.0,0.0,0.0,0.0,0.0,99.0,127.0,0.0
165,166,3.0,2.0,2.0,1.0,8.0,3.833516100000452,-65.5,13.0,0.14,size,color,orientation,0.3400000000000001,-16.0,9,female,1,1373.4594575000006,0,28,0.0,0.0,0.0,0.0,0.0,1.0,100.0,128.0,0.0
166,167,3.0,3.0,7.0,0.0,8.0,1.8496642000000063,15.5,21.0,0.38,size,color,orientation,0.3400000000000001,-16.0,9,female,1,1373.4594575000006,0,28,0.0,0.0,1.0,0.0,0.0,0.0,101.0,129.0,0.0
167,168,3.0,2.0,2.0,1.0,8.0,1.7655020000001969,-43.0,16.0,0.18,size,color,orientation,0.3400000000000001,-16.0,9,female,1,1373.4594575000006,1,28,0.0,0.0,0.0,0.0,0.0,-1.0,102.0,130.0,0.0
168,169,3.0,1.0,5.0,0.0,8.0,1.9668995000001817,56.0,12.0,0.38,size,color,orientation,0.3400000000000001,-16.0,9,female,1,1373.4594575000006,0,28,0.0,0.0,1.0,0.0,0.0,1.0,103.0,131.0,0.0
169,170,3.0,2.0,2.0,1.0,8.0,7.599878299999546,-43.0,15.0,0.22,size,color,orientation,0.3400000000000001,-16.0,9,female,1,1373.4594575000006,1,28,0.0,0.0,0.0,0.0,0.0,-1.0,104.0,132.0,0.0
170,171,3.0,0.0,0.0,1.0,8.0,1.716588700000102,-25.0,12.0,0.22,size,color,orientation,0.3400000000000001,-16.0,9,female,1,1373.4594575000006,0,28,0.0,0.0,0.0,0.0,0.0,1.0,105.0,133.0,0.0
171,172,3.0,7.0,7.0,1.0,8.0,3.283391400000255,20.0,14.0,0.4600000000000001,size,color,orientation,0.3400000000000001,-16.0,9,female,1,1373.4594575000006,0,28,0.0,0.0,0.0,0.0,0.0,0.0,106.0,134.0,0.0
172,173,3.0,1.0,0.0,0.0,8.0,6.28399730000001,-52.0,10.0,0.26,size,color,orientation,0.3400000000000001,-16.0,9,female,1,1373.4594575000006,0,28,0.0,0.0,1.0,0.0,0.0,0.0,107.0,135.0,0.0
173,174,3.0,0.0,0.0,1.0,8.0,2.0658651000003374,-88.0,2.0,0.14,size,color,orientation,0.3400000000000001,-16.0,9,female,1,1373.4594575000006,1,28,0.0,0.0,0.0,0.0,0.0,-1.0,108.0,136.0,0.0
174,175,3.0,0.0,0.0,1.0,8.0,1.2001636999993934,-47.5,10.0,0.14,size,color,orientation,0.3400000000000001,-16.0,9,female,1,1373.4594575000006,0,28,0.0,0.0,0.0,0.0,0.0,1.0,109.0,137.0,0.0
175,176,3.0,6.0,6.0,1.0,8.0,3.2172945000002073,-20.5,21.0,0.42,size,color,orientation,0.3400000000000001,-16.0,9,female,1,1373.4594575000006,0,28,0.0,0.0,0.0,0.0,0.0,0.0,110.0,138.0,0.0
176,177,3.0,5.0,5.0,1.0,8.0,4.216746600000079,60.5,2.0,0.42,size,color,orientation,0.3400000000000001,-16.0,9,female,1,1373.4594575000006,0,28,0.0,0.0,0.0,0.0,0.0,0.0,111.0,139.0,0.0
177,178,3.0,3.0,3.0,1.0,8.0,2.883257599999524,87.5,17.0,0.1,size,color,orientation,0.3400000000000001,-16.0,9,female,1,1373.4594575000006,0,28,0.0,0.0,0.0,0.0,0.0,0.0,112.0,140.0,0.0
178,179,3.0,5.0,5.0,1.0,8.0,4.133067499999925,69.5,1.0,0.42,size,color,orientation,0.3400000000000001,-16.0,9,female,1,1373.4594575000006,0,28,0.0,0.0,0.0,0.0,0.0,0.0,113.0,141.0,0.0
179,180,3.0,2.0,3.0,0.0,8.0,2.466949800000293,-16.0,14.0,0.1,size,color,orientation,0.3400000000000001,-16.0,9,female,1,1373.4594575000006,0,28,0.0,0.0,1.0,0.0,0.0,0.0,114.0,142.0,0.0
180,181,3.0,7.0,7.0,1.0,8.0,2.2157142999994903,78.5,23.0,0.38,size,color,orientation,0.3400000000000001,-16.0,9,female,1,1373.4594575000006,1,28,0.0,0.0,0.0,0.0,0.0,-1.0,115.0,143.0,0.0
181,182,3.0,4.0,4.0,1.0,8.0,2.4165812000001097,-38.5,7.0,0.38,size,color,orientation,0.3400000000000001,-16.0,9,female,1,1373.4594575000006,0,28,0.0,0.0,0.0,0.0,0.0,1.0,116.0,144.0,0.0
182,183,3.0,5.0,5.0,1.0,8.0,17.933961899999304,51.5,12.0,0.42,size,color,orientation,0.3400000000000001,-16.0,9,female,1,1373.4594575000006,0,28,0.0,0.0,0.0,0.0,0.0,0.0,117.0,145.0,0.0
183,184,3.0,0.0,0.0,1.0,8.0,2.116819900000337,-43.0,9.0,0.22,size,color,orientation,0.3400000000000001,-16.0,9,female,1,1373.4594575000006,0,28,0.0,0.0,0.0,0.0,0.0,0.0,118.0,146.0,0.0
184,185,3.0,3.0,3.0,1.0,8.0,1.866055700000288,38.0,24.0,0.18,size,color,orientation,0.3400000000000001,-16.0,9,female,1,1373.4594575000006,0,28,0.0,0.0,0.0,0.0,0.0,0.0,119.0,147.0,0.0
185,186,3.0,6.0,6.0,1.0,8.0,1.883419099999628,-74.5,23.0,0.42,size,color,orientation,0.3400000000000001,-16.0,9,female,1,1373.4594575000006,0,28,0.0,0.0,0.0,0.0,0.0,0.0,120.0,148.0,0.0
186,187,3.0,7.0,7.0,1.0,8.0,1.1010361999997258,56.0,15.0,0.42,size,color,orientation,0.3400000000000001,-16.0,9,female,1,1373.4594575000006,0,28,0.0,0.0,0.0,0.0,0.0,0.0,121.0,149.0,0.0
187,188,3.0,6.0,7.0,0.0,8.0,1.3492860000005749,-2.5,19.0,0.42,size,color,orientation,0.3400000000000001,-16.0,9,female,1,1373.4594575000006,0,28,0.0,0.0,1.0,0.0,0.0,0.0,122.0,150.0,0.0
188,189,3.0,1.0,1.0,1.0,8.0,5.683602099999916,2.0,1.0,0.26,size,color,orientation,0.3400000000000001,-16.0,9,female,1,1373.4594575000006,1,28,0.0,0.0,0.0,0.0,0.0,-1.0,123.0,151.0,0.0
189,190,3.0,4.0,5.0,0.0,8.0,3.000293399999464,-7.0,1.0,0.42,size,color,orientation,0.3400000000000001,-16.0,9,female,1,1373.4594575000006,0,28,0.0,0.0,1.0,0.0,0.0,1.0,124.0,152.0,0.0
190,191,3.0,5.0,5.0,1.0,8.0,3.64960020000035,87.5,0.0,0.38,size,color,orientation,0.3400000000000001,-16.0,9,female,1,1373.4594575000006,1,28,0.0,0.0,0.0,0.0,0.0,-1.0,125.0,153.0,0.0
191,192,3.0,0.0,0.0,1.0,8.0,1.7166085000008025,-38.5,1.0,0.18,size,color,orientation,0.3400000000000001,-16.0,9,female,1,1373.4594575000006,0,28,0.0,0.0,0.0,0.0,0.0,1.0,126.0,154.0,0.0
192,193,3.0,6.0,6.0,1.0,8.0,1.8501222000004416,-56.5,14.0,0.4600000000000001,size,color,orientation,0.3400000000000001,-16.0,9,female,1,1373.4594575000006,0,28,0.0,0.0,0.0,0.0,0.0,0.0,127.0,155.0,0.0
193,194,3.0,5.0,5.0,1.0,8.0,2.0002856999999494,60.5,11.0,0.4600000000000001,size,color,orientation,0.3400000000000001,-16.0,9,female,1,1373.4594575000006,0,28,0.0,0.0,0.0,0.0,0.0,0.0,128.0,156.0,0.0
194,195,3.0,5.0,5.0,1.0,8.0,2.3337521000003107,29.0,10.0,0.4600000000000001,size,color,orientation,0.3400000000000001,-16.0,9,female,1,1373.4594575000006,0,28,0.0,0.0,0.0,0.0,0.0,0.0,129.0,157.0,0.0
195,196,3.0,0.0,1.0,0.0,8.0,2.1832390999998097,-16.0,6.0,0.22,size,color,orientation,0.3400000000000001,-16.0,9,female,1,1373.4594575000006,0,28,0.0,0.0,1.0,0.0,0.0,0.0,130.0,158.0,0.0
196,197,3.0,5.0,5.0,1.0,8.0,9.899671500000297,87.5,11.0,0.38,size,color,orientation,0.3400000000000001,-16.0,9,female,1,1373.4594575000006,1,28,0.0,0.0,0.0,0.0,0.0,-1.0,131.0,159.0,0.0
197,198,3.0,1.0,1.0,1.0,8.0,2.117597000000387,42.5,6.0,0.22,size,color,orientation,0.3400000000000001,-16.0,9,female,1,1373.4594575000006,0,28,0.0,0.0,0.0,0.0,0.0,1.0,132.0,160.0,0.0
198,199,3.0,4.0,4.0,1.0,8.0,2.53341139999975,-74.5,8.0,0.42,size,color,orientation,0.3400000000000001,-16.0,9,female,1,1373.4594575000006,0,28,0.0,0.0,0.0,0.0,0.0,0.0,133.0,161.0,0.0
199,200,3.0,0.0,0.0,1.0,8.0,3.1999034000000393,-74.5,11.0,0.22,size,color,orientation,0.3400000000000001,-16.0,9,female,1,1373.4594575000006,0,28,0.0,0.0,0.0,0.0,0.0,0.0,134.0,162.0,0.0
200,201,3.0,4.0,4.0,1.0,8.0,4.59995870000057,-61.0,4.0,0.3400000000000001,size,color,orientation,0.3400000000000001,-16.0,9,female,1,1373.4594575000006,0,28,0.0,0.0,0.0,0.0,0.0,0.0,135.0,163.0,0.0
201,202,3.0,4.0,4.0,1.0,8.0,1.4833557000001747,-52.0,5.0,0.42,size,color,orientation,0.3400000000000001,-16.0,9,female,1,1373.4594575000006,0,28,0.0,0.0,0.0,0.0,0.0,0.0,136.0,164.0,0.0
202,203,3.0,7.0,7.0,1.0,8.0,5.748601399999643,33.5,18.0,0.3400000000000001,size,color,orientation,0.3400000000000001,-16.0,9,female,1,1373.4594575000006,0,28,0.0,0.0,0.0,0.0,0.0,0.0,137.0,165.0,0.0
203,204,3.0,2.0,2.0,1.0,8.0,3.2495186999994985,-47.5,20.0,0.26,size,color,orientation,0.3400000000000001,-16.0,9,female,1,1373.4594575000006,0,28,0.0,0.0,0.0,0.0,0.0,0.0,138.0,166.0,0.0
204,205,3.0,6.0,6.0,1.0,8.0,2.2330836000001,-52.0,23.0,0.38,size,color,orientation,0.3400000000000001,-16.0,9,female,1,1373.4594575000006,0,28,0.0,0.0,0.0,0.0,0.0,0.0,139.0,167.0,0.0
205,206,3.0,3.0,3.0,1.0,8.0,1.6668085000001156,6.5,18.0,0.26,size,color,orientation,0.3400000000000001,-16.0,9,female,1,1373.4594575000006,0,28,0.0,0.0,0.0,0.0,0.0,0.0,140.0,168.0,0.0
206,207,1.0,0.0,1.0,0.0,2.0,5.358783399999993,2.0,14.0,0.38,size,color,orientation,0.3400000000000001,-16.0,9,female,1,1373.4594575000006,1,28,1.0,0.0,0.0,0.0,0.0,0.0,0.0,169.0,1.0
207,208,1.0,1.0,1.0,1.0,2.0,2.492101100000582,-83.5,21.0,0.42,size,color,orientation,0.3400000000000001,-16.0,9,female,1,1373.4594575000006,1,28,0.0,0.0,0.0,-1.0,0.0,0.0,0.0,170.0,2.0
208,209,1.0,0.0,0.0,1.0,2.0,1.1498872000001938,33.5,11.0,0.14,size,color,orientation,0.3400000000000001,-16.0,9,female,1,1373.4594575000006,0,28,0.0,0.0,0.0,1.0,0.0,0.0,0.0,171.0,3.0
209,210,1.0,0.0,0.0,1.0,2.0,1.3672661000000517,20.0,22.0,0.14,size,color,orientation,0.3400000000000001,-16.0,9,female,1,1373.4594575000006,0,28,0.0,0.0,0.0,0.0,0.0,0.0,0.0,172.0,4.0
210,211,1.0,1.0,1.0,1.0,2.0,1.3172150000000329,65.0,20.0,0.42,size,color,orientation,0.3400000000000001,-16.0,9,female,1,1373.4594575000006,0,28,0.0,0.0,0.0,0.0,0.0,0.0,0.0,173.0,5.0
211,212,1.0,1.0,1.0,1.0,2.0,0.8157720999997764,24.5,12.0,0.42,size,color,orientation,0.3400000000000001,-16.0,9,female,1,1373.4594575000006,0,28,0.0,0.0,0.0,0.0,0.0,0.0,0.0,174.0,6.0
212,213,1.0,0.0,0.0,1.0,2.0,1.4830375000001368,11.0,5.0,0.3,size,color,orientation,0.3400000000000001,-16.0,9,female,1,1373.4594575000006,0,28,0.0,0.0,0.0,0.0,0.0,0.0,0.0,175.0,7.0
213,214,1.0,1.0,1.0,1.0,2.0,1.0839820000001057,47.0,2.0,0.42,size,color,orientation,0.3400000000000001,-16.0,9,female,1,1373.4594575000006,0,28,0.0,0.0,0.0,0.0,0.0,0.0,0.0,176.0,8.0
214,215,1.0,0.0,0.0,1.0,2.0,0.9502634999998918,-7.0,11.0,0.26,size,color,orientation,0.3400000000000001,-16.0,9,female,1,1373.4594575000006,0,28,0.0,0.0,0.0,0.0,0.0,0.0,0.0,177.0,9.0
215,216,1.0,1.0,1.0,1.0,2.0,1.016559199999392,-65.5,6.0,0.42,size,color,orientation,0.3400000000000001,-16.0,9,female,1,1373.4594575000006,0,28,0.0,0.0,0.0,0.0,0.0,0.0,0.0,178.0,10.0
216,217,1.0,0.0,0.0,1.0,2.0,1.4163053000002035,20.0,7.0,0.1,size,color,orientation,0.3400000000000001,-16.0,9,female,1,1373.4594575000006,0,28,0.0,0.0,0.0,0.0,0.0,0.0,0.0,179.0,11.0
217,218,2.0,0.0,1.0,0.0,4.0,1.133884300000318,11.0,17.0,0.1,size,color,orientation,0.3400000000000001,-16.0,9,female,1,1373.4594575000006,1,28,0.0,1.0,0.0,0.0,0.0,0.0,1.0,0.0,12.0
218,219,2.0,0.0,2.0,0.0,4.0,2.350018199999795,-56.5,3.0,0.38,size,color,orientation,0.3400000000000001,-16.0,9,female,1,1373.4594575000006,1,28,0.0,1.0,0.0,0.0,-1.0,0.0,2.0,0.0,13.0
219,220,2.0,3.0,0.0,0.0,4.0,1.9498102999996263,20.0,2.0,0.18,size,color,orientation,0.3400000000000001,-16.0,9,female,1,1373.4594575000006,1,28,0.0,2.0,0.0,0.0,0.0,0.0,3.0,0.0,14.0
220,221,2.0,0.0,0.0,1.0,4.0,1.565896299999622,-38.5,11.0,0.1,size,color,orientation,0.3400000000000001,-16.0,9,female,1,1373.4594575000006,1,28,0.0,0.0,0.0,0.0,-1.0,0.0,4.0,0.0,15.0
221,222,2.0,0.0,0.0,1.0,4.0,2.4163658999996187,-7.0,9.0,0.22,size,color,orientation,0.3400000000000001,-16.0,9,female,1,1373.4594575000006,0,28,0.0,0.0,0.0,0.0,2.0,0.0,5.0,0.0,16.0
222,223,2.0,3.0,1.0,0.0,4.0,1.266659300000356,33.5,23.0,0.3,size,color,orientation,0.3400000000000001,-16.0,9,female,1,1373.4594575000006,0,28,0.0,1.0,0.0,0.0,0.0,0.0,6.0,0.0,17.0
223,224,2.0,3.0,1.0,0.0,4.0,1.3998429000002943,-2.5,22.0,0.3,size,color,orientation,0.3400000000000001,-16.0,9,female,1,1373.4594575000006,1,28,0.0,1.0,0.0,0.0,-1.0,0.0,7.0,0.0,18.0
224,225,2.0,0.0,0.0,1.0,4.0,1.1984482999996544,-70.0,5.0,0.1,size,color,orientation,0.3400000000000001,-16.0,9,female,1,1373.4594575000006,1,28,0.0,0.0,0.0,0.0,0.0,0.0,8.0,0.0,19.0
225,226,2.0,1.0,1.0,1.0,4.0,1.033824299999651,65.0,19.0,0.22,size,color,orientation,0.3400000000000001,-16.0,9,female,1,1373.4594575000006,0,28,0.0,0.0,0.0,0.0,1.0,0.0,9.0,0.0,20.0
226,227,2.0,2.0,2.0,1.0,4.0,1.73376830000052,-38.5,2.0,0.3400000000000001,size,color,orientation,0.3400000000000001,-16.0,9,female,1,1373.4594575000006,0,28,0.0,0.0,0.0,0.0,0.0,0.0,10.0,0.0,21.0
227,228,2.0,1.0,1.0,1.0,4.0,1.1834108000002743,15.5,20.0,0.1,size,color,orientation,0.3400000000000001,-16.0,9,female,1,1373.4594575000006,0,28,0.0,0.0,0.0,0.0,0.0,0.0,11.0,0.0,22.0
228,229,2.0,1.0,1.0,1.0,4.0,1.232361200000014,74.0,23.0,0.26,size,color,orientation,0.3400000000000001,-16.0,9,female,1,1373.4594575000006,0,28,0.0,0.0,0.0,0.0,0.0,0.0,12.0,0.0,23.0
229,230,2.0,0.0,0.0,1.0,4.0,1.2668008000000557,51.5,12.0,0.26,size,color,orientation,0.3400000000000001,-16.0,9,female,1,1373.4594575000006,0,28,0.0,0.0,0.0,0.0,0.0,0.0,13.0,0.0,24.0
230,231,2.0,3.0,3.0,1.0,4.0,1.1337907999995878,-79.0,19.0,0.42,size,color,orientation,0.3400000000000001,-16.0,9,female,1,1373.4594575000006,0,28,0.0,0.0,0.0,0.0,0.0,0.0,14.0,0.0,25.0
231,232,2.0,0.0,0.0,1.0,4.0,1.6175678999998129,47.0,2.0,0.14,size,color,orientation,0.3400000000000001,-16.0,9,female,1,1373.4594575000006,0,28,0.0,0.0,0.0,0.0,0.0,0.0,15.0,0.0,26.0
232,233,2.0,2.0,2.0,1.0,4.0,2.266502600000422,24.5,0.0,0.3400000000000001,size,color,orientation,0.3400000000000001,-16.0,9,female,1,1373.4594575000006,0,28,0.0,0.0,0.0,0.0,0.0,0.0,16.0,0.0,27.0
233,234,2.0,1.0,1.0,1.0,4.0,1.0993229000005158,11.0,16.0,0.1,size,color,orientation,0.3400000000000001,-16.0,9,female,1,1373.4594575000006,0,28,0.0,0.0,0.0,0.0,0.0,0.0,17.0,0.0,28.0
