,Trial_number,Chosen_castle,Chosen_location,Correct_location,Accuracy,Number_of_doors,RT,Current_orientation,Current_color,Current_size,First_feature,Second_feature,Third_feature,Participant_size,Participant_orientation,Participant_number,Participant_gender,Early_exit,Training_time,Meta_trial,Participant_age,PE_1,PE_2,PE_3,LP_1,LP_2,LP_3,Nov_1,Nov_2,Nov_3
0,1,3.0,5.0,0.0,0.0,8.0,5.765960100000484,-65.5,6.0,0.1,color,orientation,size,0.22,15.5,10,female,0,2707.0406706000003,1,23,0.0,0.0,0.0,0.0,0.0,0.0,99.0,99.0,0.0
1,2,3.0,3.0,3.0,1.0,8.0,3.297941599999831,78.5,0.0,0.22,color,orientation,size,0.22,15.5,10,female,0,2707.0406706000003,1,23,0.0,0.0,0.0,0.0,0.0,0.0,100.0,100.0,0.0
2,3,3.0,3.0,7.0,0.0,8.0,2.2001682000000073,78.5,14.0,0.3,color,orientation,size,0.22,15.5,10,female,0,2707.0406706000003,0,23,0.0,0.0,1.0,0.0,0.0,0.0,101.0,101.0,0.0
3,4,3.0,0.0,4.0,0.0,8.0,1.0993521000000328,-38.5,17.0,0.14,color,orientation,size,0.22,15.5,10,female,0,2707.0406706000003,1,23,0.0,0.0,1.0,0.0,0.0,-1.0,102.0,102.0,0.0
4,5,3.0,3.0,7.0,0.0,8.0,3.133198900000025,74.0,13.0,0.22,color,orientation,size,0.22,15.5,10,female,0,2707.0406706000003,1,23,0.0,0.0,1.0,0.0,0.0,0.0,103.0,103.0,0.0
5,6,2.0,1.0,2.0,0.0,4.0,4.5320222999998805,-38.5,20.0,0.14,color,orientation,size,0.22,15.5,10,female,0,2707.0406706000003,1,23,0.0,2.0,1.0,0.0,0.0,0.0,104.0,0.0,1.0
6,7,1.0,0.0,0.0,1.0,2.0,1.5750457000003737,-20.5,8.0,0.38,color,orientation,size,0.22,15.5,10,female,0,2707.0406706000003,1,23,0.0,2.0,1.0,0.0,0.0,0.0,0.0,1.0,2.0
7,8,1.0,1.0,1.0,1.0,2.0,1.4343625999999858,11.0,15.0,0.22,color,orientation,size,0.22,15.5,10,female,0,2707.0406706000003,0,23,0.0,2.0,1.0,0.0,0.0,0.0,0.0,2.0,3.0
8,9,1.0,0.0,0.0,1.0,2.0,2.7175790000001143,83.0,0.0,0.22,color,orientation,size,0.22,15.5,10,female,0,2707.0406706000003,0,23,0.0,2.0,1.0,0.0,0.0,0.0,0.0,3.0,4.0
9,10,1.0,0.0,1.0,0.0,2.0,3.2000608999996984,6.5,16.0,0.42,color,orientation,size,0.22,15.5,10,female,0,2707.0406706000003,0,23,1.0,2.0,1.0,0.0,0.0,0.0,0.0,4.0,5.0
10,11,1.0,0.0,1.0,0.0,2.0,2.1418314000002283,24.5,23.0,0.38,color,orientation,size,0.22,15.5,10,female,0,2707.0406706000003,1,23,1.0,2.0,1.0,-1.0,0.0,0.0,0.0,5.0,6.0
11,12,1.0,0.0,1.0,0.0,2.0,1.759525499999654,60.5,15.0,0.3,color,orientation,size,0.22,15.5,10,female,0,2707.0406706000003,1,23,1.0,2.0,1.0,0.0,0.0,0.0,0.0,6.0,7.0
12,13,1.0,0.0,1.0,0.0,2.0,3.5592086999995445,-7.0,13.0,0.18,color,orientation,size,0.22,15.5,10,female,0,2707.0406706000003,1,23,1.0,2.0,1.0,0.0,0.0,0.0,0.0,7.0,8.0
13,14,1.0,0.0,0.0,1.0,2.0,1.207357199999933,38.0,8.0,0.22,color,orientation,size,0.22,15.5,10,female,0,2707.0406706000003,1,23,0.0,2.0,1.0,0.0,0.0,0.0,0.0,8.0,9.0
14,15,1.0,1.0,1.0,1.0,2.0,1.1173231999991913,-38.5,15.0,0.4600000000000001,color,orientation,size,0.22,15.5,10,female,0,2707.0406706000003,0,23,0.0,2.0,1.0,1.0,0.0,0.0,0.0,9.0,10.0
15,16,1.0,1.0,1.0,1.0,2.0,2.4503905999999915,74.0,17.0,0.3400000000000001,color,orientation,size,0.22,15.5,10,female,0,2707.0406706000003,0,23,0.0,2.0,1.0,0.0,0.0,0.0,0.0,10.0,11.0
16,17,1.0,1.0,1.0,1.0,2.0,1.06659369999943,-52.0,14.0,0.38,color,orientation,size,0.22,15.5,10,female,0,2707.0406706000003,0,23,0.0,2.0,1.0,0.0,0.0,0.0,0.0,11.0,12.0
17,18,1.0,0.0,0.0,1.0,2.0,1.4339959999997518,87.5,8.0,0.1,color,orientation,size,0.22,15.5,10,female,0,2707.0406706000003,0,23,0.0,2.0,1.0,0.0,0.0,0.0,0.0,12.0,13.0
18,19,1.0,0.0,0.0,1.0,2.0,0.850401900000179,78.5,8.0,0.22,color,orientation,size,0.22,15.5,10,female,0,2707.0406706000003,0,23,0.0,2.0,1.0,0.0,0.0,0.0,0.0,13.0,14.0
19,20,1.0,0.0,0.0,1.0,2.0,1.1508217000000514,33.5,1.0,0.3400000000000001,color,orientation,size,0.22,15.5,10,female,0,2707.0406706000003,0,23,0.0,2.0,1.0,0.0,0.0,0.0,0.0,14.0,15.0
20,21,1.0,0.0,0.0,1.0,2.0,1.4995060000001104,24.5,1.0,0.18,color,orientation,size,0.22,15.5,10,female,0,2707.0406706000003,0,23,0.0,2.0,1.0,0.0,0.0,0.0,0.0,15.0,16.0
21,22,1.0,1.0,1.0,1.0,2.0,0.9172568000003594,-20.5,16.0,0.4600000000000001,color,orientation,size,0.22,15.5,10,female,0,2707.0406706000003,0,23,0.0,2.0,1.0,0.0,0.0,0.0,0.0,16.0,17.0
22,23,1.0,0.0,0.0,1.0,2.0,1.334237399999438,20.0,6.0,0.14,color,orientation,size,0.22,15.5,10,female,0,2707.0406706000003,0,23,0.0,2.0,1.0,0.0,0.0,0.0,0.0,17.0,18.0
23,24,2.0,1.0,0.0,0.0,4.0,6.499037700000372,-43.0,7.0,0.3400000000000001,color,orientation,size,0.22,15.5,10,female,0,2707.0406706000003,1,23,0.0,1.0,1.0,0.0,0.0,0.0,1.0,0.0,19.0
24,25,2.0,0.0,0.0,1.0,4.0,1.5482143999997788,-38.5,3.0,0.3400000000000001,color,orientation,size,0.22,15.5,10,female,0,2707.0406706000003,1,23,0.0,0.0,1.0,0.0,1.0,0.0,2.0,0.0,20.0
25,26,2.0,0.0,0.0,1.0,4.0,1.533885900000314,-52.0,6.0,0.42,color,orientation,size,0.22,15.5,10,female,0,2707.0406706000003,0,23,0.0,0.0,1.0,0.0,1.0,0.0,3.0,0.0,21.0
26,27,2.0,1.0,1.0,1.0,4.0,2.7500608000000284,51.5,9.0,0.1,color,orientation,size,0.22,15.5,10,female,0,2707.0406706000003,0,23,0.0,0.0,1.0,0.0,0.0,0.0,4.0,0.0,22.0
27,28,2.0,0.0,0.0,1.0,4.0,2.8170287000002645,-11.5,11.0,0.3400000000000001,color,orientation,size,0.22,15.5,10,female,0,2707.0406706000003,0,23,0.0,0.0,1.0,0.0,0.0,0.0,5.0,0.0,23.0
28,29,2.0,0.0,0.0,1.0,4.0,1.3171826999996483,11.0,11.0,0.3,color,orientation,size,0.22,15.5,10,female,0,2707.0406706000003,0,23,0.0,0.0,1.0,0.0,0.0,0.0,6.0,0.0,24.0
29,30,2.0,3.0,2.0,0.0,4.0,2.650242000000617,-38.5,15.0,0.3,color,orientation,size,0.22,15.5,10,female,0,2707.0406706000003,0,23,0.0,1.0,1.0,0.0,0.0,0.0,7.0,0.0,25.0
30,31,2.0,1.0,0.0,0.0,4.0,2.8322908000000098,-16.0,1.0,0.18,color,orientation,size,0.22,15.5,10,female,0,2707.0406706000003,1,23,0.0,1.0,1.0,0.0,-1.0,0.0,8.0,0.0,26.0
31,32,2.0,0.0,0.0,1.0,4.0,2.2671986000004836,-79.0,7.0,0.3400000000000001,color,orientation,size,0.22,15.5,10,female,0,2707.0406706000003,1,23,0.0,0.0,1.0,0.0,0.0,0.0,9.0,0.0,27.0
32,33,2.0,3.0,2.0,0.0,4.0,2.5008559000007153,11.0,24.0,0.3400000000000001,color,orientation,size,0.22,15.5,10,female,0,2707.0406706000003,0,23,0.0,1.0,1.0,0.0,1.0,0.0,10.0,0.0,28.0
33,34,2.0,0.0,0.0,1.0,4.0,2.5826844000002893,-34.0,8.0,0.42,color,orientation,size,0.22,15.5,10,female,0,2707.0406706000003,1,23,0.0,0.0,1.0,0.0,-1.0,0.0,11.0,0.0,29.0
34,35,2.0,0.0,0.0,1.0,4.0,1.483320800000001,-70.0,2.0,0.38,color,orientation,size,0.22,15.5,10,female,0,2707.0406706000003,0,23,0.0,0.0,1.0,0.0,1.0,0.0,12.0,0.0,30.0
35,36,2.0,2.0,2.0,1.0,4.0,1.2998515999997835,-47.5,16.0,0.42,color,orientation,size,0.22,15.5,10,female,0,2707.0406706000003,0,23,0.0,0.0,1.0,0.0,0.0,0.0,13.0,0.0,31.0
36,37,2.0,0.0,0.0,1.0,4.0,1.6006880999993882,-88.0,4.0,0.38,color,orientation,size,0.22,15.5,10,female,0,2707.0406706000003,0,23,0.0,0.0,1.0,0.0,0.0,0.0,14.0,0.0,32.0
37,38,2.0,0.0,0.0,1.0,4.0,1.5833634999999049,-7.0,2.0,0.3,color,orientation,size,0.22,15.5,10,female,0,2707.0406706000003,0,23,0.0,0.0,1.0,0.0,0.0,0.0,15.0,0.0,33.0
38,39,2.0,1.0,1.0,1.0,4.0,1.082666500000414,78.5,4.0,0.18,color,orientation,size,0.22,15.5,10,female,0,2707.0406706000003,0,23,0.0,0.0,1.0,0.0,0.0,0.0,16.0,0.0,34.0
39,40,2.0,3.0,2.0,0.0,4.0,1.5506420000001526,-74.5,17.0,0.18,color,orientation,size,0.22,15.5,10,female,0,2707.0406706000003,0,23,0.0,1.0,1.0,0.0,0.0,0.0,17.0,0.0,35.0
40,41,2.0,2.0,3.0,0.0,4.0,1.183148799999799,65.0,22.0,0.4600000000000001,color,orientation,size,0.22,15.5,10,female,0,2707.0406706000003,1,23,0.0,1.0,1.0,0.0,-1.0,0.0,18.0,0.0,36.0
41,42,2.0,1.0,1.0,1.0,4.0,1.1670070999998643,33.5,7.0,0.18,color,orientation,size,0.22,15.5,10,female,0,2707.0406706000003,1,23,0.0,0.0,1.0,0.0,0.0,0.0,19.0,0.0,37.0
42,43,2.0,1.0,1.0,1.0,4.0,0.533232599999792,74.0,5.0,0.14,color,orientation,size,0.22,15.5,10,female,0,2707.0406706000003,0,23,0.0,0.0,1.0,0.0,1.0,0.0,20.0,0.0,38.0
43,44,2.0,2.0,3.0,0.0,4.0,3.167833499999688,24.5,19.0,0.22,color,orientation,size,0.22,15.5,10,female,0,2707.0406706000003,0,23,0.0,1.0,1.0,0.0,0.0,0.0,21.0,0.0,39.0
44,45,2.0,3.0,2.0,0.0,4.0,1.8998289000001023,-38.5,23.0,0.38,color,orientation,size,0.22,15.5,10,female,0,2707.0406706000003,1,23,0.0,1.0,1.0,0.0,-1.0,0.0,22.0,0.0,40.0
45,46,2.0,0.0,1.0,0.0,4.0,1.632352100000389,42.5,5.0,0.26,color,orientation,size,0.22,15.5,10,female,0,2707.0406706000003,1,23,0.0,1.0,1.0,0.0,0.0,0.0,23.0,0.0,41.0
46,47,2.0,3.0,2.0,0.0,4.0,2.7666206999992937,-43.0,14.0,0.42,color,orientation,size,0.22,15.5,10,female,0,2707.0406706000003,1,23,0.0,1.0,1.0,0.0,0.0,0.0,24.0,0.0,42.0
47,48,2.0,0.0,1.0,0.0,4.0,3.0162342000003264,60.5,11.0,0.3400000000000001,color,orientation,size,0.22,15.5,10,female,0,2707.0406706000003,1,23,0.0,1.0,1.0,0.0,0.0,0.0,25.0,0.0,43.0
48,49,2.0,1.0,1.0,1.0,4.0,0.9653078000001188,47.0,12.0,0.38,color,orientation,size,0.22,15.5,10,female,0,2707.0406706000003,1,23,0.0,0.0,1.0,0.0,0.0,0.0,26.0,0.0,44.0
49,50,2.0,2.0,2.0,1.0,4.0,1.1995626999996605,-56.5,24.0,0.38,color,orientation,size,0.22,15.5,10,female,0,2707.0406706000003,0,23,0.0,0.0,1.0,0.0,1.0,0.0,27.0,0.0,45.0
50,51,2.0,2.0,2.0,1.0,4.0,3.4665314999992916,-11.5,17.0,0.42,color,orientation,size,0.22,15.5,10,female,0,2707.0406706000003,0,23,0.0,0.0,1.0,0.0,0.0,0.0,28.0,0.0,46.0
51,52,2.0,1.0,1.0,1.0,4.0,1.6324835000004896,65.0,11.0,0.18,color,orientation,size,0.22,15.5,10,female,0,2707.0406706000003,0,23,0.0,0.0,1.0,0.0,0.0,0.0,29.0,0.0,47.0
52,53,2.0,3.0,3.0,1.0,4.0,2.0826702000003934,74.0,17.0,0.38,color,orientation,size,0.22,15.5,10,female,0,2707.0406706000003,0,23,0.0,0.0,1.0,0.0,0.0,0.0,30.0,0.0,48.0
53,54,2.0,0.0,0.0,1.0,4.0,3.467478399999891,-16.0,2.0,0.22,color,orientation,size,0.22,15.5,10,female,0,2707.0406706000003,0,23,0.0,0.0,1.0,0.0,0.0,0.0,31.0,0.0,49.0
54,55,2.0,2.0,2.0,1.0,4.0,4.267042800000127,-20.5,18.0,0.3400000000000001,color,orientation,size,0.22,15.5,10,female,0,2707.0406706000003,0,23,0.0,0.0,1.0,0.0,0.0,0.0,32.0,0.0,50.0
55,56,2.0,1.0,1.0,1.0,4.0,1.9665134999995644,56.0,5.0,0.1,color,orientation,size,0.22,15.5,10,female,0,2707.0406706000003,0,23,0.0,0.0,1.0,0.0,0.0,0.0,33.0,0.0,51.0
56,57,2.0,0.0,0.0,1.0,4.0,1.550261800000044,-70.0,1.0,0.3400000000000001,color,orientation,size,0.22,15.5,10,female,0,2707.0406706000003,0,23,0.0,0.0,1.0,0.0,0.0,0.0,34.0,0.0,52.0
57,58,2.0,0.0,0.0,1.0,4.0,4.649734900000112,-61.0,6.0,0.3,color,orientation,size,0.22,15.5,10,female,0,2707.0406706000003,0,23,0.0,0.0,1.0,0.0,0.0,0.0,35.0,0.0,53.0
58,59,3.0,4.0,5.0,0.0,8.0,3.331966500000817,-43.0,19.0,0.38,color,orientation,size,0.22,15.5,10,female,0,2707.0406706000003,1,23,0.0,0.0,1.0,0.0,0.0,0.0,36.0,1.0,0.0
59,60,3.0,3.0,0.0,0.0,8.0,2.4984942000000956,2.0,0.0,0.14,color,orientation,size,0.22,15.5,10,female,0,2707.0406706000003,1,23,0.0,0.0,2.0,0.0,0.0,0.0,37.0,2.0,0.0
60,61,3.0,6.0,7.0,0.0,8.0,4.032302100000379,47.0,21.0,0.22,color,orientation,size,0.22,15.5,10,female,0,2707.0406706000003,1,23,0.0,0.0,1.0,0.0,0.0,-1.0,38.0,3.0,0.0
61,62,3.0,0.0,0.0,1.0,8.0,3.532689599999685,-34.0,6.0,0.14,color,orientation,size,0.22,15.5,10,female,0,2707.0406706000003,1,23,0.0,0.0,0.0,0.0,0.0,1.0,39.0,4.0,0.0
62,63,3.0,2.0,1.0,0.0,8.0,6.6335857999993095,-29.5,11.0,0.3,color,orientation,size,0.22,15.5,10,female,0,2707.0406706000003,0,23,0.0,0.0,2.0,0.0,0.0,1.0,40.0,5.0,0.0
63,64,3.0,4.0,7.0,0.0,8.0,3.764973899999859,47.0,15.0,0.3400000000000001,color,orientation,size,0.22,15.5,10,female,0,2707.0406706000003,1,23,0.0,0.0,2.0,0.0,0.0,-2.0,41.0,6.0,0.0
64,65,3.0,0.0,1.0,0.0,8.0,3.832388499999979,-56.5,10.0,0.38,color,orientation,size,0.22,15.5,10,female,0,2707.0406706000003,1,23,0.0,0.0,1.0,0.0,0.0,0.0,42.0,7.0,0.0
65,66,3.0,3.0,1.0,0.0,8.0,3.532493599999725,-2.5,4.0,0.3400000000000001,color,orientation,size,0.22,15.5,10,female,0,2707.0406706000003,1,23,0.0,0.0,1.0,0.0,0.0,1.0,43.0,8.0,0.0
66,67,3.0,1.0,1.0,1.0,8.0,6.679051300000538,-2.5,11.0,0.42,color,orientation,size,0.22,15.5,10,female,0,2707.0406706000003,1,23,0.0,0.0,0.0,0.0,0.0,0.0,44.0,9.0,0.0
67,68,3.0,3.0,3.0,1.0,8.0,5.017263800000364,87.5,0.0,0.3400000000000001,color,orientation,size,0.22,15.5,10,female,0,2707.0406706000003,0,23,0.0,0.0,0.0,0.0,0.0,1.0,45.0,10.0,0.0
68,69,3.0,5.0,6.0,0.0,8.0,3.616396200000054,74.0,18.0,0.18,color,orientation,size,0.22,15.5,10,female,0,2707.0406706000003,0,23,0.0,0.0,2.0,0.0,0.0,0.0,46.0,11.0,0.0
69,70,3.0,5.0,5.0,1.0,8.0,5.698868299999958,-16.0,20.0,0.3400000000000001,color,orientation,size,0.22,15.5,10,female,0,2707.0406706000003,1,23,0.0,0.0,0.0,0.0,0.0,-2.0,47.0,12.0,0.0
70,71,3.0,0.0,0.0,1.0,8.0,7.032830400000421,-70.0,0.0,0.18,color,orientation,size,0.22,15.5,10,female,0,2707.0406706000003,0,23,0.0,0.0,0.0,0.0,0.0,2.0,48.0,13.0,0.0
71,72,3.0,4.0,6.0,0.0,8.0,5.850100799999382,47.0,19.0,0.1,color,orientation,size,0.22,15.5,10,female,0,2707.0406706000003,0,23,0.0,0.0,1.0,0.0,0.0,0.0,49.0,14.0,0.0
72,73,3.0,3.0,1.0,0.0,8.0,2.698469799999657,-79.0,5.0,0.22,color,orientation,size,0.22,15.5,10,female,0,2707.0406706000003,1,23,0.0,0.0,1.0,0.0,0.0,-1.0,50.0,15.0,0.0
73,74,3.0,3.0,1.0,0.0,8.0,2.715741199999684,-56.5,0.0,0.38,color,orientation,size,0.22,15.5,10,female,0,2707.0406706000003,1,23,0.0,0.0,1.0,0.0,0.0,0.0,51.0,16.0,0.0
74,75,3.0,4.0,4.0,1.0,8.0,8.182793599999968,-61.0,19.0,0.1,color,orientation,size,0.22,15.5,10,female,0,2707.0406706000003,1,23,0.0,0.0,0.0,0.0,0.0,0.0,52.0,17.0,0.0
75,76,3.0,7.0,4.0,0.0,8.0,3.900627999999415,-7.0,14.0,0.1,color,orientation,size,0.22,15.5,10,female,0,2707.0406706000003,0,23,0.0,0.0,2.0,0.0,0.0,1.0,53.0,18.0,0.0
76,77,3.0,7.0,5.0,0.0,8.0,5.882118700000319,-70.0,20.0,0.4600000000000001,color,orientation,size,0.22,15.5,10,female,0,2707.0406706000003,1,23,0.0,0.0,1.0,0.0,0.0,-2.0,54.0,19.0,0.0
77,78,3.0,7.0,7.0,1.0,8.0,7.449116599999797,42.5,16.0,0.42,color,orientation,size,0.22,15.5,10,female,0,2707.0406706000003,1,23,0.0,0.0,0.0,0.0,0.0,1.0,55.0,20.0,0.0
78,79,3.0,7.0,7.0,1.0,8.0,1.4999452000001838,60.5,21.0,0.42,color,orientation,size,0.22,15.5,10,female,0,2707.0406706000003,0,23,0.0,0.0,0.0,0.0,0.0,1.0,56.0,21.0,0.0
79,80,3.0,0.0,1.0,0.0,8.0,5.351000300000123,-16.0,10.0,0.4600000000000001,color,orientation,size,0.22,15.5,10,female,0,2707.0406706000003,0,23,0.0,0.0,1.0,0.0,0.0,0.0,57.0,22.0,0.0
80,81,3.0,3.0,0.0,0.0,8.0,7.281901999999718,-65.5,0.0,0.1,color,orientation,size,0.22,15.5,10,female,0,2707.0406706000003,1,23,0.0,0.0,2.0,0.0,0.0,-1.0,58.0,23.0,0.0
81,82,3.0,4.0,7.0,0.0,8.0,2.665074700000332,29.0,19.0,0.26,color,orientation,size,0.22,15.5,10,female,0,2707.0406706000003,1,23,0.0,0.0,2.0,0.0,0.0,-1.0,59.0,24.0,0.0
82,83,3.0,3.0,1.0,0.0,8.0,1.6324125000001004,-11.5,5.0,0.3400000000000001,color,orientation,size,0.22,15.5,10,female,0,2707.0406706000003,1,23,0.0,0.0,1.0,0.0,0.0,0.0,60.0,25.0,0.0
83,84,3.0,6.0,5.0,0.0,8.0,2.232043899999553,2.0,20.0,0.26,color,orientation,size,0.22,15.5,10,female,0,2707.0406706000003,1,23,0.0,0.0,2.0,0.0,0.0,1.0,61.0,26.0,0.0
84,85,3.0,0.0,3.0,0.0,8.0,3.899503099999493,38.0,2.0,0.4600000000000001,color,orientation,size,0.22,15.5,10,female,0,2707.0406706000003,1,23,0.0,0.0,2.0,0.0,0.0,-1.0,62.0,27.0,0.0
85,86,3.0,5.0,4.0,0.0,8.0,2.314905899999758,-70.0,18.0,0.14,color,orientation,size,0.22,15.5,10,female,0,2707.0406706000003,1,23,0.0,0.0,1.0,0.0,0.0,0.0,63.0,28.0,0.0
86,87,3.0,4.0,5.0,0.0,8.0,2.083356399999502,-70.0,14.0,0.38,color,orientation,size,0.22,15.5,10,female,0,2707.0406706000003,1,23,0.0,0.0,1.0,0.0,0.0,1.0,64.0,29.0,0.0
87,88,3.0,6.0,7.0,0.0,8.0,1.7988357000003816,33.5,21.0,0.3,color,orientation,size,0.22,15.5,10,female,0,2707.0406706000003,1,23,0.0,0.0,1.0,0.0,0.0,0.0,65.0,30.0,0.0
88,89,3.0,3.0,3.0,1.0,8.0,2.498566600000231,74.0,2.0,0.38,color,orientation,size,0.22,15.5,10,female,0,2707.0406706000003,1,23,0.0,0.0,0.0,0.0,0.0,0.0,66.0,31.0,0.0
89,90,3.0,5.0,5.0,1.0,8.0,2.717485899999702,-65.5,23.0,0.38,color,orientation,size,0.22,15.5,10,female,0,2707.0406706000003,0,23,0.0,0.0,0.0,0.0,0.0,1.0,67.0,32.0,0.0
90,91,3.0,2.0,3.0,0.0,8.0,3.88404300000002,65.0,8.0,0.4600000000000001,color,orientation,size,0.22,15.5,10,female,0,2707.0406706000003,0,23,0.0,0.0,1.0,0.0,0.0,0.0,68.0,33.0,0.0
91,92,3.0,4.0,5.0,0.0,8.0,2.648725999999442,2.0,17.0,0.42,color,orientation,size,0.22,15.5,10,female,0,2707.0406706000003,1,23,0.0,0.0,1.0,0.0,0.0,-1.0,69.0,34.0,0.0
92,93,3.0,3.0,3.0,1.0,8.0,1.1492309000004752,83.0,11.0,0.3400000000000001,color,orientation,size,0.22,15.5,10,female,0,2707.0406706000003,1,23,0.0,0.0,0.0,0.0,0.0,0.0,70.0,35.0,0.0
93,94,3.0,4.0,7.0,0.0,8.0,3.9002190000001065,69.5,19.0,0.26,color,orientation,size,0.22,15.5,10,female,0,2707.0406706000003,0,23,0.0,0.0,2.0,0.0,0.0,1.0,71.0,36.0,0.0
94,95,3.0,2.0,3.0,0.0,8.0,1.51617350000015,60.5,12.0,0.42,color,orientation,size,0.22,15.5,10,female,0,2707.0406706000003,1,23,0.0,0.0,1.0,0.0,0.0,-2.0,72.0,37.0,0.0
95,96,3.0,7.0,4.0,0.0,8.0,3.3158432000000175,11.0,24.0,0.14,color,orientation,size,0.22,15.5,10,female,0,2707.0406706000003,1,23,0.0,0.0,2.0,0.0,0.0,1.0,73.0,38.0,0.0
96,97,3.0,7.0,4.0,0.0,8.0,3.2655985999999757,-83.5,19.0,0.1,color,orientation,size,0.22,15.5,10,female,0,2707.0406706000003,1,23,0.0,0.0,2.0,0.0,0.0,-1.0,74.0,39.0,0.0
97,98,3.0,4.0,5.0,0.0,8.0,2.1320312000007107,-61.0,13.0,0.38,color,orientation,size,0.22,15.5,10,female,0,2707.0406706000003,1,23,0.0,0.0,1.0,0.0,0.0,0.0,75.0,40.0,0.0
98,99,3.0,0.0,2.0,0.0,8.0,5.649046300000009,56.0,9.0,0.18,color,orientation,size,0.22,15.5,10,female,0,2707.0406706000003,1,23,0.0,0.0,1.0,0.0,0.0,1.0,76.0,41.0,0.0
99,100,3.0,1.0,2.0,0.0,8.0,1.7169376000001648,29.0,8.0,0.1,color,orientation,size,0.22,15.5,10,female,0,2707.0406706000003,1,23,0.0,0.0,2.0,0.0,0.0,0.0,77.0,42.0,0.0
100,101,3.0,7.0,4.0,0.0,8.0,2.3662866000004215,11.0,16.0,0.18,color,orientation,size,0.22,15.5,10,female,0,2707.0406706000003,1,23,0.0,0.0,2.0,0.0,0.0,-1.0,78.0,43.0,0.0
101,102,3.0,5.0,6.0,0.0,8.0,1.4318960999999035,29.0,20.0,0.14,color,orientation,size,0.22,15.5,10,female,0,2707.0406706000003,1,23,0.0,0.0,2.0,0.0,0.0,0.0,79.0,44.0,0.0
102,103,3.0,7.0,7.0,1.0,8.0,2.181243400000312,60.5,23.0,0.3,color,orientation,size,0.22,15.5,10,female,0,2707.0406706000003,1,23,0.0,0.0,0.0,0.0,0.0,0.0,80.0,45.0,0.0
103,104,3.0,5.0,5.0,1.0,8.0,3.483913800000664,-52.0,21.0,0.3400000000000001,color,orientation,size,0.22,15.5,10,female,0,2707.0406706000003,0,23,0.0,0.0,0.0,0.0,0.0,2.0,81.0,46.0,0.0
104,105,3.0,6.0,7.0,0.0,8.0,4.38405000000057,47.0,21.0,0.4600000000000001,color,orientation,size,0.22,15.5,10,female,0,2707.0406706000003,0,23,0.0,0.0,1.0,0.0,0.0,0.0,82.0,47.0,0.0
105,106,3.0,3.0,3.0,1.0,8.0,1.8332692999993017,83.0,6.0,0.4600000000000001,color,orientation,size,0.22,15.5,10,female,0,2707.0406706000003,1,23,0.0,0.0,0.0,0.0,0.0,-1.0,83.0,48.0,0.0
106,107,3.0,4.0,5.0,0.0,8.0,3.8665923999997176,-34.0,17.0,0.42,color,orientation,size,0.22,15.5,10,female,0,2707.0406706000003,0,23,0.0,0.0,1.0,0.0,0.0,1.0,84.0,49.0,0.0
107,108,3.0,6.0,7.0,0.0,8.0,3.565693700000338,33.5,14.0,0.3400000000000001,color,orientation,size,0.22,15.5,10,female,0,2707.0406706000003,1,23,0.0,0.0,1.0,0.0,0.0,-1.0,85.0,50.0,0.0
108,109,3.0,7.0,7.0,1.0,8.0,1.8498515999999656,56.0,24.0,0.3,color,orientation,size,0.22,15.5,10,female,0,2707.0406706000003,1,23,0.0,0.0,0.0,0.0,0.0,0.0,86.0,51.0,0.0
109,110,3.0,3.0,0.0,0.0,8.0,1.5496964999992997,-88.0,2.0,0.18,color,orientation,size,0.22,15.5,10,female,0,2707.0406706000003,0,23,0.0,0.0,2.0,0.0,0.0,1.0,87.0,52.0,0.0
110,111,3.0,5.0,7.0,0.0,8.0,6.082184799999595,33.5,23.0,0.22,color,orientation,size,0.22,15.5,10,female,0,2707.0406706000003,1,23,0.0,0.0,1.0,0.0,0.0,-2.0,88.0,53.0,0.0
111,112,3.0,3.0,0.0,0.0,8.0,2.5324264999999286,-56.5,3.0,0.14,color,orientation,size,0.22,15.5,10,female,0,2707.0406706000003,1,23,0.0,0.0,2.0,0.0,0.0,1.0,89.0,54.0,0.0
112,113,3.0,0.0,7.0,0.0,8.0,1.3989710000005289,47.0,15.0,0.22,color,orientation,size,0.22,15.5,10,female,0,2707.0406706000003,1,23,0.0,0.0,3.0,0.0,0.0,-1.0,90.0,55.0,0.0
113,114,3.0,7.0,7.0,1.0,8.0,1.1322087999997166,33.5,24.0,0.42,color,orientation,size,0.22,15.5,10,female,0,2707.0406706000003,1,23,0.0,0.0,0.0,0.0,0.0,-1.0,91.0,56.0,0.0
114,115,3.0,7.0,7.0,1.0,8.0,1.1162723000006736,60.5,24.0,0.22,color,orientation,size,0.22,15.5,10,female,0,2707.0406706000003,0,23,0.0,0.0,0.0,0.0,0.0,3.0,92.0,57.0,0.0
115,116,3.0,0.0,3.0,0.0,8.0,4.3669128000001365,42.5,10.0,0.3400000000000001,color,orientation,size,0.22,15.5,10,female,0,2707.0406706000003,0,23,0.0,0.0,2.0,0.0,0.0,0.0,93.0,58.0,0.0
116,117,3.0,3.0,3.0,1.0,8.0,1.0485662999999477,51.5,5.0,0.3400000000000001,color,orientation,size,0.22,15.5,10,female,0,2707.0406706000003,1,23,0.0,0.0,0.0,0.0,0.0,-2.0,94.0,59.0,0.0
117,118,3.0,3.0,1.0,0.0,8.0,1.7661591999994926,-83.5,11.0,0.3,color,orientation,size,0.22,15.5,10,female,0,2707.0406706000003,0,23,0.0,0.0,1.0,0.0,0.0,2.0,95.0,60.0,0.0
118,119,3.0,3.0,1.0,0.0,8.0,1.315816399999676,-79.0,6.0,0.3,color,orientation,size,0.22,15.5,10,female,0,2707.0406706000003,1,23,0.0,0.0,1.0,0.0,0.0,-1.0,96.0,61.0,0.0
119,120,3.0,4.0,6.0,0.0,8.0,7.449123000000327,15.5,13.0,0.18,color,orientation,size,0.22,15.5,10,female,0,2707.0406706000003,1,23,0.0,0.0,1.0,0.0,0.0,0.0,97.0,62.0,0.0
120,121,3.0,7.0,7.0,1.0,8.0,3.8653687000005448,74.0,16.0,0.42,color,orientation,size,0.22,15.5,10,female,0,2707.0406706000003,1,23,0.0,0.0,0.0,0.0,0.0,0.0,98.0,63.0,0.0
121,122,3.0,7.0,7.0,1.0,8.0,1.5169079000006604,65.0,22.0,0.38,color,orientation,size,0.22,15.5,10,female,0,2707.0406706000003,0,23,0.0,0.0,0.0,0.0,0.0,1.0,99.0,64.0,0.0
122,123,3.0,7.0,7.0,1.0,8.0,1.3500324000006003,69.5,17.0,0.38,color,orientation,size,0.22,15.5,10,female,0,2707.0406706000003,0,23,0.0,0.0,0.0,0.0,0.0,0.0,100.0,65.0,0.0
123,124,3.0,3.0,1.0,0.0,8.0,6.616803800000525,-83.5,4.0,0.3,color,orientation,size,0.22,15.5,10,female,0,2707.0406706000003,0,23,0.0,0.0,1.0,0.0,0.0,0.0,101.0,66.0,0.0
124,125,3.0,2.0,1.0,0.0,8.0,6.282166799999686,-38.5,6.0,0.4600000000000001,color,orientation,size,0.22,15.5,10,female,0,2707.0406706000003,1,23,0.0,0.0,2.0,0.0,0.0,-1.0,102.0,67.0,0.0
125,126,3.0,4.0,6.0,0.0,8.0,5.616091399999277,56.0,21.0,0.18,color,orientation,size,0.22,15.5,10,female,0,2707.0406706000003,1,23,0.0,0.0,1.0,0.0,0.0,-1.0,103.0,68.0,0.0
126,127,3.0,6.0,3.0,0.0,8.0,0.9828342000000704,69.5,3.0,0.38,color,orientation,size,0.22,15.5,10,female,0,2707.0406706000003,1,23,0.0,0.0,2.0,0.0,0.0,1.0,104.0,69.0,0.0
127,128,3.0,3.0,3.0,1.0,8.0,0.9989413000002968,65.0,12.0,0.4600000000000001,color,orientation,size,0.22,15.5,10,female,0,2707.0406706000003,1,23,0.0,0.0,0.0,0.0,0.0,-1.0,105.0,70.0,0.0
128,129,3.0,5.0,7.0,0.0,8.0,2.7833087999997588,42.5,18.0,0.38,color,orientation,size,0.22,15.5,10,female,0,2707.0406706000003,0,23,0.0,0.0,1.0,0.0,0.0,2.0,106.0,71.0,0.0
129,130,3.0,3.0,1.0,0.0,8.0,2.815896999999495,2.0,8.0,0.22,color,orientation,size,0.22,15.5,10,female,0,2707.0406706000003,1,23,0.0,0.0,1.0,0.0,0.0,-1.0,107.0,72.0,0.0
130,131,3.0,7.0,5.0,0.0,8.0,5.265849200000048,-11.5,24.0,0.4600000000000001,color,orientation,size,0.22,15.5,10,female,0,2707.0406706000003,1,23,0.0,0.0,1.0,0.0,0.0,0.0,108.0,73.0,0.0
131,132,3.0,4.0,5.0,0.0,8.0,1.648176699999567,-65.5,21.0,0.22,color,orientation,size,0.22,15.5,10,female,0,2707.0406706000003,1,23,0.0,0.0,1.0,0.0,0.0,0.0,109.0,74.0,0.0
132,133,3.0,3.0,1.0,0.0,8.0,8.382321500000216,-11.5,5.0,0.38,color,orientation,size,0.22,15.5,10,female,0,2707.0406706000003,1,23,0.0,0.0,1.0,0.0,0.0,0.0,110.0,75.0,0.0
133,134,3.0,3.0,0.0,0.0,8.0,1.9821180999997523,-70.0,1.0,0.18,color,orientation,size,0.22,15.5,10,female,0,2707.0406706000003,1,23,0.0,0.0,2.0,0.0,0.0,0.0,111.0,76.0,0.0
134,135,3.0,4.0,4.0,1.0,8.0,1.515240000000631,-43.0,19.0,0.1,color,orientation,size,0.22,15.5,10,female,0,2707.0406706000003,1,23,0.0,0.0,0.0,0.0,0.0,-1.0,112.0,77.0,0.0
135,136,3.0,2.0,2.0,1.0,8.0,3.516337000000022,33.5,0.0,0.1,color,orientation,size,0.22,15.5,10,female,0,2707.0406706000003,0,23,0.0,0.0,0.0,0.0,0.0,2.0,113.0,78.0,0.0
136,137,3.0,1.0,2.0,0.0,8.0,5.533568800000467,83.0,5.0,0.1,color,orientation,size,0.22,15.5,10,female,0,2707.0406706000003,0,23,0.0,0.0,2.0,0.0,0.0,0.0,114.0,79.0,0.0
137,138,3.0,0.0,1.0,0.0,8.0,5.948808400000416,-20.5,4.0,0.3,color,orientation,size,0.22,15.5,10,female,0,2707.0406706000003,1,23,0.0,0.0,1.0,0.0,0.0,-2.0,115.0,80.0,0.0
138,139,3.0,4.0,6.0,0.0,8.0,1.598570799999834,74.0,24.0,0.14,color,orientation,size,0.22,15.5,10,female,0,2707.0406706000003,1,23,0.0,0.0,1.0,0.0,0.0,1.0,116.0,81.0,0.0
139,140,3.0,1.0,2.0,0.0,8.0,3.6322505999996793,42.5,10.0,0.1,color,orientation,size,0.22,15.5,10,female,0,2707.0406706000003,1,23,0.0,0.0,2.0,0.0,0.0,0.0,117.0,82.0,0.0
140,141,3.0,3.0,1.0,0.0,8.0,3.7166024999996807,-29.5,10.0,0.42,color,orientation,size,0.22,15.5,10,female,0,2707.0406706000003,1,23,0.0,0.0,1.0,0.0,0.0,-1.0,118.0,83.0,0.0
141,142,3.0,4.0,4.0,1.0,8.0,1.18247700000029,-79.0,23.0,0.1,color,orientation,size,0.22,15.5,10,female,0,2707.0406706000003,1,23,0.0,0.0,0.0,0.0,0.0,1.0,119.0,84.0,0.0
142,143,3.0,3.0,0.0,0.0,8.0,2.816759899999852,-7.0,2.0,0.14,color,orientation,size,0.22,15.5,10,female,0,2707.0406706000003,0,23,0.0,0.0,2.0,0.0,0.0,1.0,120.0,85.0,0.0
143,144,3.0,7.0,7.0,1.0,8.0,3.049547400000847,69.5,23.0,0.42,color,orientation,size,0.22,15.5,10,female,0,2707.0406706000003,1,23,0.0,0.0,0.0,0.0,0.0,-2.0,121.0,86.0,0.0
144,145,3.0,6.0,5.0,0.0,8.0,3.667074799999682,-83.5,17.0,0.3400000000000001,color,orientation,size,0.22,15.5,10,female,0,2707.0406706000003,0,23,0.0,0.0,2.0,0.0,0.0,2.0,122.0,87.0,0.0
145,146,3.0,4.0,5.0,0.0,8.0,3.182420699999966,11.0,17.0,0.3400000000000001,color,orientation,size,0.22,15.5,10,female,0,2707.0406706000003,1,23,0.0,0.0,1.0,0.0,0.0,-2.0,123.0,88.0,0.0
146,147,3.0,7.0,7.0,1.0,8.0,2.6658158000000185,69.5,20.0,0.4600000000000001,color,orientation,size,0.22,15.5,10,female,0,2707.0406706000003,1,23,0.0,0.0,0.0,0.0,0.0,1.0,124.0,89.0,0.0
147,148,3.0,3.0,2.0,0.0,8.0,7.6167460999995455,87.5,12.0,0.14,color,orientation,size,0.22,15.5,10,female,0,2707.0406706000003,0,23,0.0,0.0,1.0,0.0,0.0,1.0,125.0,90.0,0.0
148,149,3.0,6.0,7.0,0.0,8.0,3.015858799999478,65.0,20.0,0.26,color,orientation,size,0.22,15.5,10,female,0,2707.0406706000003,1,23,0.0,0.0,1.0,0.0,0.0,-1.0,126.0,91.0,0.0
149,150,3.0,4.0,4.0,1.0,8.0,3.4318614000003436,-52.0,23.0,0.1,color,orientation,size,0.22,15.5,10,female,0,2707.0406706000003,1,23,0.0,0.0,0.0,0.0,0.0,0.0,127.0,92.0,0.0
150,151,3.0,6.0,5.0,0.0,8.0,8.733975900000587,-61.0,23.0,0.38,color,orientation,size,0.22,15.5,10,female,0,2707.0406706000003,0,23,0.0,0.0,2.0,0.0,0.0,1.0,128.0,93.0,0.0
151,152,3.0,1.0,3.0,0.0,8.0,3.5818574000004446,78.5,5.0,0.38,color,orientation,size,0.22,15.5,10,female,0,2707.0406706000003,1,23,0.0,0.0,1.0,0.0,0.0,-2.0,129.0,94.0,0.0
152,153,3.0,7.0,5.0,0.0,8.0,2.5642816999998104,6.5,16.0,0.4600000000000001,color,orientation,size,0.22,15.5,10,female,0,2707.0406706000003,1,23,0.0,0.0,1.0,0.0,0.0,1.0,130.0,95.0,0.0
153,154,3.0,0.0,1.0,0.0,8.0,7.59818930000074,-47.5,6.0,0.42,color,orientation,size,0.22,15.5,10,female,0,2707.0406706000003,1,23,0.0,0.0,1.0,0.0,0.0,0.0,131.0,96.0,0.0
154,155,3.0,1.0,1.0,1.0,8.0,1.8327274000002944,-20.5,10.0,0.26,color,orientation,size,0.22,15.5,10,female,0,2707.0406706000003,1,23,0.0,0.0,0.0,0.0,0.0,0.0,132.0,97.0,0.0
155,156,3.0,5.0,7.0,0.0,8.0,4.599386600000798,78.5,24.0,0.3,color,orientation,size,0.22,15.5,10,female,0,2707.0406706000003,0,23,0.0,0.0,1.0,0.0,0.0,1.0,133.0,98.0,0.0
156,157,3.0,4.0,6.0,0.0,8.0,1.7994669999998223,20.0,20.0,0.1,color,orientation,size,0.22,15.5,10,female,0,2707.0406706000003,1,23,0.0,0.0,1.0,0.0,0.0,-1.0,134.0,99.0,0.0
157,158,3.0,6.0,6.0,1.0,8.0,0.9985661999999138,42.5,14.0,0.14,color,orientation,size,0.22,15.5,10,female,0,2707.0406706000003,1,23,0.0,0.0,0.0,0.0,0.0,0.0,135.0,100.0,0.0
158,159,3.0,1.0,3.0,0.0,8.0,2.98252119999961,20.0,11.0,0.4600000000000001,color,orientation,size,0.22,15.5,10,female,0,2707.0406706000003,0,23,0.0,0.0,1.0,0.0,0.0,1.0,136.0,101.0,0.0
159,160,3.0,6.0,5.0,0.0,8.0,9.317654200000106,6.5,20.0,0.38,color,orientation,size,0.22,15.5,10,female,0,2707.0406706000003,1,23,0.0,0.0,2.0,0.0,0.0,-1.0,137.0,102.0,0.0
160,161,3.0,1.0,1.0,1.0,8.0,7.966577299999699,-70.0,4.0,0.3400000000000001,color,orientation,size,0.22,15.5,10,female,0,2707.0406706000003,1,23,0.0,0.0,0.0,0.0,0.0,-1.0,138.0,103.0,0.0
161,162,3.0,4.0,4.0,1.0,8.0,7.78366510000069,-79.0,24.0,0.14,color,orientation,size,0.22,15.5,10,female,0,2707.0406706000003,0,23,0.0,0.0,0.0,0.0,0.0,2.0,139.0,104.0,0.0
162,163,3.0,5.0,5.0,1.0,8.0,2.083229900000333,-20.5,19.0,0.3400000000000001,color,orientation,size,0.22,15.5,10,female,0,2707.0406706000003,0,23,0.0,0.0,0.0,0.0,0.0,0.0,140.0,105.0,0.0
163,164,3.0,2.0,1.0,0.0,8.0,7.749329700000089,-43.0,12.0,0.3,color,orientation,size,0.22,15.5,10,female,0,2707.0406706000003,0,23,0.0,0.0,2.0,0.0,0.0,0.0,141.0,106.0,0.0
164,165,3.0,7.0,5.0,0.0,8.0,5.399723599999561,-61.0,24.0,0.42,color,orientation,size,0.22,15.5,10,female,0,2707.0406706000003,1,23,0.0,0.0,1.0,0.0,0.0,-2.0,142.0,107.0,0.0
165,166,3.0,0.0,3.0,0.0,8.0,3.732350799999949,51.5,2.0,0.42,color,orientation,size,0.22,15.5,10,female,0,2707.0406706000003,1,23,0.0,0.0,2.0,0.0,0.0,1.0,143.0,108.0,0.0
166,167,3.0,5.0,5.0,1.0,8.0,3.381788499999857,-74.5,21.0,0.38,color,orientation,size,0.22,15.5,10,female,0,2707.0406706000003,1,23,0.0,0.0,0.0,0.0,0.0,-1.0,144.0,109.0,0.0
167,168,3.0,0.0,0.0,1.0,8.0,12.567184300000008,-52.0,0.0,0.18,color,orientation,size,0.22,15.5,10,female,0,2707.0406706000003,0,23,0.0,0.0,0.0,0.0,0.0,2.0,145.0,110.0,0.0
168,169,3.0,1.0,3.0,0.0,8.0,4.749432199999319,24.5,5.0,0.4600000000000001,color,orientation,size,0.22,15.5,10,female,0,2707.0406706000003,0,23,0.0,0.0,1.0,0.0,0.0,0.0,146.0,111.0,0.0
169,170,3.0,4.0,7.0,0.0,8.0,2.84916770000018,69.5,23.0,0.26,color,orientation,size,0.22,15.5,10,female,0,2707.0406706000003,1,23,0.0,0.0,2.0,0.0,0.0,-1.0,147.0,112.0,0.0
170,171,3.0,5.0,7.0,0.0,8.0,2.7656483000000662,20.0,17.0,0.38,color,orientation,size,0.22,15.5,10,female,0,2707.0406706000003,1,23,0.0,0.0,1.0,0.0,0.0,-1.0,148.0,113.0,0.0
171,172,3.0,7.0,7.0,1.0,8.0,1.4986133000002155,29.0,22.0,0.3,color,orientation,size,0.22,15.5,10,female,0,2707.0406706000003,1,23,0.0,0.0,0.0,0.0,0.0,1.0,149.0,114.0,0.0
172,173,3.0,0.0,3.0,0.0,8.0,3.916732700000466,20.0,3.0,0.42,color,orientation,size,0.22,15.5,10,female,0,2707.0406706000003,0,23,0.0,0.0,2.0,0.0,0.0,1.0,150.0,115.0,0.0
173,174,3.0,0.0,1.0,0.0,8.0,3.8316423999995095,-34.0,7.0,0.26,color,orientation,size,0.22,15.5,10,female,0,2707.0406706000003,1,23,0.0,0.0,1.0,0.0,0.0,-2.0,151.0,116.0,0.0
174,175,3.0,1.0,1.0,1.0,8.0,2.065636799999993,-25.0,8.0,0.38,color,orientation,size,0.22,15.5,10,female,0,2707.0406706000003,1,23,0.0,0.0,0.0,0.0,0.0,1.0,152.0,117.0,0.0
175,176,3.0,4.0,5.0,0.0,8.0,3.5001055000002452,-7.0,21.0,0.38,color,orientation,size,0.22,15.5,10,female,0,2707.0406706000003,0,23,0.0,0.0,1.0,0.0,0.0,1.0,153.0,118.0,0.0
176,177,3.0,3.0,1.0,0.0,8.0,5.516070300000138,-79.0,2.0,0.26,color,orientation,size,0.22,15.5,10,female,0,2707.0406706000003,1,23,0.0,0.0,1.0,0.0,0.0,-1.0,154.0,119.0,0.0
177,178,3.0,1.0,0.0,0.0,8.0,2.299153500000102,-83.5,1.0,0.1,color,orientation,size,0.22,15.5,10,female,0,2707.0406706000003,1,23,0.0,0.0,1.0,0.0,0.0,0.0,155.0,120.0,0.0
178,179,3.0,2.0,3.0,0.0,8.0,5.131628400000409,78.5,8.0,0.26,color,orientation,size,0.22,15.5,10,female,0,2707.0406706000003,1,23,0.0,0.0,1.0,0.0,0.0,0.0,156.0,121.0,0.0
179,180,3.0,3.0,0.0,0.0,8.0,1.8325602999993864,-56.5,7.0,0.1,color,orientation,size,0.22,15.5,10,female,0,2707.0406706000003,1,23,0.0,0.0,2.0,0.0,0.0,0.0,157.0,122.0,0.0
180,181,3.0,5.0,7.0,0.0,8.0,3.0657486000000063,56.0,16.0,0.4600000000000001,color,orientation,size,0.22,15.5,10,female,0,2707.0406706000003,1,23,0.0,0.0,1.0,0.0,0.0,-1.0,158.0,123.0,0.0
181,182,3.0,3.0,1.0,0.0,8.0,1.2484925000007934,-79.0,5.0,0.22,color,orientation,size,0.22,15.5,10,female,0,2707.0406706000003,1,23,0.0,0.0,1.0,0.0,0.0,1.0,159.0,124.0,0.0
182,183,3.0,1.0,0.0,0.0,8.0,1.3329162999998516,-61.0,2.0,0.1,color,orientation,size,0.22,15.5,10,female,0,2707.0406706000003,1,23,0.0,0.0,1.0,0.0,0.0,0.0,160.0,125.0,0.0
183,184,3.0,4.0,5.0,0.0,8.0,1.9321570000001884,-16.0,13.0,0.42,color,orientation,size,0.22,15.5,10,female,0,2707.0406706000003,1,23,0.0,0.0,1.0,0.0,0.0,0.0,161.0,126.0,0.0
184,185,3.0,4.0,5.0,0.0,8.0,3.032188099999985,-7.0,15.0,0.38,color,orientation,size,0.22,15.5,10,female,0,2707.0406706000003,1,23,0.0,0.0,1.0,0.0,0.0,0.0,162.0,127.0,0.0
185,186,3.0,3.0,3.0,1.0,8.0,1.6823139999996783,83.0,9.0,0.42,color,orientation,size,0.22,15.5,10,female,0,2707.0406706000003,1,23,0.0,0.0,0.0,0.0,0.0,0.0,163.0,128.0,0.0
186,187,3.0,1.0,1.0,1.0,8.0,4.399996300000566,-16.0,12.0,0.22,color,orientation,size,0.22,15.5,10,female,0,2707.0406706000003,0,23,0.0,0.0,0.0,0.0,0.0,1.0,164.0,129.0,0.0
187,188,3.0,5.0,5.0,1.0,8.0,4.799734600000193,-88.0,21.0,0.42,color,orientation,size,0.22,15.5,10,female,0,2707.0406706000003,0,23,0.0,0.0,0.0,0.0,0.0,0.0,165.0,130.0,0.0
188,189,3.0,0.0,3.0,0.0,8.0,4.1671980000000985,51.5,2.0,0.22,color,orientation,size,0.22,15.5,10,female,0,2707.0406706000003,0,23,0.0,0.0,2.0,0.0,0.0,0.0,166.0,131.0,0.0
189,190,3.0,0.0,2.0,0.0,8.0,2.782868100000087,78.5,2.0,0.1,color,orientation,size,0.22,15.5,10,female,0,2707.0406706000003,1,23,0.0,0.0,1.0,0.0,0.0,-2.0,167.0,132.0,0.0
190,191,3.0,4.0,5.0,0.0,8.0,2.765661600000385,-29.5,21.0,0.3400000000000001,color,orientation,size,0.22,15.5,10,female,0,2707.0406706000003,1,23,0.0,0.0,1.0,0.0,0.0,1.0,168.0,133.0,0.0
191,192,3.0,7.0,6.0,0.0,8.0,1.7491712999999436,83.0,22.0,0.18,color,orientation,size,0.22,15.5,10,female,0,2707.0406706000003,1,23,0.0,0.0,1.0,0.0,0.0,0.0,169.0,134.0,0.0
192,193,3.0,0.0,0.0,1.0,8.0,3.848824400000012,-11.5,10.0,0.1,color,orientation,size,0.22,15.5,10,female,0,2707.0406706000003,1,23,0.0,0.0,0.0,0.0,0.0,0.0,170.0,135.0,0.0
193,194,3.0,1.0,0.0,0.0,8.0,2.066799099999116,-20.5,9.0,0.18,color,orientation,size,0.22,15.5,10,female,0,2707.0406706000003,0,23,0.0,0.0,1.0,0.0,0.0,1.0,171.0,136.0,0.0
194,195,3.0,3.0,1.0,0.0,8.0,5.382219500000247,-56.5,11.0,0.42,color,orientation,size,0.22,15.5,10,female,0,2707.0406706000003,1,23,0.0,0.0,1.0,0.0,0.0,-1.0,172.0,137.0,0.0
195,196,3.0,5.0,5.0,1.0,8.0,2.2153863000003184,-70.0,22.0,0.26,color,orientation,size,0.22,15.5,10,female,0,2707.0406706000003,1,23,0.0,0.0,0.0,0.0,0.0,0.0,173.0,138.0,0.0
196,197,3.0,2.0,1.0,0.0,8.0,7.932932300000175,-52.0,10.0,0.22,color,orientation,size,0.22,15.5,10,female,0,2707.0406706000003,0,23,0.0,0.0,2.0,0.0,0.0,1.0,174.0,139.0,0.0
197,198,3.0,2.0,3.0,0.0,8.0,5.132243199999721,15.5,1.0,0.3,color,orientation,size,0.22,15.5,10,female,0,2707.0406706000003,1,23,0.0,0.0,1.0,0.0,0.0,-2.0,175.0,140.0,0.0
198,199,3.0,3.0,1.0,0.0,8.0,1.433212199999616,11.0,10.0,0.38,color,orientation,size,0.22,15.5,10,female,0,2707.0406706000003,1,23,0.0,0.0,1.0,0.0,0.0,1.0,176.0,141.0,0.0
199,200,3.0,7.0,5.0,0.0,8.0,2.930694399999993,-88.0,16.0,0.3400000000000001,color,orientation,size,0.22,15.5,10,female,0,2707.0406706000003,1,23,0.0,0.0,1.0,0.0,0.0,0.0,177.0,142.0,0.0
200,201,3.0,4.0,4.0,1.0,8.0,3.782766399999673,-43.0,17.0,0.14,color,orientation,size,0.22,15.5,10,female,0,2707.0406706000003,1,23,0.0,0.0,0.0,0.0,0.0,0.0,178.0,143.0,0.0
201,202,3.0,2.0,3.0,0.0,8.0,3.433865899999546,60.5,4.0,0.3,color,orientation,size,0.22,15.5,10,female,0,2707.0406706000003,0,23,0.0,0.0,1.0,0.0,0.0,1.0,179.0,144.0,0.0
202,203,3.0,3.0,1.0,0.0,8.0,4.565234800000326,-47.5,11.0,0.26,color,orientation,size,0.22,15.5,10,female,0,2707.0406706000003,1,23,0.0,0.0,1.0,0.0,0.0,-1.0,180.0,145.0,0.0
203,204,3.0,0.0,0.0,1.0,8.0,1.882893900000454,-11.5,3.0,0.1,color,orientation,size,0.22,15.5,10,female,0,2707.0406706000003,1,23,0.0,0.0,0.0,0.0,0.0,0.0,181.0,146.0,0.0
204,205,3.0,7.0,7.0,1.0,8.0,2.4830363999999463,74.0,23.0,0.38,color,orientation,size,0.22,15.5,10,female,0,2707.0406706000003,0,23,0.0,0.0,0.0,0.0,0.0,1.0,182.0,147.0,0.0
205,206,3.0,5.0,7.0,0.0,8.0,3.3503614999999627,47.0,16.0,0.3400000000000001,color,orientation,size,0.22,15.5,10,female,0,2707.0406706000003,0,23,0.0,0.0,1.0,0.0,0.0,0.0,183.0,148.0,0.0
206,207,3.0,3.0,1.0,0.0,8.0,1.7484408999998775,-83.5,0.0,0.3,color,orientation,size,0.22,15.5,10,female,0,2707.0406706000003,1,23,0.0,0.0,1.0,0.0,0.0,-1.0,184.0,149.0,0.0
207,208,3.0,5.0,5.0,1.0,8.0,4.715983699999924,11.0,20.0,0.38,color,orientation,size,0.22,15.5,10,female,0,2707.0406706000003,1,23,0.0,0.0,0.0,0.0,0.0,0.0,185.0,150.0,0.0
208,209,3.0,6.0,7.0,0.0,8.0,3.349790600000233,56.0,23.0,0.3,color,orientation,size,0.22,15.5,10,female,0,2707.0406706000003,0,23,0.0,0.0,1.0,0.0,0.0,1.0,186.0,151.0,0.0
209,210,3.0,6.0,5.0,0.0,8.0,1.917387499999677,-56.5,20.0,0.22,color,orientation,size,0.22,15.5,10,female,0,2707.0406706000003,1,23,0.0,0.0,2.0,0.0,0.0,-1.0,187.0,152.0,0.0
210,211,3.0,3.0,1.0,0.0,8.0,5.833362399999714,6.5,4.0,0.42,color,orientation,size,0.22,15.5,10,female,0,2707.0406706000003,1,23,0.0,0.0,1.0,0.0,0.0,-1.0,188.0,153.0,0.0
211,212,3.0,5.0,5.0,1.0,8.0,11.915647000000718,11.0,16.0,0.3,color,orientation,size,0.22,15.5,10,female,0,2707.0406706000003,1,23,0.0,0.0,0.0,0.0,0.0,1.0,189.0,154.0,0.0
212,213,3.0,7.0,5.0,0.0,8.0,4.400167200000396,-52.0,18.0,0.3,color,orientation,size,0.22,15.5,10,female,0,2707.0406706000003,0,23,0.0,0.0,1.0,0.0,0.0,1.0,190.0,155.0,0.0
213,214,3.0,2.0,1.0,0.0,8.0,4.0660132000002704,-70.0,7.0,0.3,color,orientation,size,0.22,15.5,10,female,0,2707.0406706000003,1,23,0.0,0.0,2.0,0.0,0.0,-1.0,191.0,156.0,0.0
214,215,3.0,2.0,3.0,0.0,8.0,1.632376600000498,83.0,5.0,0.26,color,orientation,size,0.22,15.5,10,female,0,2707.0406706000003,1,23,0.0,0.0,1.0,0.0,0.0,-1.0,192.0,157.0,0.0
215,216,3.0,2.0,1.0,0.0,8.0,1.7156975999996575,-43.0,9.0,0.26,color,orientation,size,0.22,15.5,10,female,0,2707.0406706000003,1,23,0.0,0.0,2.0,0.0,0.0,1.0,193.0,158.0,0.0
216,217,3.0,5.0,5.0,1.0,8.0,2.3655699000000823,-34.0,17.0,0.42,color,orientation,size,0.22,15.5,10,female,0,2707.0406706000003,1,23,0.0,0.0,0.0,0.0,0.0,-1.0,194.0,159.0,0.0
217,218,3.0,2.0,3.0,0.0,8.0,5.216821099999834,20.0,11.0,0.38,color,orientation,size,0.22,15.5,10,female,0,2707.0406706000003,0,23,0.0,0.0,1.0,0.0,0.0,2.0,195.0,160.0,0.0
218,219,3.0,2.0,1.0,0.0,8.0,3.132595399999446,-25.0,10.0,0.3400000000000001,color,orientation,size,0.22,15.5,10,female,0,2707.0406706000003,1,23,0.0,0.0,2.0,0.0,0.0,-1.0,196.0,161.0,0.0
219,220,3.0,4.0,4.0,1.0,8.0,3.9470229999997177,-56.5,20.0,0.1,color,orientation,size,0.22,15.5,10,female,0,2707.0406706000003,1,23,0.0,0.0,0.0,0.0,0.0,-1.0,197.0,162.0,0.0
220,221,3.0,2.0,0.0,0.0,8.0,2.6503701999999976,-61.0,4.0,0.18,color,orientation,size,0.22,15.5,10,female,0,2707.0406706000003,0,23,0.0,0.0,1.0,0.0,0.0,2.0,198.0,163.0,0.0
221,222,3.0,0.0,2.0,0.0,8.0,2.3483876000000237,78.5,2.0,0.1,color,orientation,size,0.22,15.5,10,female,0,2707.0406706000003,1,23,0.0,0.0,1.0,0.0,0.0,-1.0,199.0,164.0,0.0
222,223,3.0,2.0,3.0,0.0,8.0,4.284030199999506,15.5,1.0,0.26,color,orientation,size,0.22,15.5,10,female,0,2707.0406706000003,1,23,0.0,0.0,1.0,0.0,0.0,0.0,200.0,165.0,0.0
223,224,3.0,4.0,7.0,0.0,8.0,1.2653962000003958,56.0,20.0,0.3,color,orientation,size,0.22,15.5,10,female,0,2707.0406706000003,1,23,0.0,0.0,2.0,0.0,0.0,0.0,201.0,166.0,0.0
224,225,3.0,5.0,6.0,0.0,8.0,1.9487103000001296,51.5,13.0,0.1,color,orientation,size,0.22,15.5,10,female,0,2707.0406706000003,1,23,0.0,0.0,2.0,0.0,0.0,-1.0,202.0,167.0,0.0
225,226,3.0,5.0,5.0,1.0,8.0,1.364974699999948,-70.0,21.0,0.3,color,orientation,size,0.22,15.5,10,female,0,2707.0406706000003,1,23,0.0,0.0,0.0,0.0,0.0,0.0,203.0,168.0,0.0
226,227,3.0,0.0,1.0,0.0,8.0,7.032750699999269,-2.5,7.0,0.42,color,orientation,size,0.22,15.5,10,female,0,2707.0406706000003,0,23,0.0,0.0,1.0,0.0,0.0,2.0,204.0,169.0,0.0
227,228,3.0,4.0,5.0,0.0,8.0,0.9320858000000952,2.0,14.0,0.3400000000000001,color,orientation,size,0.22,15.5,10,female,0,2707.0406706000003,1,23,0.0,0.0,1.0,0.0,0.0,-1.0,205.0,170.0,0.0
228,229,3.0,5.0,5.0,1.0,8.0,2.3322347999992417,-11.5,16.0,0.22,color,orientation,size,0.22,15.5,10,female,0,2707.0406706000003,1,23,0.0,0.0,0.0,0.0,0.0,0.0,206.0,171.0,0.0
229,230,3.0,5.0,7.0,0.0,8.0,1.2506084000006013,20.0,15.0,0.26,color,orientation,size,0.22,15.5,10,female,0,2707.0406706000003,0,23,0.0,0.0,1.0,0.0,0.0,1.0,207.0,172.0,0.0
230,231,3.0,2.0,1.0,0.0,8.0,1.765667499999836,-70.0,4.0,0.26,color,orientation,size,0.22,15.5,10,female,0,2707.0406706000003,1,23,0.0,0.0,2.0,0.0,0.0,-1.0,208.0,173.0,0.0
231,232,3.0,3.0,1.0,0.0,8.0,5.164819999999963,2.0,10.0,0.4600000000000001,color,orientation,size,0.22,15.5,10,female,0,2707.0406706000003,1,23,0.0,0.0,1.0,0.0,0.0,-1.0,209.0,174.0,0.0
232,233,3.0,3.0,2.0,0.0,8.0,3.215645899999799,65.0,5.0,0.18,color,orientation,size,0.22,15.5,10,female,0,2707.0406706000003,1,23,0.0,0.0,1.0,0.0,0.0,1.0,210.0,175.0,0.0
233,234,3.0,4.0,5.0,0.0,8.0,1.1334123000006002,6.5,15.0,0.3400000000000001,color,orientation,size,0.22,15.5,10,female,0,2707.0406706000003,1,23,0.0,0.0,1.0,0.0,0.0,0.0,211.0,176.0,0.0
234,235,3.0,7.0,5.0,0.0,8.0,2.181724199999735,-43.0,13.0,0.3,color,orientation,size,0.22,15.5,10,female,0,2707.0406706000003,1,23,0.0,0.0,1.0,0.0,0.0,0.0,212.0,177.0,0.0
235,236,3.0,4.0,3.0,0.0,8.0,2.749928700000055,38.0,2.0,0.26,color,orientation,size,0.22,15.5,10,female,0,2707.0406706000003,1,23,0.0,0.0,3.0,0.0,0.0,0.0,213.0,178.0,0.0
236,237,3.0,3.0,2.0,0.0,8.0,1.7984447999997428,51.5,8.0,0.1,color,orientation,size,0.22,15.5,10,female,0,2707.0406706000003,1,23,0.0,0.0,1.0,0.0,0.0,-2.0,214.0,179.0,0.0
237,238,3.0,3.0,0.0,0.0,8.0,1.4653361000000589,-74.5,1.0,0.1,color,orientation,size,0.22,15.5,10,female,0,2707.0406706000003,1,23,0.0,0.0,2.0,0.0,0.0,2.0,215.0,180.0,0.0
238,239,3.0,3.0,1.0,0.0,8.0,2.6986268000000564,-56.5,7.0,0.3,color,orientation,size,0.22,15.5,10,female,0,2707.0406706000003,1,23,0.0,0.0,1.0,0.0,0.0,-1.0,216.0,181.0,0.0
239,240,3.0,7.0,4.0,0.0,8.0,1.915405599999758,2.0,15.0,0.1,color,orientation,size,0.22,15.5,10,female,0,2707.0406706000003,1,23,0.0,0.0,2.0,0.0,0.0,1.0,217.0,182.0,0.0
240,241,3.0,4.0,5.0,0.0,8.0,0.9487190999998348,-16.0,24.0,0.4600000000000001,color,orientation,size,0.22,15.5,10,female,0,2707.0406706000003,1,23,0.0,0.0,1.0,0.0,0.0,-1.0,218.0,183.0,0.0
241,242,3.0,2.0,2.0,1.0,8.0,1.7150295999999798,20.0,0.0,0.18,color,orientation,size,0.22,15.5,10,female,0,2707.0406706000003,1,23,0.0,0.0,0.0,0.0,0.0,1.0,219.0,184.0,0.0
242,243,3.0,1.0,1.0,1.0,8.0,3.8340668000000737,-7.0,9.0,0.22,color,orientation,size,0.22,15.5,10,female,0,2707.0406706000003,0,23,0.0,0.0,0.0,0.0,0.0,1.0,220.0,185.0,0.0
243,244,3.0,7.0,4.0,0.0,8.0,5.383877000000211,-52.0,24.0,0.18,color,orientation,size,0.22,15.5,10,female,0,2707.0406706000003,0,23,0.0,0.0,2.0,0.0,0.0,0.0,221.0,186.0,0.0
244,245,3.0,2.0,0.0,0.0,8.0,4.864752200000112,-29.5,7.0,0.1,color,orientation,size,0.22,15.5,10,female,0,2707.0406706000003,1,23,0.0,0.0,1.0,0.0,0.0,-2.0,222.0,187.0,0.0
245,246,3.0,1.0,0.0,0.0,8.0,1.731976900000518,2.0,12.0,0.14,color,orientation,size,0.22,15.5,10,female,0,2707.0406706000003,1,23,0.0,0.0,1.0,0.0,0.0,1.0,223.0,188.0,0.0
246,247,3.0,7.0,5.0,0.0,8.0,2.6992591999996876,-20.5,13.0,0.3400000000000001,color,orientation,size,0.22,15.5,10,female,0,2707.0406706000003,1,23,0.0,0.0,1.0,0.0,0.0,0.0,224.0,189.0,0.0
247,248,3.0,2.0,0.0,0.0,8.0,3.0159591000001456,-34.0,9.0,0.18,color,orientation,size,0.22,15.5,10,female,0,2707.0406706000003,1,23,0.0,0.0,1.0,0.0,0.0,0.0,225.0,190.0,0.0
248,249,3.0,3.0,0.0,0.0,8.0,1.2151424000003317,-65.5,2.0,0.1,color,orientation,size,0.22,15.5,10,female,0,2707.0406706000003,1,23,0.0,0.0,2.0,0.0,0.0,0.0,226.0,191.0,0.0
249,250,3.0,6.0,5.0,0.0,8.0,1.750202100000024,-47.5,15.0,0.42,color,orientation,size,0.22,15.5,10,female,0,2707.0406706000003,1,23,0.0,0.0,2.0,0.0,0.0,-1.0,227.0,192.0,0.0
250,251,3.0,5.0,5.0,1.0,8.0,1.3163474999992104,-25.0,22.0,0.3,color,orientation,size,0.22,15.5,10,female,0,2707.0406706000003,1,23,0.0,0.0,0.0,0.0,0.0,0.0,228.0,193.0,0.0
251,252,3.0,3.0,3.0,1.0,8.0,6.134159999999611,83.0,9.0,0.3400000000000001,color,orientation,size,0.22,15.5,10,female,0,2707.0406706000003,0,23,0.0,0.0,0.0,0.0,0.0,2.0,229.0,194.0,0.0
252,253,3.0,3.0,1.0,0.0,8.0,0.9495770000003176,-83.5,11.0,0.26,color,orientation,size,0.22,15.5,10,female,0,2707.0406706000003,0,23,0.0,0.0,1.0,0.0,0.0,0.0,230.0,195.0,0.0
253,254,3.0,3.0,3.0,1.0,8.0,0.8490524999997433,83.0,10.0,0.38,color,orientation,size,0.22,15.5,10,female,0,2707.0406706000003,1,23,0.0,0.0,0.0,0.0,0.0,-1.0,231.0,196.0,0.0
254,255,3.0,1.0,1.0,1.0,8.0,1.2998152000000118,-34.0,6.0,0.3400000000000001,color,orientation,size,0.22,15.5,10,female,0,2707.0406706000003,0,23,0.0,0.0,0.0,0.0,0.0,1.0,232.0,197.0,0.0
255,256,3.0,1.0,1.0,1.0,8.0,1.1833440999998857,-56.5,5.0,0.4600000000000001,color,orientation,size,0.22,15.5,10,female,0,2707.0406706000003,0,23,0.0,0.0,0.0,0.0,0.0,0.0,233.0,198.0,0.0
256,257,3.0,0.0,0.0,1.0,8.0,3.0668705999996746,-79.0,0.0,0.14,color,orientation,size,0.22,15.5,10,female,0,2707.0406706000003,0,23,0.0,0.0,0.0,0.0,0.0,0.0,234.0,199.0,0.0
257,258,3.0,2.0,3.0,0.0,8.0,4.050602099999196,42.5,12.0,0.38,color,orientation,size,0.22,15.5,10,female,0,2707.0406706000003,0,23,0.0,0.0,1.0,0.0,0.0,0.0,235.0,200.0,0.0
258,259,3.0,3.0,2.0,0.0,8.0,4.5490403000003425,24.5,8.0,0.18,color,orientation,size,0.22,15.5,10,female,0,2707.0406706000003,1,23,0.0,0.0,1.0,0.0,0.0,-1.0,236.0,201.0,0.0
259,260,3.0,7.0,5.0,0.0,8.0,1.8986519999998563,-88.0,20.0,0.3400000000000001,color,orientation,size,0.22,15.5,10,female,0,2707.0406706000003,1,23,0.0,0.0,1.0,0.0,0.0,0.0,237.0,202.0,0.0
260,261,3.0,5.0,1.0,0.0,8.0,2.182841200000439,-83.5,1.0,0.22,color,orientation,size,0.22,15.5,10,female,0,2707.0406706000003,1,23,0.0,0.0,1.0,0.0,0.0,0.0,238.0,203.0,0.0
261,262,3.0,4.0,1.0,0.0,8.0,13.100072700000055,-83.5,7.0,0.3400000000000001,color,orientation,size,0.22,15.5,10,female,0,2707.0406706000003,1,23,0.0,0.0,2.0,0.0,0.0,0.0,239.0,204.0,0.0
262,263,3.0,1.0,2.0,0.0,8.0,1.2820618000005195,83.0,6.0,0.18,color,orientation,size,0.22,15.5,10,female,0,2707.0406706000003,1,23,0.0,0.0,2.0,0.0,0.0,-1.0,240.0,205.0,0.0
263,264,3.0,2.0,3.0,0.0,8.0,2.8329719000003024,20.0,2.0,0.26,color,orientation,size,0.22,15.5,10,female,0,2707.0406706000003,1,23,0.0,0.0,1.0,0.0,0.0,0.0,241.0,206.0,0.0
264,265,3.0,1.0,1.0,1.0,8.0,2.382721500000116,-38.5,1.0,0.22,color,orientation,size,0.22,15.5,10,female,0,2707.0406706000003,1,23,0.0,0.0,0.0,0.0,0.0,1.0,242.0,207.0,0.0
265,266,3.0,2.0,1.0,0.0,8.0,3.716555700000754,-16.0,0.0,0.3400000000000001,color,orientation,size,0.22,15.5,10,female,0,2707.0406706000003,0,23,0.0,0.0,2.0,0.0,0.0,1.0,243.0,208.0,0.0
266,267,3.0,1.0,0.0,0.0,8.0,1.3995261000000028,-38.5,0.0,0.18,color,orientation,size,0.22,15.5,10,female,0,2707.0406706000003,1,23,0.0,0.0,1.0,0.0,0.0,-2.0,244.0,209.0,0.0
267,268,3.0,2.0,3.0,0.0,8.0,3.098999700000604,65.0,8.0,0.3,color,orientation,size,0.22,15.5,10,female,0,2707.0406706000003,1,23,0.0,0.0,1.0,0.0,0.0,1.0,245.0,210.0,0.0
268,269,3.0,7.0,5.0,0.0,8.0,2.2826021999999284,-38.5,13.0,0.38,color,orientation,size,0.22,15.5,10,female,0,2707.0406706000003,1,23,0.0,0.0,1.0,0.0,0.0,0.0,246.0,211.0,0.0
269,270,3.0,4.0,6.0,0.0,8.0,5.499535700000706,15.5,21.0,0.1,color,orientation,size,0.22,15.5,10,female,0,2707.0406706000003,1,23,0.0,0.0,1.0,0.0,0.0,0.0,247.0,212.0,0.0
270,271,3.0,3.0,1.0,0.0,8.0,4.0167845999994825,-70.0,4.0,0.22,color,orientation,size,0.22,15.5,10,female,0,2707.0406706000003,1,23,0.0,0.0,1.0,0.0,0.0,0.0,248.0,213.0,0.0
271,272,3.0,2.0,3.0,0.0,8.0,1.9648499999993871,15.5,7.0,0.22,color,orientation,size,0.22,15.5,10,female,0,2707.0406706000003,1,23,0.0,0.0,1.0,0.0,0.0,0.0,249.0,214.0,0.0
272,273,3.0,1.0,0.0,0.0,8.0,1.8328420999996524,-2.5,5.0,0.14,color,orientation,size,0.22,15.5,10,female,0,2707.0406706000003,1,23,0.0,0.0,1.0,0.0,0.0,0.0,250.0,215.0,0.0
273,274,3.0,3.0,1.0,0.0,8.0,1.416624899999988,-83.5,10.0,0.3,color,orientation,size,0.22,15.5,10,female,0,2707.0406706000003,1,23,0.0,0.0,1.0,0.0,0.0,0.0,251.0,216.0,0.0
274,275,3.0,3.0,0.0,0.0,8.0,0.9492938999992476,-34.0,7.0,0.1,color,orientation,size,0.22,15.5,10,female,0,2707.0406706000003,1,23,0.0,0.0,2.0,0.0,0.0,0.0,252.0,217.0,0.0
275,276,3.0,4.0,6.0,0.0,8.0,3.316252500000701,47.0,17.0,0.18,color,orientation,size,0.22,15.5,10,female,0,2707.0406706000003,1,23,0.0,0.0,1.0,0.0,0.0,-1.0,253.0,218.0,0.0
276,277,3.0,4.0,5.0,0.0,8.0,3.615569200000209,-29.5,14.0,0.38,color,orientation,size,0.22,15.5,10,female,0,2707.0406706000003,1,23,0.0,0.0,1.0,0.0,0.0,1.0,254.0,219.0,0.0
277,278,3.0,5.0,1.0,0.0,8.0,0.9821283000001132,-47.5,6.0,0.4600000000000001,color,orientation,size,0.22,15.5,10,female,0,2707.0406706000003,1,23,0.0,0.0,1.0,0.0,0.0,0.0,255.0,220.0,0.0
278,279,3.0,6.0,7.0,0.0,8.0,3.2813600999998016,29.0,17.0,0.42,color,orientation,size,0.22,15.5,10,female,0,2707.0406706000003,1,23,0.0,0.0,1.0,0.0,0.0,0.0,256.0,221.0,0.0
279,280,3.0,5.0,5.0,1.0,8.0,4.532930700000179,-34.0,21.0,0.26,color,orientation,size,0.22,15.5,10,female,0,2707.0406706000003,1,23,0.0,0.0,0.0,0.0,0.0,0.0,257.0,222.0,0.0
280,281,3.0,3.0,3.0,1.0,8.0,7.550017100000332,74.0,9.0,0.3,color,orientation,size,0.22,15.5,10,female,0,2707.0406706000003,0,23,0.0,0.0,0.0,0.0,0.0,1.0,258.0,223.0,0.0
281,282,3.0,4.0,5.0,0.0,8.0,3.299525000000358,-7.0,16.0,0.42,color,orientation,size,0.22,15.5,10,female,0,2707.0406706000003,0,23,0.0,0.0,1.0,0.0,0.0,0.0,259.0,224.0,0.0
282,283,3.0,2.0,3.0,0.0,8.0,4.847640500000125,56.0,9.0,0.22,color,orientation,size,0.22,15.5,10,female,0,2707.0406706000003,1,23,0.0,0.0,1.0,0.0,0.0,-1.0,260.0,225.0,0.0
283,284,3.0,6.0,4.0,0.0,8.0,3.798451499999828,6.5,19.0,0.14,color,orientation,size,0.22,15.5,10,female,0,2707.0406706000003,1,23,0.0,0.0,1.0,0.0,0.0,0.0,261.0,226.0,0.0
284,285,3.0,4.0,7.0,0.0,8.0,3.966346600000179,56.0,19.0,0.4600000000000001,color,orientation,size,0.22,15.5,10,female,0,2707.0406706000003,1,23,0.0,0.0,2.0,0.0,0.0,0.0,262.0,227.0,0.0
285,286,3.0,5.0,5.0,1.0,8.0,5.716860300000008,-25.0,17.0,0.22,color,orientation,size,0.22,15.5,10,female,0,2707.0406706000003,1,23,0.0,0.0,0.0,0.0,0.0,-1.0,263.0,228.0,0.0
286,287,3.0,5.0,5.0,1.0,8.0,2.3507309999995414,-74.5,19.0,0.4600000000000001,color,orientation,size,0.22,15.5,10,female,0,2707.0406706000003,0,23,0.0,0.0,0.0,0.0,0.0,2.0,264.0,229.0,0.0
287,288,3.0,3.0,3.0,1.0,8.0,8.916985200000454,15.5,0.0,0.42,color,orientation,size,0.22,15.5,10,female,0,2707.0406706000003,0,23,0.0,0.0,0.0,0.0,0.0,0.0,265.0,230.0,0.0
288,289,3.0,3.0,3.0,1.0,8.0,2.9675787000005585,33.5,4.0,0.22,color,orientation,size,0.22,15.5,10,female,0,2707.0406706000003,0,23,0.0,0.0,0.0,0.0,0.0,0.0,266.0,231.0,0.0
289,290,3.0,0.0,2.0,0.0,8.0,2.7339382000000114,51.5,0.0,0.14,color,orientation,size,0.22,15.5,10,female,0,2707.0406706000003,0,23,0.0,0.0,1.0,0.0,0.0,0.0,267.0,232.0,0.0
290,291,3.0,5.0,5.0,1.0,8.0,9.798437899999954,-70.0,18.0,0.3400000000000001,color,orientation,size,0.22,15.5,10,female,0,2707.0406706000003,1,23,0.0,0.0,0.0,0.0,0.0,-1.0,268.0,233.0,0.0
291,292,3.0,2.0,0.0,0.0,8.0,3.800460399999793,-34.0,12.0,0.1,color,orientation,size,0.22,15.5,10,female,0,2707.0406706000003,0,23,0.0,0.0,1.0,0.0,0.0,1.0,269.0,234.0,0.0
292,293,3.0,5.0,5.0,1.0,8.0,1.4157273999999234,-79.0,22.0,0.4600000000000001,color,orientation,size,0.22,15.5,10,female,0,2707.0406706000003,1,23,0.0,0.0,0.0,0.0,0.0,-1.0,270.0,235.0,0.0
293,294,3.0,7.0,7.0,1.0,8.0,4.100417599999673,47.0,14.0,0.42,color,orientation,size,0.22,15.5,10,female,0,2707.0406706000003,0,23,0.0,0.0,0.0,0.0,0.0,1.0,271.0,236.0,0.0
294,295,3.0,7.0,7.0,1.0,8.0,2.100097900000037,20.0,17.0,0.26,color,orientation,size,0.22,15.5,10,female,0,2707.0406706000003,0,23,0.0,0.0,0.0,0.0,0.0,0.0,272.0,237.0,0.0
295,296,3.0,5.0,6.0,0.0,8.0,5.099292500000047,74.0,20.0,0.18,color,orientation,size,0.22,15.5,10,female,0,2707.0406706000003,0,23,0.0,0.0,2.0,0.0,0.0,0.0,273.0,238.0,0.0
296,297,3.0,5.0,7.0,0.0,8.0,3.3155901999998605,42.5,20.0,0.38,color,orientation,size,0.22,15.5,10,female,0,2707.0406706000003,1,23,0.0,0.0,1.0,0.0,0.0,-2.0,274.0,239.0,0.0
297,298,3.0,3.0,0.0,0.0,8.0,5.132989699999598,-43.0,4.0,0.18,color,orientation,size,0.22,15.5,10,female,0,2707.0406706000003,1,23,0.0,0.0,2.0,0.0,0.0,1.0,275.0,240.0,0.0
298,299,3.0,6.0,6.0,1.0,8.0,7.049488399999973,24.5,13.0,0.14,color,orientation,size,0.22,15.5,10,female,0,2707.0406706000003,1,23,0.0,0.0,0.0,0.0,0.0,-1.0,276.0,241.0,0.0
299,300,3.0,4.0,5.0,0.0,8.0,5.9832578000005014,-11.5,15.0,0.4600000000000001,color,orientation,size,0.22,15.5,10,female,0,2707.0406706000003,0,23,0.0,0.0,1.0,0.0,0.0,2.0,277.0,242.0,0.0
300,301,3.0,5.0,7.0,0.0,8.0,1.5998878000000332,15.5,18.0,0.22,color,orientation,size,0.22,15.5,10,female,0,2707.0406706000003,1,23,0.0,0.0,1.0,0.0,0.0,-1.0,278.0,243.0,0.0
301,302,3.0,6.0,5.0,0.0,8.0,5.114540699999452,-34.0,22.0,0.22,color,orientation,size,0.22,15.5,10,female,0,2707.0406706000003,1,23,0.0,0.0,2.0,0.0,0.0,0.0,279.0,244.0,0.0
302,303,3.0,1.0,1.0,1.0,8.0,3.666017700000338,-52.0,12.0,0.3,color,orientation,size,0.22,15.5,10,female,0,2707.0406706000003,1,23,0.0,0.0,0.0,0.0,0.0,-1.0,280.0,245.0,0.0
303,304,3.0,7.0,7.0,1.0,8.0,4.483933600000455,47.0,21.0,0.3400000000000001,color,orientation,size,0.22,15.5,10,female,0,2707.0406706000003,0,23,0.0,0.0,0.0,0.0,0.0,2.0,281.0,246.0,0.0
304,305,3.0,1.0,3.0,0.0,8.0,7.616141700000298,15.5,12.0,0.22,color,orientation,size,0.22,15.5,10,female,0,2707.0406706000003,0,23,0.0,0.0,1.0,0.0,0.0,0.0,282.0,247.0,0.0
305,306,3.0,3.0,3.0,1.0,8.0,0.8998366000005262,20.0,0.0,0.3,color,orientation,size,0.22,15.5,10,female,0,2707.0406706000003,1,23,0.0,0.0,0.0,0.0,0.0,-1.0,283.0,248.0,0.0
306,307,3.0,6.0,5.0,0.0,8.0,6.016682099999343,-65.5,13.0,0.3,color,orientation,size,0.22,15.5,10,female,0,2707.0406706000003,0,23,0.0,0.0,2.0,0.0,0.0,1.0,284.0,249.0,0.0
307,308,3.0,2.0,3.0,0.0,8.0,6.3830072000000655,24.5,11.0,0.3,color,orientation,size,0.22,15.5,10,female,0,2707.0406706000003,1,23,0.0,0.0,1.0,0.0,0.0,-2.0,285.0,250.0,0.0
308,309,3.0,5.0,7.0,0.0,8.0,2.497649299999466,20.0,16.0,0.3400000000000001,color,orientation,size,0.22,15.5,10,female,0,2707.0406706000003,1,23,0.0,0.0,1.0,0.0,0.0,1.0,286.0,251.0,0.0
309,310,3.0,5.0,5.0,1.0,8.0,3.93156689999978,-11.5,17.0,0.3400000000000001,color,orientation,size,0.22,15.5,10,female,0,2707.0406706000003,1,23,0.0,0.0,0.0,0.0,0.0,0.0,287.0,252.0,0.0
310,311,3.0,1.0,1.0,1.0,8.0,2.4329473000007056,-38.5,7.0,0.3,color,orientation,size,0.22,15.5,10,female,0,2707.0406706000003,0,23,0.0,0.0,0.0,0.0,0.0,1.0,288.0,253.0,0.0
311,312,3.0,7.0,7.0,1.0,8.0,3.3662802000008014,56.0,15.0,0.42,color,orientation,size,0.22,15.5,10,female,0,2707.0406706000003,0,23,0.0,0.0,0.0,0.0,0.0,0.0,289.0,254.0,0.0
312,313,3.0,6.0,5.0,0.0,8.0,6.584022099999856,-16.0,13.0,0.3,color,orientation,size,0.22,15.5,10,female,0,2707.0406706000003,0,23,0.0,0.0,2.0,0.0,0.0,0.0,290.0,255.0,0.0
313,314,3.0,3.0,1.0,0.0,8.0,1.5660509999997885,6.5,12.0,0.42,color,orientation,size,0.22,15.5,10,female,0,2707.0406706000003,1,23,0.0,0.0,1.0,0.0,0.0,-2.0,291.0,256.0,0.0
314,315,3.0,6.0,5.0,0.0,8.0,5.315341200000148,-83.5,23.0,0.3,color,orientation,size,0.22,15.5,10,female,0,2707.0406706000003,1,23,0.0,0.0,2.0,0.0,0.0,1.0,292.0,257.0,0.0
315,316,3.0,0.0,2.0,0.0,8.0,4.849024699999973,20.0,3.0,0.18,color,orientation,size,0.22,15.5,10,female,0,2707.0406706000003,1,23,0.0,0.0,1.0,0.0,0.0,-1.0,293.0,258.0,0.0
316,317,3.0,2.0,3.0,0.0,8.0,1.9490969999997103,24.5,5.0,0.42,color,orientation,size,0.22,15.5,10,female,0,2707.0406706000003,1,23,0.0,0.0,1.0,0.0,0.0,1.0,294.0,259.0,0.0
317,318,3.0,5.0,5.0,1.0,8.0,2.948765799999819,-43.0,20.0,0.22,color,orientation,size,0.22,15.5,10,female,0,2707.0406706000003,1,23,0.0,0.0,0.0,0.0,0.0,0.0,295.0,260.0,0.0
318,319,3.0,1.0,1.0,1.0,8.0,4.916439800000262,6.5,5.0,0.38,color,orientation,size,0.22,15.5,10,female,0,2707.0406706000003,0,23,0.0,0.0,0.0,0.0,0.0,1.0,296.0,261.0,0.0
319,320,3.0,3.0,0.0,0.0,8.0,1.5989597999996477,2.0,7.0,0.1,color,orientation,size,0.22,15.5,10,female,0,2707.0406706000003,0,23,0.0,0.0,2.0,0.0,0.0,0.0,297.0,262.0,0.0
320,321,3.0,1.0,3.0,0.0,8.0,3.446926700000404,20.0,8.0,0.22,color,orientation,size,0.22,15.5,10,female,0,2707.0406706000003,1,23,0.0,0.0,1.0,0.0,0.0,-2.0,298.0,263.0,0.0
321,322,3.0,4.0,5.0,0.0,8.0,2.8486746999997195,-2.5,21.0,0.3400000000000001,color,orientation,size,0.22,15.5,10,female,0,2707.0406706000003,1,23,0.0,0.0,1.0,0.0,0.0,1.0,299.0,264.0,0.0
322,323,3.0,7.0,7.0,1.0,8.0,5.7651513000000705,60.5,22.0,0.42,color,orientation,size,0.22,15.5,10,female,0,2707.0406706000003,1,23,0.0,0.0,0.0,0.0,0.0,0.0,300.0,265.0,0.0
323,324,3.0,0.0,0.0,1.0,8.0,2.6499291000000085,-38.5,8.0,0.1,color,orientation,size,0.22,15.5,10,female,0,2707.0406706000003,0,23,0.0,0.0,0.0,0.0,0.0,1.0,301.0,266.0,0.0
324,325,3.0,2.0,3.0,0.0,8.0,8.133795499999906,69.5,5.0,0.3,color,orientation,size,0.22,15.5,10,female,0,2707.0406706000003,0,23,0.0,0.0,1.0,0.0,0.0,0.0,302.0,267.0,0.0
325,326,3.0,2.0,1.0,0.0,8.0,3.782551600000261,-16.0,12.0,0.3,color,orientation,size,0.22,15.5,10,female,0,2707.0406706000003,1,23,0.0,0.0,2.0,0.0,0.0,-1.0,303.0,268.0,0.0
326,327,3.0,3.0,3.0,1.0,8.0,1.2667234999998982,56.0,5.0,0.3400000000000001,color,orientation,size,0.22,15.5,10,female,0,2707.0406706000003,1,23,0.0,0.0,0.0,0.0,0.0,-1.0,304.0,269.0,0.0
327,328,3.0,2.0,0.0,0.0,8.0,3.649591500000497,-88.0,6.0,0.14,color,orientation,size,0.22,15.5,10,female,0,2707.0406706000003,0,23,0.0,0.0,1.0,0.0,0.0,2.0,305.0,270.0,0.0
328,329,3.0,5.0,4.0,0.0,8.0,8.415039700000307,-43.0,17.0,0.18,color,orientation,size,0.22,15.5,10,female,0,2707.0406706000003,1,23,0.0,0.0,1.0,0.0,0.0,-1.0,306.0,271.0,0.0
329,330,3.0,6.0,6.0,1.0,8.0,3.648789500000021,15.5,19.0,0.18,color,orientation,size,0.22,15.5,10,female,0,2707.0406706000003,1,23,0.0,0.0,0.0,0.0,0.0,0.0,307.0,272.0,0.0
330,331,3.0,5.0,5.0,1.0,8.0,3.400914599999851,-70.0,23.0,0.42,color,orientation,size,0.22,15.5,10,female,0,2707.0406706000003,0,23,0.0,0.0,0.0,0.0,0.0,1.0,308.0,273.0,0.0
331,332,3.0,0.0,0.0,1.0,8.0,1.949748300000465,2.0,9.0,0.1,color,orientation,size,0.22,15.5,10,female,0,2707.0406706000003,0,23,0.0,0.0,0.0,0.0,0.0,0.0,309.0,274.0,0.0
332,333,3.0,7.0,7.0,1.0,8.0,6.966750200000206,20.0,24.0,0.3,color,orientation,size,0.22,15.5,10,female,0,2707.0406706000003,0,23,0.0,0.0,0.0,0.0,0.0,0.0,310.0,275.0,0.0
333,334,3.0,6.0,6.0,1.0,8.0,6.6503584000001865,20.0,14.0,0.1,color,orientation,size,0.22,15.5,10,female,0,2707.0406706000003,0,23,0.0,0.0,0.0,0.0,0.0,0.0,311.0,276.0,0.0
334,335,3.0,3.0,3.0,1.0,8.0,5.484104699999989,29.0,11.0,0.3400000000000001,color,orientation,size,0.22,15.5,10,female,0,2707.0406706000003,0,23,0.0,0.0,0.0,0.0,0.0,0.0,312.0,277.0,0.0
335,336,3.0,4.0,6.0,0.0,8.0,18.15060740000081,29.0,19.0,0.1,color,orientation,size,0.22,15.5,10,female,0,2707.0406706000003,0,23,0.0,0.0,1.0,0.0,0.0,0.0,313.0,278.0,0.0
336,337,3.0,3.0,3.0,1.0,8.0,3.4822143000001233,29.0,7.0,0.26,color,orientation,size,0.22,15.5,10,female,0,2707.0406706000003,1,23,0.0,0.0,0.0,0.0,0.0,-1.0,314.0,279.0,0.0
337,338,3.0,6.0,6.0,1.0,8.0,4.0506648999999015,47.0,22.0,0.14,color,orientation,size,0.22,15.5,10,female,0,2707.0406706000003,0,23,0.0,0.0,0.0,0.0,0.0,1.0,315.0,280.0,0.0
338,339,3.0,6.0,6.0,1.0,8.0,1.299923300000046,42.5,14.0,0.1,color,orientation,size,0.22,15.5,10,female,0,2707.0406706000003,0,23,0.0,0.0,0.0,0.0,0.0,0.0,316.0,281.0,0.0
339,340,3.0,1.0,1.0,1.0,8.0,6.833366699999715,-7.0,4.0,0.3400000000000001,color,orientation,size,0.22,15.5,10,female,0,2707.0406706000003,0,23,0.0,0.0,0.0,0.0,0.0,0.0,317.0,282.0,0.0
340,341,3.0,0.0,0.0,1.0,8.0,7.049638999999843,-79.0,0.0,0.1,color,orientation,size,0.22,15.5,10,female,0,2707.0406706000003,0,23,0.0,0.0,0.0,0.0,0.0,0.0,318.0,283.0,0.0
341,342,3.0,0.0,2.0,0.0,8.0,5.000193199999558,20.0,3.0,0.18,color,orientation,size,0.22,15.5,10,female,0,2707.0406706000003,0,23,0.0,0.0,1.0,0.0,0.0,0.0,319.0,284.0,0.0
342,343,3.0,5.0,5.0,1.0,8.0,5.081587600000603,-16.0,22.0,0.26,color,orientation,size,0.22,15.5,10,female,0,2707.0406706000003,1,23,0.0,0.0,0.0,0.0,0.0,-1.0,320.0,285.0,0.0
343,344,3.0,5.0,5.0,1.0,8.0,0.9658962000003156,-43.0,24.0,0.22,color,orientation,size,0.22,15.5,10,female,0,2707.0406706000003,0,23,0.0,0.0,0.0,0.0,0.0,1.0,321.0,286.0,0.0
344,345,3.0,2.0,3.0,0.0,8.0,5.833069799999976,24.5,9.0,0.3,color,orientation,size,0.22,15.5,10,female,0,2707.0406706000003,0,23,0.0,0.0,1.0,0.0,0.0,0.0,322.0,287.0,0.0
345,346,3.0,7.0,7.0,1.0,8.0,4.832527999999911,56.0,13.0,0.3400000000000001,color,orientation,size,0.22,15.5,10,female,0,2707.0406706000003,1,23,0.0,0.0,0.0,0.0,0.0,-1.0,323.0,288.0,0.0
346,347,3.0,3.0,3.0,1.0,8.0,8.184023300000263,38.0,9.0,0.42,color,orientation,size,0.22,15.5,10,female,0,2707.0406706000003,0,23,0.0,0.0,0.0,0.0,0.0,1.0,324.0,289.0,0.0
347,348,3.0,5.0,5.0,1.0,8.0,8.350447300000269,-43.0,22.0,0.26,color,orientation,size,0.22,15.5,10,female,0,2707.0406706000003,0,23,0.0,0.0,0.0,0.0,0.0,0.0,325.0,290.0,0.0
348,349,3.0,1.0,1.0,1.0,8.0,10.06687409999995,-34.0,4.0,0.26,color,orientation,size,0.22,15.5,10,female,0,2707.0406706000003,0,23,0.0,0.0,0.0,0.0,0.0,0.0,326.0,291.0,0.0
349,350,3.0,1.0,1.0,1.0,8.0,4.199177200000122,-79.0,7.0,0.42,color,orientation,size,0.22,15.5,10,female,0,2707.0406706000003,0,23,0.0,0.0,0.0,0.0,0.0,0.0,327.0,292.0,0.0
350,351,3.0,5.0,5.0,1.0,8.0,9.118286500000067,-34.0,15.0,0.3,color,orientation,size,0.22,15.5,10,female,0,2707.0406706000003,0,23,0.0,0.0,0.0,0.0,0.0,0.0,328.0,293.0,0.0
351,352,3.0,6.0,5.0,0.0,8.0,10.482053599999745,6.5,15.0,0.3,color,orientation,size,0.22,15.5,10,female,0,2707.0406706000003,0,23,0.0,0.0,2.0,0.0,0.0,0.0,329.0,294.0,0.0
352,353,3.0,3.0,3.0,1.0,8.0,4.701160599999639,33.5,5.0,0.3,color,orientation,size,0.22,15.5,10,female,0,2707.0406706000003,1,23,0.0,0.0,0.0,0.0,0.0,-2.0,330.0,295.0,0.0
353,354,3.0,0.0,2.0,0.0,8.0,2.1339844000003723,15.5,0.0,0.14,color,orientation,size,0.22,15.5,10,female,0,2707.0406706000003,0,23,0.0,0.0,1.0,0.0,0.0,2.0,331.0,296.0,0.0
354,355,3.0,5.0,5.0,1.0,8.0,2.9664230999997017,-79.0,16.0,0.26,color,orientation,size,0.22,15.5,10,female,0,2707.0406706000003,1,23,0.0,0.0,0.0,0.0,0.0,-1.0,332.0,297.0,0.0
355,356,3.0,5.0,5.0,1.0,8.0,1.1010885000005146,-88.0,23.0,0.42,color,orientation,size,0.22,15.5,10,female,0,2707.0406706000003,0,23,0.0,0.0,0.0,0.0,0.0,1.0,333.0,298.0,0.0
356,357,3.0,2.0,2.0,1.0,8.0,1.466138599999795,24.5,4.0,0.14,color,orientation,size,0.22,15.5,10,female,0,2707.0406706000003,0,23,0.0,0.0,0.0,0.0,0.0,0.0,334.0,299.0,0.0
357,358,3.0,3.0,3.0,1.0,8.0,3.148548699999992,60.5,10.0,0.26,color,orientation,size,0.22,15.5,10,female,0,2707.0406706000003,0,23,0.0,0.0,0.0,0.0,0.0,0.0,335.0,300.0,0.0
358,359,3.0,3.0,1.0,0.0,8.0,4.750640199999907,2.0,8.0,0.4600000000000001,color,orientation,size,0.22,15.5,10,female,0,2707.0406706000003,0,23,0.0,0.0,1.0,0.0,0.0,0.0,336.0,301.0,0.0
359,360,3.0,0.0,0.0,1.0,8.0,1.7157686000000467,-65.5,2.0,0.1,color,orientation,size,0.22,15.5,10,female,0,2707.0406706000003,1,23,0.0,0.0,0.0,0.0,0.0,-1.0,337.0,302.0,0.0
360,361,3.0,1.0,1.0,1.0,8.0,2.350071400000161,-65.5,1.0,0.38,color,orientation,size,0.22,15.5,10,female,0,2707.0406706000003,0,23,0.0,0.0,0.0,0.0,0.0,1.0,338.0,303.0,0.0
361,362,3.0,2.0,2.0,1.0,8.0,3.949565399999301,24.5,10.0,0.14,color,orientation,size,0.22,15.5,10,female,0,2707.0406706000003,0,23,0.0,0.0,0.0,0.0,0.0,0.0,339.0,304.0,0.0
362,363,3.0,3.0,0.0,0.0,8.0,2.4822206999997434,-2.5,11.0,0.14,color,orientation,size,0.22,15.5,10,female,0,2707.0406706000003,0,23,0.0,0.0,2.0,0.0,0.0,0.0,340.0,305.0,0.0
363,364,3.0,4.0,4.0,1.0,8.0,4.2323578999994425,-34.0,19.0,0.18,color,orientation,size,0.22,15.5,10,female,0,2707.0406706000003,1,23,0.0,0.0,0.0,0.0,0.0,-2.0,341.0,306.0,0.0
364,365,3.0,1.0,3.0,0.0,8.0,6.001498700000411,74.0,1.0,0.3,color,orientation,size,0.22,15.5,10,female,0,2707.0406706000003,0,23,0.0,0.0,1.0,0.0,0.0,2.0,342.0,307.0,0.0
365,366,3.0,6.0,5.0,0.0,8.0,5.582313799999611,-2.5,16.0,0.42,color,orientation,size,0.22,15.5,10,female,0,2707.0406706000003,1,23,0.0,0.0,2.0,0.0,0.0,-1.0,343.0,308.0,0.0
366,367,3.0,0.0,0.0,1.0,8.0,4.365981300000385,-43.0,1.0,0.14,color,orientation,size,0.22,15.5,10,female,0,2707.0406706000003,1,23,0.0,0.0,0.0,0.0,0.0,-1.0,344.0,309.0,0.0
367,368,3.0,3.0,3.0,1.0,8.0,1.3168981000007989,87.5,11.0,0.3,color,orientation,size,0.22,15.5,10,female,0,2707.0406706000003,0,23,0.0,0.0,0.0,0.0,0.0,2.0,345.0,310.0,0.0
368,369,3.0,4.0,6.0,0.0,8.0,4.16643429999931,78.5,19.0,0.14,color,orientation,size,0.22,15.5,10,female,0,2707.0406706000003,0,23,0.0,0.0,1.0,0.0,0.0,0.0,346.0,311.0,0.0
369,370,3.0,5.0,7.0,0.0,8.0,2.1159879000006185,69.5,21.0,0.4600000000000001,color,orientation,size,0.22,15.5,10,female,0,2707.0406706000003,1,23,0.0,0.0,1.0,0.0,0.0,-1.0,347.0,312.0,0.0
370,371,3.0,1.0,1.0,1.0,8.0,2.966316099999858,-20.5,4.0,0.38,color,orientation,size,0.22,15.5,10,female,0,2707.0406706000003,1,23,0.0,0.0,0.0,0.0,0.0,0.0,348.0,313.0,0.0
371,372,3.0,1.0,1.0,1.0,8.0,1.6333002999999735,-43.0,4.0,0.42,color,orientation,size,0.22,15.5,10,female,0,2707.0406706000003,0,23,0.0,0.0,0.0,0.0,0.0,1.0,349.0,314.0,0.0
372,373,3.0,6.0,7.0,0.0,8.0,5.199192700000822,56.0,21.0,0.22,color,orientation,size,0.22,15.5,10,female,0,2707.0406706000003,0,23,0.0,0.0,1.0,0.0,0.0,0.0,350.0,315.0,0.0
373,374,3.0,7.0,5.0,0.0,8.0,1.6993523999999525,-70.0,20.0,0.3,color,orientation,size,0.22,15.5,10,female,0,2707.0406706000003,1,23,0.0,0.0,1.0,0.0,0.0,-1.0,351.0,316.0,0.0
374,375,3.0,7.0,7.0,1.0,8.0,1.6989454000004116,60.5,20.0,0.42,color,orientation,size,0.22,15.5,10,female,0,2707.0406706000003,1,23,0.0,0.0,0.0,0.0,0.0,0.0,352.0,317.0,0.0
375,376,3.0,6.0,4.0,0.0,8.0,3.6836435000004712,6.5,19.0,0.14,color,orientation,size,0.22,15.5,10,female,0,2707.0406706000003,0,23,0.0,0.0,1.0,0.0,0.0,1.0,353.0,318.0,0.0
376,377,3.0,3.0,3.0,1.0,8.0,3.832330700000057,51.5,9.0,0.3,color,orientation,size,0.22,15.5,10,female,0,2707.0406706000003,1,23,0.0,0.0,0.0,0.0,0.0,-1.0,354.0,319.0,0.0
377,378,3.0,3.0,1.0,0.0,8.0,2.966647700000067,11.0,12.0,0.38,color,orientation,size,0.22,15.5,10,female,0,2707.0406706000003,0,23,0.0,0.0,1.0,0.0,0.0,1.0,355.0,320.0,0.0
378,379,3.0,6.0,7.0,0.0,8.0,4.36549980000018,38.0,17.0,0.26,color,orientation,size,0.22,15.5,10,female,0,2707.0406706000003,1,23,0.0,0.0,1.0,0.0,0.0,-1.0,356.0,321.0,0.0
379,380,3.0,4.0,1.0,0.0,8.0,4.116876800000682,-47.5,7.0,0.4600000000000001,color,orientation,size,0.22,15.5,10,female,0,2707.0406706000003,1,23,0.0,0.0,2.0,0.0,0.0,0.0,357.0,322.0,0.0
380,381,3.0,6.0,6.0,1.0,8.0,3.465476000000308,60.5,23.0,0.14,color,orientation,size,0.22,15.5,10,female,0,2707.0406706000003,1,23,0.0,0.0,0.0,0.0,0.0,-1.0,358.0,323.0,0.0
381,382,3.0,1.0,1.0,1.0,8.0,10.666583100000024,-70.0,7.0,0.4600000000000001,color,orientation,size,0.22,15.5,10,female,0,2707.0406706000003,0,23,0.0,0.0,0.0,0.0,0.0,2.0,359.0,324.0,0.0
382,383,3.0,0.0,2.0,0.0,8.0,3.0331590000005235,74.0,6.0,0.18,color,orientation,size,0.22,15.5,10,female,0,2707.0406706000003,0,23,0.0,0.0,1.0,0.0,0.0,0.0,360.0,325.0,0.0
383,384,3.0,3.0,3.0,1.0,8.0,3.247887399999854,51.5,3.0,0.42,color,orientation,size,0.22,15.5,10,female,0,2707.0406706000003,1,23,0.0,0.0,0.0,0.0,0.0,-1.0,361.0,326.0,0.0
384,385,3.0,5.0,7.0,0.0,8.0,4.667321099999754,51.5,19.0,0.42,color,orientation,size,0.22,15.5,10,female,0,2707.0406706000003,0,23,0.0,0.0,1.0,0.0,0.0,1.0,362.0,327.0,0.0
385,386,3.0,3.0,0.0,0.0,8.0,1.8821168000004036,2.0,11.0,0.18,color,orientation,size,0.22,15.5,10,female,0,2707.0406706000003,1,23,0.0,0.0,2.0,0.0,0.0,-1.0,363.0,328.0,0.0
386,387,3.0,6.0,4.0,0.0,8.0,2.632590000000164,-56.5,16.0,0.14,color,orientation,size,0.22,15.5,10,female,0,2707.0406706000003,1,23,0.0,0.0,1.0,0.0,0.0,-1.0,364.0,329.0,0.0
387,388,3.0,3.0,2.0,0.0,8.0,2.2150684999996884,65.0,10.0,0.1,color,orientation,size,0.22,15.5,10,female,0,2707.0406706000003,1,23,0.0,0.0,1.0,0.0,0.0,1.0,365.0,330.0,0.0
388,389,3.0,4.0,5.0,0.0,8.0,7.248772999999346,-16.0,23.0,0.3400000000000001,color,orientation,size,0.22,15.5,10,female,0,2707.0406706000003,1,23,0.0,0.0,1.0,0.0,0.0,0.0,366.0,331.0,0.0
389,390,3.0,0.0,0.0,1.0,8.0,2.0484356999995725,-83.5,6.0,0.1,color,orientation,size,0.22,15.5,10,female,0,2707.0406706000003,1,23,0.0,0.0,0.0,0.0,0.0,0.0,367.0,332.0,0.0
390,391,3.0,5.0,5.0,1.0,8.0,2.7501594999994268,-20.5,18.0,0.3,color,orientation,size,0.22,15.5,10,female,0,2707.0406706000003,0,23,0.0,0.0,0.0,0.0,0.0,1.0,368.0,333.0,0.0
391,392,3.0,7.0,7.0,1.0,8.0,2.5669042999998055,15.5,20.0,0.22,color,orientation,size,0.22,15.5,10,female,0,2707.0406706000003,0,23,0.0,0.0,0.0,0.0,0.0,0.0,369.0,334.0,0.0
392,393,3.0,3.0,2.0,0.0,8.0,6.116613600000164,87.5,9.0,0.18,color,orientation,size,0.22,15.5,10,female,0,2707.0406706000003,0,23,0.0,0.0,1.0,0.0,0.0,0.0,370.0,335.0,0.0
393,394,3.0,4.0,7.0,0.0,8.0,3.1823519999998098,87.5,14.0,0.3400000000000001,color,orientation,size,0.22,15.5,10,female,0,2707.0406706000003,1,23,0.0,0.0,2.0,0.0,0.0,-1.0,371.0,336.0,0.0
394,395,3.0,5.0,5.0,1.0,8.0,2.916324999999233,-7.0,18.0,0.38,color,orientation,size,0.22,15.5,10,female,0,2707.0406706000003,1,23,0.0,0.0,0.0,0.0,0.0,-1.0,372.0,337.0,0.0
395,396,3.0,7.0,7.0,1.0,8.0,2.6837494000001243,20.0,21.0,0.4600000000000001,color,orientation,size,0.22,15.5,10,female,0,2707.0406706000003,0,23,0.0,0.0,0.0,0.0,0.0,2.0,373.0,338.0,0.0
396,397,3.0,7.0,7.0,1.0,8.0,1.29907060000005,33.5,14.0,0.42,color,orientation,size,0.22,15.5,10,female,0,2707.0406706000003,0,23,0.0,0.0,0.0,0.0,0.0,0.0,374.0,339.0,0.0
397,398,3.0,0.0,2.0,0.0,8.0,2.5829960000000938,78.5,0.0,0.1,color,orientation,size,0.22,15.5,10,female,0,2707.0406706000003,0,23,0.0,0.0,1.0,0.0,0.0,0.0,375.0,340.0,0.0
398,399,3.0,5.0,4.0,0.0,8.0,2.7992398999995203,-34.0,15.0,0.1,color,orientation,size,0.22,15.5,10,female,0,2707.0406706000003,1,23,0.0,0.0,1.0,0.0,0.0,-1.0,376.0,341.0,0.0
399,400,3.0,2.0,1.0,0.0,8.0,3.4819985000003726,-11.5,11.0,0.38,color,orientation,size,0.22,15.5,10,female,0,2707.0406706000003,1,23,0.0,0.0,2.0,0.0,0.0,0.0,377.0,342.0,0.0
400,401,3.0,3.0,6.0,0.0,8.0,2.015878199999861,33.5,24.0,0.14,color,orientation,size,0.22,15.5,10,female,0,2707.0406706000003,1,23,0.0,0.0,2.0,0.0,0.0,-1.0,378.0,343.0,0.0
401,402,3.0,0.0,2.0,0.0,8.0,2.147777000000133,38.0,5.0,0.1,color,orientation,size,0.22,15.5,10,female,0,2707.0406706000003,1,23,0.0,0.0,1.0,0.0,0.0,0.0,379.0,344.0,0.0
402,403,3.0,4.0,6.0,0.0,8.0,1.1823965000003227,29.0,19.0,0.1,color,orientation,size,0.22,15.5,10,female,0,2707.0406706000003,1,23,0.0,0.0,1.0,0.0,0.0,1.0,380.0,345.0,0.0
403,404,3.0,1.0,1.0,1.0,8.0,2.2986142999998265,-29.5,4.0,0.3,color,orientation,size,0.22,15.5,10,female,0,2707.0406706000003,1,23,0.0,0.0,0.0,0.0,0.0,0.0,381.0,346.0,0.0
404,405,3.0,2.0,0.0,0.0,8.0,1.96693200000027,-79.0,4.0,0.1,color,orientation,size,0.22,15.5,10,female,0,2707.0406706000003,0,23,0.0,0.0,1.0,0.0,0.0,1.0,382.0,347.0,0.0
405,406,3.0,4.0,5.0,0.0,8.0,3.1325676999995267,-43.0,13.0,0.4600000000000001,color,orientation,size,0.22,15.5,10,female,0,2707.0406706000003,1,23,0.0,0.0,1.0,0.0,0.0,-1.0,383.0,348.0,0.0
406,407,3.0,1.0,1.0,1.0,8.0,2.0326138999998875,-52.0,7.0,0.3,color,orientation,size,0.22,15.5,10,female,0,2707.0406706000003,1,23,0.0,0.0,0.0,0.0,0.0,0.0,384.0,349.0,0.0
407,408,3.0,2.0,3.0,0.0,8.0,2.299190599999747,29.0,9.0,0.4600000000000001,color,orientation,size,0.22,15.5,10,female,0,2707.0406706000003,0,23,0.0,0.0,1.0,0.0,0.0,1.0,385.0,350.0,0.0
408,409,3.0,3.0,3.0,1.0,8.0,1.9991776999995636,51.5,9.0,0.42,color,orientation,size,0.22,15.5,10,female,0,2707.0406706000003,1,23,0.0,0.0,0.0,0.0,0.0,-1.0,386.0,351.0,0.0
409,410,3.0,3.0,3.0,1.0,8.0,1.0667468999999985,83.0,2.0,0.26,color,orientation,size,0.22,15.5,10,female,0,2707.0406706000003,0,23,0.0,0.0,0.0,0.0,0.0,1.0,387.0,352.0,0.0
410,411,3.0,4.0,4.0,1.0,8.0,3.2332897000005687,-43.0,18.0,0.18,color,orientation,size,0.22,15.5,10,female,0,2707.0406706000003,0,23,0.0,0.0,0.0,0.0,0.0,0.0,388.0,353.0,0.0
411,412,3.0,3.0,1.0,0.0,8.0,3.4996943999994983,-88.0,1.0,0.42,color,orientation,size,0.22,15.5,10,female,0,2707.0406706000003,0,23,0.0,0.0,1.0,0.0,0.0,0.0,389.0,354.0,0.0
