,Trial_number,Chosen_castle,Chosen_location,Correct_location,Accuracy,Number_of_doors,RT,Current_orientation,Current_color,Current_size,First_feature,Second_feature,Third_feature,Participant_size,Participant_orientation,Participant_number,Participant_gender,Early_exit,Training_time,Meta_trial,Participant_age,PE_1,PE_2,PE_3,LP_1,LP_2,LP_3,Nov_1,Nov_2,Nov_3
0,1,1.0,0.0,1.0,0.0,2.0,2.9788533000000825,20.0,16.0,0.22,color,size,orientation,0.38,-11.5,15,female,0,2711.3404572,1,28,0.0,0.0,0.0,0.0,0.0,0.0,0.0,99.0,99.0
1,2,1.0,0.0,0.0,1.0,2.0,2.5954113000000234,24.5,2.0,0.4600000000000001,color,size,orientation,0.38,-11.5,15,female,0,2711.3404572,1,28,0.0,0.0,0.0,0.0,0.0,0.0,0.0,100.0,100.0
2,3,1.0,1.0,1.0,1.0,2.0,5.417649799999936,74.0,14.0,0.4600000000000001,color,size,orientation,0.38,-11.5,15,female,0,2711.3404572,0,28,0.0,0.0,0.0,0.0,0.0,0.0,0.0,101.0,101.0
3,4,1.0,1.0,1.0,1.0,2.0,1.7008713999999827,-88.0,17.0,0.4600000000000001,color,size,orientation,0.38,-11.5,15,female,0,2711.3404572,0,28,0.0,0.0,0.0,0.0,0.0,0.0,0.0,102.0,102.0
4,5,1.0,0.0,1.0,0.0,2.0,5.433490000000006,-20.5,13.0,0.26,color,size,orientation,0.38,-11.5,15,female,0,2711.3404572,0,28,1.0,0.0,0.0,0.0,0.0,0.0,0.0,103.0,103.0
5,6,1.0,1.0,1.0,1.0,2.0,6.412889000000064,-70.0,15.0,0.22,color,size,orientation,0.38,-11.5,15,female,0,2711.3404572,1,28,0.0,0.0,0.0,-1.0,0.0,0.0,0.0,104.0,104.0
6,7,1.0,1.0,1.0,1.0,2.0,1.3346695999999838,-7.0,18.0,0.18,color,size,orientation,0.38,-11.5,15,female,0,2711.3404572,0,28,0.0,0.0,0.0,1.0,0.0,0.0,0.0,105.0,105.0
7,8,1.0,1.0,0.0,0.0,2.0,1.3325952000000143,-52.0,0.0,0.3,color,size,orientation,0.38,-11.5,15,female,0,2711.3404572,0,28,1.0,0.0,0.0,0.0,0.0,0.0,0.0,106.0,106.0
8,9,2.0,2.0,2.0,1.0,4.0,5.403626900000063,-29.5,23.0,0.26,color,size,orientation,0.38,-11.5,15,female,0,2711.3404572,1,28,1.0,0.0,0.0,0.0,0.0,0.0,1.0,0.0,107.0
9,10,2.0,1.0,0.0,0.0,4.0,4.782983100000024,-88.0,12.0,0.1,color,size,orientation,0.38,-11.5,15,female,0,2711.3404572,0,28,1.0,1.0,0.0,0.0,0.0,0.0,2.0,0.0,108.0
10,11,2.0,0.0,1.0,0.0,4.0,3.132439599999998,24.5,9.0,0.38,color,size,orientation,0.38,-11.5,15,female,0,2711.3404572,1,28,1.0,1.0,0.0,0.0,-1.0,0.0,3.0,0.0,109.0
11,12,2.0,1.0,1.0,1.0,4.0,7.484521500000028,56.0,0.0,0.4600000000000001,color,size,orientation,0.38,-11.5,15,female,0,2711.3404572,1,28,1.0,0.0,0.0,0.0,0.0,0.0,4.0,0.0,110.0
12,13,2.0,2.0,1.0,0.0,4.0,4.9003095999999005,-74.5,1.0,0.42,color,size,orientation,0.38,-11.5,15,female,0,2711.3404572,0,28,1.0,2.0,0.0,0.0,1.0,0.0,5.0,0.0,111.0
13,14,2.0,1.0,0.0,0.0,4.0,3.1662822000000688,-7.0,6.0,0.3,color,size,orientation,0.38,-11.5,15,female,0,2711.3404572,1,28,1.0,1.0,0.0,0.0,-2.0,0.0,6.0,0.0,112.0
14,15,2.0,1.0,2.0,0.0,4.0,5.066224600000055,-65.5,14.0,0.18,color,size,orientation,0.38,-11.5,15,female,0,2711.3404572,1,28,1.0,2.0,0.0,0.0,1.0,0.0,7.0,0.0,113.0
15,16,2.0,1.0,0.0,0.0,4.0,6.082644999999957,83.0,4.0,0.3400000000000001,color,size,orientation,0.38,-11.5,15,female,0,2711.3404572,1,28,1.0,1.0,0.0,0.0,-1.0,0.0,8.0,0.0,114.0
16,17,2.0,2.0,0.0,0.0,4.0,4.45022419999998,-20.5,1.0,0.14,color,size,orientation,0.38,-11.5,15,female,0,2711.3404572,1,28,1.0,1.0,0.0,0.0,1.0,0.0,9.0,0.0,115.0
17,18,2.0,3.0,3.0,1.0,4.0,7.250230999999985,-47.5,21.0,0.38,color,size,orientation,0.38,-11.5,15,female,0,2711.3404572,1,28,1.0,0.0,0.0,0.0,0.0,0.0,10.0,0.0,116.0
18,19,2.0,0.0,0.0,1.0,4.0,5.783573799999999,29.0,6.0,0.1,color,size,orientation,0.38,-11.5,15,female,0,2711.3404572,0,28,1.0,0.0,0.0,0.0,1.0,0.0,11.0,0.0,117.0
19,20,2.0,2.0,2.0,1.0,4.0,3.4502152000000024,-70.0,13.0,0.18,color,size,orientation,0.38,-11.5,15,female,0,2711.3404572,0,28,1.0,0.0,0.0,0.0,0.0,0.0,12.0,0.0,118.0
20,21,2.0,2.0,0.0,0.0,4.0,3.167469600000004,-38.5,7.0,0.22,color,size,orientation,0.38,-11.5,15,female,0,2711.3404572,0,28,1.0,1.0,0.0,0.0,0.0,0.0,13.0,0.0,119.0
21,22,2.0,2.0,2.0,1.0,4.0,3.9492950000000064,-79.0,19.0,0.22,color,size,orientation,0.38,-11.5,15,female,0,2711.3404572,1,28,1.0,0.0,0.0,0.0,-1.0,0.0,14.0,0.0,120.0
22,23,2.0,0.0,3.0,0.0,4.0,8.967366900000002,29.0,18.0,0.42,color,size,orientation,0.38,-11.5,15,female,0,2711.3404572,0,28,1.0,2.0,0.0,0.0,1.0,0.0,15.0,0.0,121.0
23,24,2.0,2.0,0.0,0.0,4.0,1.716990399999986,-74.5,7.0,0.1,color,size,orientation,0.38,-11.5,15,female,0,2711.3404572,1,28,1.0,1.0,0.0,0.0,-2.0,0.0,16.0,0.0,122.0
24,25,3.0,0.0,5.0,0.0,8.0,4.067528300000049,29.0,21.0,0.3400000000000001,color,size,orientation,0.38,-11.5,15,female,0,2711.3404572,1,28,1.0,1.0,2.0,0.0,-2.0,0.0,17.0,1.0,0.0
25,26,1.0,1.0,1.0,1.0,2.0,2.9300283000000036,-56.5,13.0,0.22,color,size,orientation,0.38,-11.5,15,female,0,2711.3404572,1,28,0.0,1.0,2.0,0.0,-2.0,0.0,0.0,2.0,1.0
26,27,1.0,1.0,1.0,1.0,2.0,1.0161553000000367,-20.5,21.0,0.18,color,size,orientation,0.38,-11.5,15,female,0,2711.3404572,0,28,0.0,1.0,2.0,1.0,-2.0,0.0,0.0,3.0,2.0
27,28,1.0,1.0,0.0,0.0,2.0,0.9331382000000304,-79.0,6.0,0.3400000000000001,color,size,orientation,0.38,-11.5,15,female,0,2711.3404572,0,28,1.0,1.0,2.0,0.0,-2.0,0.0,0.0,4.0,3.0
28,29,1.0,1.0,1.0,1.0,2.0,1.9130501000000777,20.0,17.0,0.4600000000000001,color,size,orientation,0.38,-11.5,15,female,0,2711.3404572,1,28,0.0,1.0,2.0,-1.0,-2.0,0.0,0.0,5.0,4.0
29,30,1.0,0.0,0.0,1.0,2.0,3.9675931000000446,38.0,0.0,0.1,color,size,orientation,0.38,-11.5,15,female,0,2711.3404572,0,28,0.0,1.0,2.0,1.0,-2.0,0.0,0.0,6.0,5.0
30,31,1.0,1.0,1.0,1.0,2.0,2.282672700000034,6.5,22.0,0.3,color,size,orientation,0.38,-11.5,15,female,0,2711.3404572,0,28,0.0,1.0,2.0,0.0,-2.0,0.0,0.0,7.0,6.0
31,32,1.0,0.0,1.0,0.0,2.0,5.216495399999985,-29.5,19.0,0.38,color,size,orientation,0.38,-11.5,15,female,0,2711.3404572,0,28,1.0,1.0,2.0,0.0,-2.0,0.0,0.0,8.0,7.0
32,33,1.0,1.0,1.0,1.0,2.0,7.262556200000063,69.5,20.0,0.3,color,size,orientation,0.38,-11.5,15,female,0,2711.3404572,1,28,0.0,1.0,2.0,-1.0,-2.0,0.0,0.0,9.0,8.0
33,34,1.0,1.0,0.0,0.0,2.0,1.8329605000000129,78.5,3.0,0.4600000000000001,color,size,orientation,0.38,-11.5,15,female,0,2711.3404572,0,28,1.0,1.0,2.0,1.0,-2.0,0.0,0.0,10.0,9.0
34,35,1.0,0.0,0.0,1.0,2.0,6.778800300000057,-52.0,11.0,0.38,color,size,orientation,0.38,-11.5,15,female,0,2711.3404572,1,28,0.0,1.0,2.0,-1.0,-2.0,0.0,0.0,11.0,10.0
35,36,1.0,0.0,1.0,0.0,2.0,4.250488899999937,20.0,24.0,0.3,color,size,orientation,0.38,-11.5,15,female,0,2711.3404572,0,28,1.0,1.0,2.0,1.0,-2.0,0.0,0.0,12.0,11.0
36,37,1.0,1.0,0.0,0.0,2.0,2.4629430999999613,47.0,3.0,0.42,color,size,orientation,0.38,-11.5,15,female,0,2711.3404572,1,28,1.0,1.0,2.0,-1.0,-2.0,0.0,0.0,13.0,12.0
37,38,1.0,0.0,0.0,1.0,2.0,5.6125906999999415,65.0,12.0,0.22,color,size,orientation,0.38,-11.5,15,female,0,2711.3404572,1,28,0.0,1.0,2.0,0.0,-2.0,0.0,0.0,14.0,13.0
38,39,1.0,0.0,1.0,0.0,2.0,3.2837270999999646,24.5,20.0,0.1,color,size,orientation,0.38,-11.5,15,female,0,2711.3404572,0,28,1.0,1.0,2.0,1.0,-2.0,0.0,0.0,15.0,14.0
39,40,1.0,1.0,0.0,0.0,2.0,3.2127929999999196,74.0,5.0,0.42,color,size,orientation,0.38,-11.5,15,female,0,2711.3404572,1,28,1.0,1.0,2.0,-1.0,-2.0,0.0,0.0,16.0,15.0
40,41,1.0,0.0,0.0,1.0,2.0,2.095958400000086,33.5,2.0,0.18,color,size,orientation,0.38,-11.5,15,female,0,2711.3404572,1,28,0.0,1.0,2.0,0.0,-2.0,0.0,0.0,17.0,16.0
41,42,1.0,0.0,0.0,1.0,2.0,1.683473900000081,-56.5,6.0,0.42,color,size,orientation,0.38,-11.5,15,female,0,2711.3404572,0,28,0.0,1.0,2.0,1.0,-2.0,0.0,0.0,18.0,17.0
42,43,1.0,1.0,1.0,1.0,2.0,1.3332367000000431,-56.5,18.0,0.3400000000000001,color,size,orientation,0.38,-11.5,15,female,0,2711.3404572,0,28,0.0,1.0,2.0,0.0,-2.0,0.0,0.0,19.0,18.0
43,44,1.0,0.0,0.0,1.0,2.0,1.31727699999999,-83.5,8.0,0.4600000000000001,color,size,orientation,0.38,-11.5,15,female,0,2711.3404572,0,28,0.0,1.0,2.0,0.0,-2.0,0.0,0.0,20.0,19.0
44,45,1.0,1.0,1.0,1.0,2.0,0.9502936000000092,78.5,16.0,0.42,color,size,orientation,0.38,-11.5,15,female,0,2711.3404572,0,28,0.0,1.0,2.0,0.0,-2.0,0.0,0.0,21.0,20.0
45,46,1.0,0.0,0.0,1.0,2.0,1.101099999999974,20.0,5.0,0.26,color,size,orientation,0.38,-11.5,15,female,0,2711.3404572,0,28,0.0,1.0,2.0,0.0,-2.0,0.0,0.0,22.0,21.0
46,47,1.0,1.0,1.0,1.0,2.0,0.9838558999999804,-52.0,21.0,0.14,color,size,orientation,0.38,-11.5,15,female,0,2711.3404572,0,28,0.0,1.0,2.0,0.0,-2.0,0.0,0.0,23.0,22.0
47,48,1.0,1.0,1.0,1.0,2.0,1.0498003000000151,33.5,23.0,0.18,color,size,orientation,0.38,-11.5,15,female,0,2711.3404572,0,28,0.0,1.0,2.0,0.0,-2.0,0.0,0.0,24.0,23.0
48,49,1.0,1.0,1.0,1.0,2.0,0.9505459999999176,-2.5,20.0,0.26,color,size,orientation,0.38,-11.5,15,female,0,2711.3404572,0,28,0.0,1.0,2.0,0.0,-2.0,0.0,0.0,25.0,24.0
49,50,1.0,0.0,0.0,1.0,2.0,2.9667769000000135,-7.0,3.0,0.42,color,size,orientation,0.38,-11.5,15,female,0,2711.3404572,0,28,0.0,1.0,2.0,0.0,-2.0,0.0,0.0,26.0,25.0
50,51,1.0,0.0,0.0,1.0,2.0,1.1637603000000354,83.0,2.0,0.18,color,size,orientation,0.38,-11.5,15,female,0,2711.3404572,1,28,0.0,1.0,2.0,0.0,-2.0,0.0,0.0,27.0,26.0
51,52,1.0,0.0,0.0,1.0,2.0,0.6670665999999983,-79.0,2.0,0.4600000000000001,color,size,orientation,0.38,-11.5,15,female,0,2711.3404572,0,28,0.0,1.0,2.0,0.0,-2.0,0.0,0.0,28.0,27.0
52,53,1.0,1.0,1.0,1.0,2.0,0.9000400999999556,20.0,24.0,0.1,color,size,orientation,0.38,-11.5,15,female,0,2711.3404572,0,28,0.0,1.0,2.0,0.0,-2.0,0.0,0.0,29.0,28.0
53,54,1.0,1.0,1.0,1.0,2.0,1.1492408999999952,-52.0,14.0,0.4600000000000001,color,size,orientation,0.38,-11.5,15,female,0,2711.3404572,0,28,0.0,1.0,2.0,0.0,-2.0,0.0,0.0,30.0,29.0
54,55,1.0,1.0,1.0,1.0,2.0,0.8161962000000358,42.5,14.0,0.38,color,size,orientation,0.38,-11.5,15,female,0,2711.3404572,0,28,0.0,1.0,2.0,0.0,-2.0,0.0,0.0,31.0,30.0
55,56,1.0,0.0,0.0,1.0,2.0,1.167796400000043,78.5,11.0,0.14,color,size,orientation,0.38,-11.5,15,female,0,2711.3404572,0,28,0.0,1.0,2.0,0.0,-2.0,0.0,0.0,32.0,31.0
56,57,1.0,0.0,0.0,1.0,2.0,1.166774799999985,-79.0,9.0,0.14,color,size,orientation,0.38,-11.5,15,female,0,2711.3404572,0,28,0.0,1.0,2.0,0.0,-2.0,0.0,0.0,33.0,32.0
57,58,1.0,1.0,1.0,1.0,2.0,2.683353000000011,65.0,16.0,0.38,color,size,orientation,0.38,-11.5,15,female,0,2711.3404572,0,28,0.0,1.0,2.0,0.0,-2.0,0.0,0.0,34.0,33.0
58,59,1.0,1.0,1.0,1.0,2.0,0.6508207000000539,20.0,15.0,0.26,color,size,orientation,0.38,-11.5,15,female,0,2711.3404572,0,28,0.0,1.0,2.0,0.0,-2.0,0.0,0.0,35.0,34.0
59,60,1.0,0.0,0.0,1.0,2.0,1.317648800000029,-25.0,12.0,0.14,color,size,orientation,0.38,-11.5,15,female,0,2711.3404572,0,28,0.0,1.0,2.0,0.0,-2.0,0.0,0.0,36.0,35.0
60,61,2.0,2.0,2.0,1.0,4.0,5.983533200000011,78.5,21.0,0.3,color,size,orientation,0.38,-11.5,15,female,0,2711.3404572,1,28,0.0,0.0,2.0,0.0,0.0,0.0,1.0,0.0,36.0
61,62,2.0,1.0,0.0,0.0,4.0,2.6332912999998825,-43.0,9.0,0.14,color,size,orientation,0.38,-11.5,15,female,0,2711.3404572,0,28,0.0,1.0,2.0,0.0,1.0,0.0,2.0,0.0,37.0
62,63,2.0,3.0,3.0,1.0,4.0,5.266866100000016,-2.5,14.0,0.42,color,size,orientation,0.38,-11.5,15,female,0,2711.3404572,1,28,0.0,0.0,2.0,0.0,-1.0,0.0,3.0,0.0,38.0
63,64,2.0,3.0,3.0,1.0,4.0,1.0331936000000042,-20.5,15.0,0.4600000000000001,color,size,orientation,0.38,-11.5,15,female,0,2711.3404572,0,28,0.0,0.0,2.0,0.0,1.0,0.0,4.0,0.0,39.0
64,65,2.0,3.0,3.0,1.0,4.0,0.9008767000000262,-79.0,22.0,0.4600000000000001,color,size,orientation,0.38,-11.5,15,female,0,2711.3404572,0,28,0.0,0.0,2.0,0.0,0.0,0.0,5.0,0.0,40.0
65,66,2.0,2.0,2.0,1.0,4.0,1.5168224999999893,74.0,23.0,0.14,color,size,orientation,0.38,-11.5,15,female,0,2711.3404572,0,28,0.0,0.0,2.0,0.0,0.0,0.0,6.0,0.0,41.0
66,67,2.0,1.0,0.0,0.0,4.0,2.334371999999803,-56.5,6.0,0.26,color,size,orientation,0.38,-11.5,15,female,0,2711.3404572,0,28,0.0,1.0,2.0,0.0,0.0,0.0,7.0,0.0,42.0
67,68,2.0,0.0,0.0,1.0,4.0,1.9994363999999225,87.5,10.0,0.22,color,size,orientation,0.38,-11.5,15,female,0,2711.3404572,1,28,0.0,0.0,2.0,0.0,-1.0,0.0,8.0,0.0,43.0
68,69,2.0,3.0,2.0,0.0,4.0,3.4665434999999434,20.0,17.0,0.3400000000000001,color,size,orientation,0.38,-11.5,15,female,0,2711.3404572,0,28,0.0,1.0,2.0,0.0,1.0,0.0,9.0,0.0,44.0
69,70,2.0,2.0,3.0,0.0,4.0,3.349224400000139,47.0,15.0,0.38,color,size,orientation,0.38,-11.5,15,female,0,2711.3404572,1,28,0.0,1.0,2.0,0.0,-1.0,0.0,10.0,0.0,45.0
70,71,2.0,0.0,0.0,1.0,4.0,3.41649510000002,-34.0,6.0,0.1,color,size,orientation,0.38,-11.5,15,female,0,2711.3404572,1,28,0.0,0.0,2.0,0.0,0.0,0.0,11.0,0.0,46.0
71,72,2.0,0.0,0.0,1.0,4.0,6.817780500000026,-29.5,10.0,0.3400000000000001,color,size,orientation,0.38,-11.5,15,female,0,2711.3404572,0,28,0.0,0.0,2.0,0.0,1.0,0.0,12.0,0.0,47.0
72,73,2.0,1.0,1.0,1.0,4.0,3.682910799999945,78.5,2.0,0.4600000000000001,color,size,orientation,0.38,-11.5,15,female,0,2711.3404572,0,28,0.0,0.0,2.0,0.0,0.0,0.0,13.0,0.0,48.0
73,74,2.0,2.0,2.0,1.0,4.0,2.517043100000137,-38.5,24.0,0.1,color,size,orientation,0.38,-11.5,15,female,0,2711.3404572,0,28,0.0,0.0,2.0,0.0,0.0,0.0,14.0,0.0,49.0
74,75,2.0,1.0,1.0,1.0,4.0,1.5172313999999003,51.5,9.0,0.42,color,size,orientation,0.38,-11.5,15,female,0,2711.3404572,0,28,0.0,0.0,2.0,0.0,0.0,0.0,15.0,0.0,50.0
75,76,2.0,2.0,2.0,1.0,4.0,3.2161287999999786,-74.5,18.0,0.3400000000000001,color,size,orientation,0.38,-11.5,15,female,0,2711.3404572,0,28,0.0,0.0,2.0,0.0,0.0,0.0,16.0,0.0,51.0
76,77,2.0,0.0,1.0,0.0,4.0,4.167265599999837,65.0,5.0,0.38,color,size,orientation,0.38,-11.5,15,female,0,2711.3404572,0,28,0.0,1.0,2.0,0.0,0.0,0.0,17.0,0.0,52.0
77,78,2.0,1.0,1.0,1.0,4.0,6.582874400000037,74.0,8.0,0.42,color,size,orientation,0.38,-11.5,15,female,0,2711.3404572,1,28,0.0,0.0,2.0,0.0,-1.0,0.0,18.0,0.0,53.0
78,79,2.0,0.0,0.0,1.0,4.0,2.316975799999909,-83.5,7.0,0.3400000000000001,color,size,orientation,0.38,-11.5,15,female,0,2711.3404572,0,28,0.0,0.0,2.0,0.0,1.0,0.0,19.0,0.0,54.0
79,80,2.0,0.0,0.0,1.0,4.0,0.9502350000000206,-38.5,9.0,0.18,color,size,orientation,0.38,-11.5,15,female,0,2711.3404572,0,28,0.0,0.0,2.0,0.0,0.0,0.0,20.0,0.0,55.0
80,81,2.0,2.0,2.0,1.0,4.0,2.082980500000076,51.5,15.0,0.18,color,size,orientation,0.38,-11.5,15,female,0,2711.3404572,0,28,0.0,0.0,2.0,0.0,0.0,0.0,21.0,0.0,56.0
81,82,2.0,2.0,2.0,1.0,4.0,1.134039600000051,60.5,20.0,0.22,color,size,orientation,0.38,-11.5,15,female,0,2711.3404572,0,28,0.0,0.0,2.0,0.0,0.0,0.0,22.0,0.0,57.0
82,83,2.0,3.0,3.0,1.0,4.0,2.516707100000076,-61.0,15.0,0.42,color,size,orientation,0.38,-11.5,15,female,0,2711.3404572,0,28,0.0,0.0,2.0,0.0,0.0,0.0,23.0,0.0,58.0
83,84,2.0,2.0,2.0,1.0,4.0,1.400472400000126,-61.0,14.0,0.26,color,size,orientation,0.38,-11.5,15,female,0,2711.3404572,0,28,0.0,0.0,2.0,0.0,0.0,0.0,24.0,0.0,59.0
84,85,2.0,0.0,0.0,1.0,4.0,1.6653197999999063,-11.5,5.0,0.22,color,size,orientation,0.38,-11.5,15,female,0,2711.3404572,0,28,0.0,0.0,2.0,0.0,0.0,0.0,25.0,0.0,60.0
85,86,2.0,0.0,0.0,1.0,4.0,0.9674433000000136,-38.5,1.0,0.18,color,size,orientation,0.38,-11.5,15,female,0,2711.3404572,0,28,0.0,0.0,2.0,0.0,0.0,0.0,26.0,0.0,61.0
86,87,2.0,3.0,3.0,1.0,4.0,2.533296000000064,83.0,20.0,0.38,color,size,orientation,0.38,-11.5,15,female,0,2711.3404572,0,28,0.0,0.0,2.0,0.0,0.0,0.0,27.0,0.0,62.0
87,88,3.0,2.0,3.0,0.0,8.0,7.965450899999951,83.0,9.0,0.4600000000000001,color,size,orientation,0.38,-11.5,15,female,0,2711.3404572,1,28,0.0,0.0,1.0,0.0,0.0,0.0,28.0,1.0,0.0
88,89,3.0,1.0,1.0,1.0,8.0,6.248770800000102,42.5,8.0,0.18,color,size,orientation,0.38,-11.5,15,female,0,2711.3404572,1,28,0.0,0.0,0.0,0.0,0.0,1.0,29.0,2.0,0.0
89,90,3.0,1.0,1.0,1.0,8.0,5.400296600000047,47.0,6.0,0.22,color,size,orientation,0.38,-11.5,15,female,0,2711.3404572,0,28,0.0,0.0,0.0,0.0,0.0,1.0,30.0,3.0,0.0
90,91,3.0,0.0,1.0,0.0,8.0,5.1665140000000065,-2.5,3.0,0.22,color,size,orientation,0.38,-11.5,15,female,0,2711.3404572,0,28,0.0,0.0,1.0,0.0,0.0,0.0,31.0,4.0,0.0
91,92,3.0,0.0,0.0,1.0,8.0,4.749439700000039,-52.0,6.0,0.3400000000000001,color,size,orientation,0.38,-11.5,15,female,0,2711.3404572,1,28,0.0,0.0,0.0,0.0,0.0,-1.0,32.0,5.0,0.0
92,93,3.0,3.0,3.0,1.0,8.0,5.7995363,78.5,11.0,0.42,color,size,orientation,0.38,-11.5,15,female,0,2711.3404572,0,28,0.0,0.0,0.0,0.0,0.0,1.0,33.0,6.0,0.0
93,94,3.0,0.0,0.0,1.0,8.0,3.332909900000004,-16.0,6.0,0.26,color,size,orientation,0.38,-11.5,15,female,0,2711.3404572,0,28,0.0,0.0,0.0,0.0,0.0,0.0,34.0,7.0,0.0
94,95,3.0,5.0,5.0,1.0,8.0,3.034649100000024,65.0,16.0,0.26,color,size,orientation,0.38,-11.5,15,female,0,2711.3404572,0,28,0.0,0.0,0.0,0.0,0.0,0.0,35.0,8.0,0.0
95,96,3.0,5.0,5.0,1.0,8.0,7.332754300000033,65.0,24.0,0.3,color,size,orientation,0.38,-11.5,15,female,0,2711.3404572,0,28,0.0,0.0,0.0,0.0,0.0,0.0,36.0,9.0,0.0
96,97,3.0,1.0,1.0,1.0,8.0,3.099908599999935,78.5,3.0,0.22,color,size,orientation,0.38,-11.5,15,female,0,2711.3404572,0,28,0.0,0.0,0.0,0.0,0.0,0.0,37.0,10.0,0.0
97,98,3.0,1.0,1.0,1.0,8.0,2.2334502999999586,33.5,1.0,0.18,color,size,orientation,0.38,-11.5,15,female,0,2711.3404572,0,28,0.0,0.0,0.0,0.0,0.0,0.0,38.0,11.0,0.0
98,99,3.0,1.0,3.0,0.0,8.0,6.300306800000044,38.0,2.0,0.38,color,size,orientation,0.38,-11.5,15,female,0,2711.3404572,0,28,0.0,0.0,1.0,0.0,0.0,0.0,39.0,12.0,0.0
99,100,3.0,3.0,3.0,1.0,8.0,5.216095799999948,6.5,11.0,0.38,color,size,orientation,0.38,-11.5,15,female,0,2711.3404572,1,28,0.0,0.0,0.0,0.0,0.0,-1.0,40.0,13.0,0.0
100,101,3.0,4.0,4.0,1.0,8.0,1.965973399999939,-79.0,14.0,0.18,color,size,orientation,0.38,-11.5,15,female,0,2711.3404572,0,28,0.0,0.0,0.0,0.0,0.0,1.0,41.0,14.0,0.0
101,102,3.0,1.0,1.0,1.0,8.0,2.5662285999999312,11.0,1.0,0.3,color,size,orientation,0.38,-11.5,15,female,0,2711.3404572,0,28,0.0,0.0,0.0,0.0,0.0,0.0,42.0,15.0,0.0
102,103,3.0,0.0,0.0,1.0,8.0,3.833066200000076,-34.0,11.0,0.3400000000000001,color,size,orientation,0.38,-11.5,15,female,0,2711.3404572,0,28,0.0,0.0,0.0,0.0,0.0,0.0,43.0,16.0,0.0
103,104,3.0,5.0,5.0,1.0,8.0,4.350412600000027,11.0,17.0,0.1,color,size,orientation,0.38,-11.5,15,female,0,2711.3404572,0,28,0.0,0.0,0.0,0.0,0.0,0.0,44.0,17.0,0.0
104,105,3.0,4.0,4.0,1.0,8.0,2.8172850000000835,-38.5,16.0,0.26,color,size,orientation,0.38,-11.5,15,female,0,2711.3404572,0,28,0.0,0.0,0.0,0.0,0.0,0.0,45.0,18.0,0.0
105,106,3.0,4.0,4.0,1.0,8.0,1.8839938999999504,-16.0,22.0,0.22,color,size,orientation,0.38,-11.5,15,female,0,2711.3404572,0,28,0.0,0.0,0.0,0.0,0.0,0.0,46.0,19.0,0.0
106,107,3.0,3.0,3.0,1.0,8.0,1.8666928000000096,33.5,7.0,0.42,color,size,orientation,0.38,-11.5,15,female,0,2711.3404572,0,28,0.0,0.0,0.0,0.0,0.0,0.0,47.0,20.0,0.0
107,108,3.0,4.0,7.0,0.0,8.0,2.566722599999821,-2.5,15.0,0.38,color,size,orientation,0.38,-11.5,15,female,0,2711.3404572,0,28,0.0,0.0,2.0,0.0,0.0,0.0,48.0,21.0,0.0
108,109,3.0,7.0,7.0,1.0,8.0,4.767385900000136,78.5,17.0,0.42,color,size,orientation,0.38,-11.5,15,female,0,2711.3404572,1,28,0.0,0.0,0.0,0.0,0.0,-2.0,49.0,22.0,0.0
109,110,3.0,6.0,6.0,1.0,8.0,6.582312500000171,-70.0,13.0,0.42,color,size,orientation,0.38,-11.5,15,female,0,2711.3404572,0,28,0.0,0.0,0.0,0.0,0.0,2.0,50.0,23.0,0.0
110,111,3.0,0.0,0.0,1.0,8.0,7.648588000000018,-38.5,12.0,0.22,color,size,orientation,0.38,-11.5,15,female,0,2711.3404572,0,28,0.0,0.0,0.0,0.0,0.0,0.0,51.0,24.0,0.0
111,112,3.0,4.0,4.0,1.0,8.0,4.533047199999828,-74.5,24.0,0.3400000000000001,color,size,orientation,0.38,-11.5,15,female,0,2711.3404572,0,28,0.0,0.0,0.0,0.0,0.0,0.0,52.0,25.0,0.0
112,113,3.0,2.0,2.0,1.0,8.0,3.083806000000095,-79.0,10.0,0.42,color,size,orientation,0.38,-11.5,15,female,0,2711.3404572,0,28,0.0,0.0,0.0,0.0,0.0,0.0,53.0,26.0,0.0
113,114,3.0,4.0,4.0,1.0,8.0,3.800000799999907,-83.5,18.0,0.3,color,size,orientation,0.38,-11.5,15,female,0,2711.3404572,0,28,0.0,0.0,0.0,0.0,0.0,0.0,54.0,27.0,0.0
114,115,3.0,2.0,2.0,1.0,8.0,2.4158910000001015,-88.0,5.0,0.4600000000000001,color,size,orientation,0.38,-11.5,15,female,0,2711.3404572,0,28,0.0,0.0,0.0,0.0,0.0,0.0,55.0,28.0,0.0
115,116,3.0,5.0,5.0,1.0,8.0,3.2504672000000028,42.5,13.0,0.3,color,size,orientation,0.38,-11.5,15,female,0,2711.3404572,0,28,0.0,0.0,0.0,0.0,0.0,0.0,56.0,29.0,0.0
116,117,3.0,0.0,0.0,1.0,8.0,2.550975200000039,-61.0,10.0,0.3,color,size,orientation,0.38,-11.5,15,female,0,2711.3404572,0,28,0.0,0.0,0.0,0.0,0.0,0.0,57.0,30.0,0.0
117,118,3.0,5.0,5.0,1.0,8.0,8.733855500000118,6.5,19.0,0.3400000000000001,color,size,orientation,0.38,-11.5,15,female,0,2711.3404572,0,28,0.0,0.0,0.0,0.0,0.0,0.0,58.0,31.0,0.0
118,119,3.0,2.0,2.0,1.0,8.0,9.81653439999991,-47.5,6.0,0.4600000000000001,color,size,orientation,0.38,-11.5,15,female,0,2711.3404572,1,28,0.0,0.0,0.0,0.0,0.0,0.0,59.0,32.0,0.0
119,120,3.0,4.0,4.0,1.0,8.0,4.051197499999944,-83.5,19.0,0.26,color,size,orientation,0.38,-11.5,15,female,0,2711.3404572,0,28,0.0,0.0,0.0,0.0,0.0,0.0,60.0,33.0,0.0
120,121,3.0,4.0,4.0,1.0,8.0,1.6499155000001338,-79.0,18.0,0.3400000000000001,color,size,orientation,0.38,-11.5,15,female,0,2711.3404572,0,28,0.0,0.0,0.0,0.0,0.0,0.0,61.0,34.0,0.0
121,122,3.0,5.0,5.0,1.0,8.0,5.134629700000005,29.0,18.0,0.26,color,size,orientation,0.38,-11.5,15,female,0,2711.3404572,0,28,0.0,0.0,0.0,0.0,0.0,0.0,62.0,35.0,0.0
122,123,3.0,0.0,1.0,0.0,8.0,2.1149153000001206,-11.5,6.0,0.14,color,size,orientation,0.38,-11.5,15,female,0,2711.3404572,0,28,0.0,0.0,1.0,0.0,0.0,0.0,63.0,36.0,0.0
123,124,3.0,6.0,7.0,0.0,8.0,4.265869600000087,-2.5,23.0,0.4600000000000001,color,size,orientation,0.38,-11.5,15,female,0,2711.3404572,1,28,0.0,0.0,1.0,0.0,0.0,-1.0,64.0,37.0,0.0
124,125,3.0,0.0,0.0,1.0,8.0,13.616227600000002,-83.5,9.0,0.3400000000000001,color,size,orientation,0.38,-11.5,15,female,0,2711.3404572,1,28,0.0,0.0,0.0,0.0,0.0,0.0,65.0,38.0,0.0
125,126,3.0,4.0,5.0,0.0,8.0,2.817240800000036,6.5,24.0,0.1,color,size,orientation,0.38,-11.5,15,female,0,2711.3404572,0,28,0.0,0.0,1.0,0.0,0.0,1.0,66.0,39.0,0.0
126,127,3.0,0.0,1.0,0.0,8.0,5.232117899999821,-11.5,1.0,0.3,color,size,orientation,0.38,-11.5,15,female,0,2711.3404572,1,28,0.0,0.0,1.0,0.0,0.0,-1.0,67.0,40.0,0.0
127,128,3.0,1.0,1.0,1.0,8.0,8.249899700000014,20.0,0.0,0.3400000000000001,color,size,orientation,0.38,-11.5,15,female,0,2711.3404572,1,28,0.0,0.0,0.0,0.0,0.0,0.0,68.0,41.0,0.0
128,129,3.0,1.0,1.0,1.0,8.0,4.165785599999936,74.0,3.0,0.22,color,size,orientation,0.38,-11.5,15,female,0,2711.3404572,0,28,0.0,0.0,0.0,0.0,0.0,1.0,69.0,42.0,0.0
129,130,3.0,1.0,1.0,1.0,8.0,3.6333744999999458,29.0,11.0,0.26,color,size,orientation,0.38,-11.5,15,female,0,2711.3404572,0,28,0.0,0.0,0.0,0.0,0.0,0.0,70.0,43.0,0.0
130,131,3.0,1.0,1.0,1.0,8.0,4.200285000000122,87.5,3.0,0.22,color,size,orientation,0.38,-11.5,15,female,0,2711.3404572,0,28,0.0,0.0,0.0,0.0,0.0,0.0,71.0,44.0,0.0
131,132,3.0,0.0,0.0,1.0,8.0,3.3823707999999897,-29.5,12.0,0.3,color,size,orientation,0.38,-11.5,15,female,0,2711.3404572,0,28,0.0,0.0,0.0,0.0,0.0,0.0,72.0,45.0,0.0
132,133,3.0,1.0,1.0,1.0,8.0,1.5496381000000383,11.0,8.0,0.14,color,size,orientation,0.38,-11.5,15,female,0,2711.3404572,0,28,0.0,0.0,0.0,0.0,0.0,0.0,73.0,46.0,0.0
133,134,3.0,5.0,5.0,1.0,8.0,3.4328941000001123,15.5,21.0,0.14,color,size,orientation,0.38,-11.5,15,female,0,2711.3404572,0,28,0.0,0.0,0.0,0.0,0.0,0.0,74.0,47.0,0.0
134,135,3.0,7.0,7.0,1.0,8.0,3.766537099999823,74.0,19.0,0.4600000000000001,color,size,orientation,0.38,-11.5,15,female,0,2711.3404572,0,28,0.0,0.0,0.0,0.0,0.0,0.0,75.0,48.0,0.0
135,136,3.0,4.0,4.0,1.0,8.0,3.0006812000001446,-43.0,24.0,0.3,color,size,orientation,0.38,-11.5,15,female,0,2711.3404572,0,28,0.0,0.0,0.0,0.0,0.0,0.0,76.0,49.0,0.0
136,137,3.0,4.0,4.0,1.0,8.0,1.9505083000001375,-25.0,20.0,0.3,color,size,orientation,0.38,-11.5,15,female,0,2711.3404572,0,28,0.0,0.0,0.0,0.0,0.0,0.0,77.0,50.0,0.0
137,138,3.0,7.0,7.0,1.0,8.0,3.3319702000001143,87.5,16.0,0.42,color,size,orientation,0.38,-11.5,15,female,0,2711.3404572,1,28,0.0,0.0,0.0,0.0,0.0,0.0,78.0,51.0,0.0
138,139,3.0,5.0,5.0,1.0,8.0,2.5330432000000656,33.5,16.0,0.22,color,size,orientation,0.38,-11.5,15,female,0,2711.3404572,0,28,0.0,0.0,0.0,0.0,0.0,0.0,79.0,52.0,0.0
139,140,3.0,4.0,4.0,1.0,8.0,2.283630599999924,-61.0,23.0,0.22,color,size,orientation,0.38,-11.5,15,female,0,2711.3404572,0,28,0.0,0.0,0.0,0.0,0.0,0.0,80.0,53.0,0.0
140,141,3.0,2.0,2.0,1.0,8.0,2.083435899999813,-29.5,10.0,0.4600000000000001,color,size,orientation,0.38,-11.5,15,female,0,2711.3404572,0,28,0.0,0.0,0.0,0.0,0.0,0.0,81.0,54.0,0.0
141,142,3.0,1.0,1.0,1.0,8.0,8.150051699999949,65.0,0.0,0.14,color,size,orientation,0.38,-11.5,15,female,0,2711.3404572,0,28,0.0,0.0,0.0,0.0,0.0,0.0,82.0,55.0,0.0
142,143,3.0,4.0,5.0,0.0,8.0,7.400142799999912,-2.5,18.0,0.1,color,size,orientation,0.38,-11.5,15,female,0,2711.3404572,0,28,0.0,0.0,1.0,0.0,0.0,0.0,83.0,56.0,0.0
143,144,3.0,0.0,1.0,0.0,8.0,8.600017200000138,-2.5,0.0,0.3,color,size,orientation,0.38,-11.5,15,female,0,2711.3404572,1,28,0.0,0.0,1.0,0.0,0.0,-1.0,84.0,57.0,0.0
144,145,3.0,1.0,1.0,1.0,8.0,6.050134099999923,74.0,6.0,0.26,color,size,orientation,0.38,-11.5,15,female,0,2711.3404572,1,28,0.0,0.0,0.0,0.0,0.0,0.0,85.0,58.0,0.0
145,146,3.0,0.0,0.0,1.0,8.0,2.4995788999999604,-83.5,6.0,0.3400000000000001,color,size,orientation,0.38,-11.5,15,female,0,2711.3404572,0,28,0.0,0.0,0.0,0.0,0.0,1.0,86.0,59.0,0.0
146,147,3.0,5.0,7.0,0.0,8.0,3.316433400000051,65.0,17.0,0.38,color,size,orientation,0.38,-11.5,15,female,0,2711.3404572,0,28,0.0,0.0,1.0,0.0,0.0,0.0,87.0,60.0,0.0
147,148,3.0,0.0,0.0,1.0,8.0,2.133630099999891,-25.0,6.0,0.14,color,size,orientation,0.38,-11.5,15,female,0,2711.3404572,1,28,0.0,0.0,0.0,0.0,0.0,-1.0,88.0,61.0,0.0
148,149,3.0,5.0,5.0,1.0,8.0,2.950069400000075,51.5,18.0,0.26,color,size,orientation,0.38,-11.5,15,female,0,2711.3404572,0,28,0.0,0.0,0.0,0.0,0.0,1.0,89.0,62.0,0.0
149,150,3.0,2.0,2.0,1.0,8.0,2.8498936000000867,-70.0,9.0,0.42,color,size,orientation,0.38,-11.5,15,female,0,2711.3404572,0,28,0.0,0.0,0.0,0.0,0.0,0.0,90.0,63.0,0.0
150,151,3.0,6.0,6.0,1.0,8.0,4.633856199999855,-65.5,13.0,0.4600000000000001,color,size,orientation,0.38,-11.5,15,female,0,2711.3404572,0,28,0.0,0.0,0.0,0.0,0.0,0.0,91.0,64.0,0.0
151,152,3.0,3.0,3.0,1.0,8.0,2.8832047000000784,56.0,12.0,0.4600000000000001,color,size,orientation,0.38,-11.5,15,female,0,2711.3404572,0,28,0.0,0.0,0.0,0.0,0.0,0.0,92.0,65.0,0.0
152,153,3.0,1.0,1.0,1.0,8.0,3.650332999999818,51.5,0.0,0.14,color,size,orientation,0.38,-11.5,15,female,0,2711.3404572,0,28,0.0,0.0,0.0,0.0,0.0,0.0,93.0,66.0,0.0
153,154,3.0,5.0,7.0,0.0,8.0,6.7494894000001295,33.5,20.0,0.38,color,size,orientation,0.38,-11.5,15,female,0,2711.3404572,0,28,0.0,0.0,1.0,0.0,0.0,0.0,94.0,67.0,0.0
154,155,3.0,7.0,7.0,1.0,8.0,3.150222400000075,20.0,20.0,0.38,color,size,orientation,0.38,-11.5,15,female,0,2711.3404572,1,28,0.0,0.0,0.0,0.0,0.0,-1.0,95.0,68.0,0.0
155,156,3.0,1.0,1.0,1.0,8.0,4.13371589999997,29.0,4.0,0.3,color,size,orientation,0.38,-11.5,15,female,0,2711.3404572,0,28,0.0,0.0,0.0,0.0,0.0,1.0,96.0,69.0,0.0
156,157,3.0,4.0,5.0,0.0,8.0,8.899790799999892,-11.5,18.0,0.3,color,size,orientation,0.38,-11.5,15,female,0,2711.3404572,0,28,0.0,0.0,1.0,0.0,0.0,0.0,97.0,70.0,0.0
157,158,3.0,4.0,4.0,1.0,8.0,3.7167188000000806,-25.0,15.0,0.14,color,size,orientation,0.38,-11.5,15,female,0,2711.3404572,1,28,0.0,0.0,0.0,0.0,0.0,-1.0,98.0,71.0,0.0
158,159,3.0,7.0,7.0,1.0,8.0,3.9174434000001384,-7.0,13.0,0.42,color,size,orientation,0.38,-11.5,15,female,0,2711.3404572,0,28,0.0,0.0,0.0,0.0,0.0,1.0,99.0,72.0,0.0
159,160,3.0,5.0,5.0,1.0,8.0,4.566386499999908,78.5,16.0,0.26,color,size,orientation,0.38,-11.5,15,female,0,2711.3404572,0,28,0.0,0.0,0.0,0.0,0.0,0.0,100.0,73.0,0.0
160,161,3.0,0.0,0.0,1.0,8.0,2.684250900000052,-83.5,6.0,0.3,color,size,orientation,0.38,-11.5,15,female,0,2711.3404572,0,28,0.0,0.0,0.0,0.0,0.0,0.0,101.0,74.0,0.0
161,162,3.0,4.0,4.0,1.0,8.0,3.3162611999998717,-20.5,20.0,0.14,color,size,orientation,0.38,-11.5,15,female,0,2711.3404572,0,28,0.0,0.0,0.0,0.0,0.0,0.0,102.0,75.0,0.0
162,163,3.0,0.0,0.0,1.0,8.0,2.683344799999986,-34.0,4.0,0.18,color,size,orientation,0.38,-11.5,15,female,0,2711.3404572,0,28,0.0,0.0,0.0,0.0,0.0,0.0,103.0,76.0,0.0
163,164,3.0,5.0,5.0,1.0,8.0,2.5341011000000435,38.0,13.0,0.14,color,size,orientation,0.38,-11.5,15,female,0,2711.3404572,0,28,0.0,0.0,0.0,0.0,0.0,0.0,104.0,77.0,0.0
164,165,3.0,0.0,1.0,0.0,8.0,9.48353300000008,-7.0,1.0,0.26,color,size,orientation,0.38,-11.5,15,female,0,2711.3404572,0,28,0.0,0.0,1.0,0.0,0.0,0.0,105.0,78.0,0.0
165,166,3.0,2.0,0.0,0.0,8.0,15.583849999999984,-74.5,0.0,0.3400000000000001,color,size,orientation,0.38,-11.5,15,female,0,2711.3404572,1,28,0.0,0.0,1.0,0.0,0.0,-1.0,106.0,79.0,0.0
166,167,2.0,0.0,0.0,1.0,4.0,2.483786000000009,42.5,12.0,0.1,color,size,orientation,0.38,-11.5,15,female,0,2711.3404572,1,28,0.0,0.0,1.0,0.0,0.0,-1.0,107.0,0.0,1.0
167,168,2.0,3.0,3.0,1.0,4.0,3.0174597000000176,-25.0,15.0,0.42,color,size,orientation,0.38,-11.5,15,female,0,2711.3404572,0,28,0.0,0.0,1.0,0.0,0.0,-1.0,108.0,0.0,2.0
168,169,2.0,1.0,1.0,1.0,4.0,1.415854999999965,87.5,4.0,0.4600000000000001,color,size,orientation,0.38,-11.5,15,female,0,2711.3404572,0,28,0.0,0.0,1.0,0.0,0.0,-1.0,109.0,0.0,3.0
169,170,2.0,2.0,2.0,1.0,4.0,0.9343082000000322,-7.0,16.0,0.22,color,size,orientation,0.38,-11.5,15,female,0,2711.3404572,0,28,0.0,0.0,1.0,0.0,0.0,-1.0,110.0,0.0,4.0
170,171,2.0,1.0,1.0,1.0,4.0,1.3346757000001617,74.0,3.0,0.38,color,size,orientation,0.38,-11.5,15,female,0,2711.3404572,0,28,0.0,0.0,1.0,0.0,0.0,-1.0,111.0,0.0,5.0
171,172,2.0,2.0,2.0,1.0,4.0,2.3496334000001298,56.0,16.0,0.3,color,size,orientation,0.38,-11.5,15,female,0,2711.3404572,0,28,0.0,0.0,1.0,0.0,0.0,-1.0,112.0,0.0,6.0
172,173,2.0,2.0,2.0,1.0,4.0,1.267148799999859,-16.0,23.0,0.26,color,size,orientation,0.38,-11.5,15,female,0,2711.3404572,0,28,0.0,0.0,1.0,0.0,0.0,-1.0,113.0,0.0,7.0
173,174,2.0,2.0,2.0,1.0,4.0,0.8165751000001364,51.5,22.0,0.14,color,size,orientation,0.38,-11.5,15,female,0,2711.3404572,0,28,0.0,0.0,1.0,0.0,0.0,-1.0,114.0,0.0,8.0
174,175,2.0,0.0,0.0,1.0,4.0,1.3502447999999276,-47.5,1.0,0.22,color,size,orientation,0.38,-11.5,15,female,0,2711.3404572,0,28,0.0,0.0,1.0,0.0,0.0,-1.0,115.0,0.0,9.0
175,176,2.0,2.0,2.0,1.0,4.0,0.8502849999999853,-38.5,15.0,0.18,color,size,orientation,0.38,-11.5,15,female,0,2711.3404572,0,28,0.0,0.0,1.0,0.0,0.0,-1.0,116.0,0.0,10.0
176,177,3.0,2.0,2.0,1.0,8.0,4.750229799999943,-65.5,8.0,0.42,color,size,orientation,0.38,-11.5,15,female,0,2711.3404572,1,28,0.0,0.0,0.0,0.0,0.0,0.0,117.0,1.0,0.0
177,178,3.0,3.0,3.0,1.0,8.0,2.016740400000117,69.5,1.0,0.4600000000000001,color,size,orientation,0.38,-11.5,15,female,0,2711.3404572,0,28,0.0,0.0,0.0,0.0,0.0,1.0,118.0,2.0,0.0
178,179,3.0,0.0,0.0,1.0,8.0,4.883391899999879,-83.5,7.0,0.3400000000000001,color,size,orientation,0.38,-11.5,15,female,0,2711.3404572,0,28,0.0,0.0,0.0,0.0,0.0,0.0,119.0,3.0,0.0
179,180,3.0,1.0,1.0,1.0,8.0,2.750444199999947,38.0,12.0,0.22,color,size,orientation,0.38,-11.5,15,female,0,2711.3404572,0,28,0.0,0.0,0.0,0.0,0.0,0.0,120.0,4.0,0.0
180,181,3.0,5.0,5.0,1.0,8.0,2.5995151999998143,38.0,13.0,0.22,color,size,orientation,0.38,-11.5,15,female,0,2711.3404572,0,28,0.0,0.0,0.0,0.0,0.0,0.0,121.0,5.0,0.0
181,182,3.0,0.0,0.0,1.0,8.0,2.2998605999998745,-52.0,10.0,0.26,color,size,orientation,0.38,-11.5,15,female,0,2711.3404572,0,28,0.0,0.0,0.0,0.0,0.0,0.0,122.0,6.0,0.0
182,183,3.0,5.0,5.0,1.0,8.0,3.5002741000000697,15.5,17.0,0.3400000000000001,color,size,orientation,0.38,-11.5,15,female,0,2711.3404572,0,28,0.0,0.0,0.0,0.0,0.0,0.0,123.0,7.0,0.0
183,184,3.0,4.0,6.0,0.0,8.0,3.433657999999923,-47.5,24.0,0.38,color,size,orientation,0.38,-11.5,15,female,0,2711.3404572,0,28,0.0,0.0,1.0,0.0,0.0,0.0,124.0,8.0,0.0
184,185,3.0,6.0,7.0,0.0,8.0,6.598967399999992,-11.5,13.0,0.4600000000000001,color,size,orientation,0.38,-11.5,15,female,0,2711.3404572,1,28,0.0,0.0,1.0,0.0,0.0,-1.0,125.0,9.0,0.0
185,186,3.0,4.0,4.0,1.0,8.0,2.7159609000000273,-43.0,16.0,0.3,color,size,orientation,0.38,-11.5,15,female,0,2711.3404572,1,28,0.0,0.0,0.0,0.0,0.0,0.0,126.0,10.0,0.0
186,187,3.0,6.0,6.0,1.0,8.0,2.616360800000166,-29.5,21.0,0.38,color,size,orientation,0.38,-11.5,15,female,0,2711.3404572,0,28,0.0,0.0,0.0,0.0,0.0,1.0,127.0,11.0,0.0
187,188,3.0,5.0,5.0,1.0,8.0,2.5835171000001083,42.5,21.0,0.1,color,size,orientation,0.38,-11.5,15,female,0,2711.3404572,0,28,0.0,0.0,0.0,0.0,0.0,0.0,128.0,12.0,0.0
188,189,3.0,7.0,7.0,1.0,8.0,4.066836399999829,83.0,19.0,0.4600000000000001,color,size,orientation,0.38,-11.5,15,female,0,2711.3404572,0,28,0.0,0.0,0.0,0.0,0.0,0.0,129.0,13.0,0.0
189,190,3.0,0.0,1.0,0.0,8.0,6.133250099999941,-11.5,5.0,0.3,color,size,orientation,0.38,-11.5,15,female,0,2711.3404572,0,28,0.0,0.0,1.0,0.0,0.0,0.0,130.0,14.0,0.0
190,191,3.0,0.0,0.0,1.0,8.0,4.699139599999853,-43.0,7.0,0.3400000000000001,color,size,orientation,0.38,-11.5,15,female,0,2711.3404572,1,28,0.0,0.0,0.0,0.0,0.0,-1.0,131.0,15.0,0.0
191,192,3.0,3.0,3.0,1.0,8.0,1.783105199999909,78.5,10.0,0.4600000000000001,color,size,orientation,0.38,-11.5,15,female,0,2711.3404572,0,28,0.0,0.0,0.0,0.0,0.0,1.0,132.0,16.0,0.0
192,193,3.0,0.0,0.0,1.0,8.0,2.3493600000001607,-56.5,3.0,0.14,color,size,orientation,0.38,-11.5,15,female,0,2711.3404572,0,28,0.0,0.0,0.0,0.0,0.0,0.0,133.0,17.0,0.0
193,194,3.0,7.0,7.0,1.0,8.0,2.584044499999891,42.5,22.0,0.42,color,size,orientation,0.38,-11.5,15,female,0,2711.3404572,0,28,0.0,0.0,0.0,0.0,0.0,0.0,134.0,18.0,0.0
194,195,3.0,0.0,0.0,1.0,8.0,2.283140900000035,-74.5,11.0,0.1,color,size,orientation,0.38,-11.5,15,female,0,2711.3404572,0,28,0.0,0.0,0.0,0.0,0.0,0.0,135.0,19.0,0.0
195,196,3.0,4.0,4.0,1.0,8.0,5.584129000000075,-25.0,14.0,0.26,color,size,orientation,0.38,-11.5,15,female,0,2711.3404572,0,28,0.0,0.0,0.0,0.0,0.0,0.0,136.0,20.0,0.0
196,197,3.0,7.0,7.0,1.0,8.0,4.966784400000051,15.5,22.0,0.4600000000000001,color,size,orientation,0.38,-11.5,15,female,0,2711.3404572,0,28,0.0,0.0,0.0,0.0,0.0,0.0,137.0,21.0,0.0
197,198,3.0,4.0,4.0,1.0,8.0,5.816380900000013,-20.5,24.0,0.22,color,size,orientation,0.38,-11.5,15,female,0,2711.3404572,0,28,0.0,0.0,0.0,0.0,0.0,0.0,138.0,22.0,0.0
198,199,3.0,1.0,1.0,1.0,8.0,2.7834717000000637,38.0,3.0,0.3400000000000001,color,size,orientation,0.38,-11.5,15,female,0,2711.3404572,0,28,0.0,0.0,0.0,0.0,0.0,0.0,139.0,23.0,0.0
199,200,3.0,1.0,1.0,1.0,8.0,2.617529999999988,15.5,2.0,0.26,color,size,orientation,0.38,-11.5,15,female,0,2711.3404572,0,28,0.0,0.0,0.0,0.0,0.0,0.0,140.0,24.0,0.0
200,201,3.0,6.0,6.0,1.0,8.0,8.767254399999956,-25.0,21.0,0.42,color,size,orientation,0.38,-11.5,15,female,0,2711.3404572,1,28,0.0,0.0,0.0,0.0,0.0,0.0,141.0,25.0,0.0
201,202,3.0,7.0,7.0,1.0,8.0,7.200154500000053,69.5,20.0,0.38,color,size,orientation,0.38,-11.5,15,female,0,2711.3404572,0,28,0.0,0.0,0.0,0.0,0.0,0.0,142.0,26.0,0.0
202,203,3.0,2.0,2.0,1.0,8.0,2.71526259999996,-61.0,1.0,0.38,color,size,orientation,0.38,-11.5,15,female,0,2711.3404572,0,28,0.0,0.0,0.0,0.0,0.0,0.0,143.0,27.0,0.0
203,204,3.0,0.0,0.0,1.0,8.0,3.2325777999999445,-61.0,11.0,0.26,color,size,orientation,0.38,-11.5,15,female,0,2711.3404572,0,28,0.0,0.0,0.0,0.0,0.0,0.0,144.0,28.0,0.0
204,205,3.0,1.0,1.0,1.0,8.0,2.183078900000055,29.0,7.0,0.26,color,size,orientation,0.38,-11.5,15,female,0,2711.3404572,0,28,0.0,0.0,0.0,0.0,0.0,0.0,145.0,29.0,0.0
205,206,3.0,7.0,7.0,1.0,8.0,4.099658600000112,65.0,21.0,0.4600000000000001,color,size,orientation,0.38,-11.5,15,female,0,2711.3404572,0,28,0.0,0.0,0.0,0.0,0.0,0.0,146.0,30.0,0.0
206,207,3.0,5.0,5.0,1.0,8.0,2.083911799999896,20.0,21.0,0.22,color,size,orientation,0.38,-11.5,15,female,0,2711.3404572,0,28,0.0,0.0,0.0,0.0,0.0,0.0,147.0,31.0,0.0
207,208,3.0,2.0,2.0,1.0,8.0,3.65032250000013,-25.0,1.0,0.38,color,size,orientation,0.38,-11.5,15,female,0,2711.3404572,0,28,0.0,0.0,0.0,0.0,0.0,0.0,148.0,32.0,0.0
208,209,3.0,0.0,0.0,1.0,8.0,2.3670219999999063,-29.5,9.0,0.14,color,size,orientation,0.38,-11.5,15,female,0,2711.3404572,0,28,0.0,0.0,0.0,0.0,0.0,0.0,149.0,33.0,0.0
209,210,3.0,4.0,4.0,1.0,8.0,3.966839899999968,-83.5,19.0,0.3400000000000001,color,size,orientation,0.38,-11.5,15,female,0,2711.3404572,0,28,0.0,0.0,0.0,0.0,0.0,0.0,150.0,34.0,0.0
210,211,3.0,4.0,4.0,1.0,8.0,6.548814600000014,-25.0,16.0,0.3400000000000001,color,size,orientation,0.38,-11.5,15,female,0,2711.3404572,1,28,0.0,0.0,0.0,0.0,0.0,0.0,151.0,35.0,0.0
211,212,3.0,0.0,0.0,1.0,8.0,5.083389499999839,-52.0,8.0,0.22,color,size,orientation,0.38,-11.5,15,female,0,2711.3404572,0,28,0.0,0.0,0.0,0.0,0.0,0.0,152.0,36.0,0.0
212,213,3.0,5.0,5.0,1.0,8.0,8.316890000000058,56.0,20.0,0.3,color,size,orientation,0.38,-11.5,15,female,0,2711.3404572,0,28,0.0,0.0,0.0,0.0,0.0,0.0,153.0,37.0,0.0
213,214,3.0,0.0,0.0,1.0,8.0,2.6999782000000323,-70.0,1.0,0.3,color,size,orientation,0.38,-11.5,15,female,0,2711.3404572,0,28,0.0,0.0,0.0,0.0,0.0,0.0,154.0,38.0,0.0
214,215,3.0,0.0,0.0,1.0,8.0,1.4168323999999757,-29.5,7.0,0.26,color,size,orientation,0.38,-11.5,15,female,0,2711.3404572,0,28,0.0,0.0,0.0,0.0,0.0,0.0,155.0,39.0,0.0
215,216,3.0,6.0,6.0,1.0,8.0,2.383657200000016,-16.0,24.0,0.4600000000000001,color,size,orientation,0.38,-11.5,15,female,0,2711.3404572,0,28,0.0,0.0,0.0,0.0,0.0,0.0,156.0,40.0,0.0
216,217,3.0,4.0,4.0,1.0,8.0,3.501281200000222,-34.0,17.0,0.1,color,size,orientation,0.38,-11.5,15,female,0,2711.3404572,0,28,0.0,0.0,0.0,0.0,0.0,0.0,157.0,41.0,0.0
217,218,3.0,5.0,5.0,1.0,8.0,2.43332119999991,24.5,21.0,0.14,color,size,orientation,0.38,-11.5,15,female,0,2711.3404572,0,28,0.0,0.0,0.0,0.0,0.0,0.0,158.0,42.0,0.0
218,219,3.0,3.0,3.0,1.0,8.0,4.116760399999976,29.0,12.0,0.42,color,size,orientation,0.38,-11.5,15,female,0,2711.3404572,0,28,0.0,0.0,0.0,0.0,0.0,0.0,159.0,43.0,0.0
219,220,3.0,0.0,0.0,1.0,8.0,3.083145000000058,-43.0,2.0,0.14,color,size,orientation,0.38,-11.5,15,female,0,2711.3404572,0,28,0.0,0.0,0.0,0.0,0.0,0.0,160.0,44.0,0.0
220,221,3.0,4.0,4.0,1.0,8.0,3.215618699999822,-56.5,15.0,0.1,color,size,orientation,0.38,-11.5,15,female,0,2711.3404572,1,28,0.0,0.0,0.0,0.0,0.0,0.0,161.0,45.0,0.0
221,222,3.0,1.0,1.0,1.0,8.0,3.38302479999993,65.0,5.0,0.14,color,size,orientation,0.38,-11.5,15,female,0,2711.3404572,0,28,0.0,0.0,0.0,0.0,0.0,0.0,162.0,46.0,0.0
222,223,3.0,4.0,4.0,1.0,8.0,3.8669026000002304,-47.5,18.0,0.18,color,size,orientation,0.38,-11.5,15,female,0,2711.3404572,0,28,0.0,0.0,0.0,0.0,0.0,0.0,163.0,47.0,0.0
223,224,3.0,5.0,5.0,1.0,8.0,3.133137599999827,33.5,20.0,0.26,color,size,orientation,0.38,-11.5,15,female,0,2711.3404572,0,28,0.0,0.0,0.0,0.0,0.0,0.0,164.0,48.0,0.0
224,225,3.0,3.0,3.0,1.0,8.0,4.632691699999668,38.0,11.0,0.4600000000000001,color,size,orientation,0.38,-11.5,15,female,0,2711.3404572,0,28,0.0,0.0,0.0,0.0,0.0,0.0,165.0,49.0,0.0
225,226,3.0,4.0,4.0,1.0,8.0,4.084110799999962,-88.0,22.0,0.1,color,size,orientation,0.38,-11.5,15,female,0,2711.3404572,0,28,0.0,0.0,0.0,0.0,0.0,0.0,166.0,50.0,0.0
226,227,3.0,1.0,1.0,1.0,8.0,4.033212100000128,11.0,4.0,0.18,color,size,orientation,0.38,-11.5,15,female,0,2711.3404572,0,28,0.0,0.0,0.0,0.0,0.0,0.0,167.0,51.0,0.0
227,228,3.0,6.0,6.0,1.0,8.0,3.700294599999779,-74.5,20.0,0.4600000000000001,color,size,orientation,0.38,-11.5,15,female,0,2711.3404572,0,28,0.0,0.0,0.0,0.0,0.0,0.0,168.0,52.0,0.0
228,229,3.0,4.0,4.0,1.0,8.0,2.0498489000001427,-61.0,24.0,0.18,color,size,orientation,0.38,-11.5,15,female,0,2711.3404572,0,28,0.0,0.0,0.0,0.0,0.0,0.0,169.0,53.0,0.0
229,230,3.0,1.0,1.0,1.0,8.0,2.9831927999998697,33.5,9.0,0.18,color,size,orientation,0.38,-11.5,15,female,0,2711.3404572,0,28,0.0,0.0,0.0,0.0,0.0,0.0,170.0,54.0,0.0
230,231,3.0,4.0,5.0,0.0,8.0,4.415364499999669,6.5,16.0,0.26,color,size,orientation,0.38,-11.5,15,female,0,2711.3404572,1,28,0.0,0.0,1.0,0.0,0.0,0.0,171.0,55.0,0.0
231,232,3.0,1.0,1.0,1.0,8.0,6.332516800000121,33.5,6.0,0.3400000000000001,color,size,orientation,0.38,-11.5,15,female,0,2711.3404572,1,28,0.0,0.0,0.0,0.0,0.0,-1.0,172.0,56.0,0.0
232,233,3.0,4.0,7.0,0.0,8.0,6.8325119999999515,2.0,18.0,0.38,color,size,orientation,0.38,-11.5,15,female,0,2711.3404572,0,28,0.0,0.0,2.0,0.0,0.0,1.0,173.0,57.0,0.0
233,234,3.0,7.0,7.0,1.0,8.0,6.450357299999723,60.5,18.0,0.38,color,size,orientation,0.38,-11.5,15,female,0,2711.3404572,1,28,0.0,0.0,0.0,0.0,0.0,-2.0,174.0,58.0,0.0
234,235,3.0,2.0,2.0,1.0,8.0,2.199445900000228,-25.0,11.0,0.4600000000000001,color,size,orientation,0.38,-11.5,15,female,0,2711.3404572,0,28,0.0,0.0,0.0,0.0,0.0,2.0,175.0,59.0,0.0
235,236,3.0,7.0,7.0,1.0,8.0,3.1834278000001177,15.5,16.0,0.38,color,size,orientation,0.38,-11.5,15,female,0,2711.3404572,0,28,0.0,0.0,0.0,0.0,0.0,0.0,176.0,60.0,0.0
236,237,3.0,5.0,5.0,1.0,8.0,3.832854700000098,29.0,14.0,0.3,color,size,orientation,0.38,-11.5,15,female,0,2711.3404572,0,28,0.0,0.0,0.0,0.0,0.0,0.0,177.0,61.0,0.0
237,238,3.0,5.0,5.0,1.0,8.0,2.717595000000074,87.5,13.0,0.22,color,size,orientation,0.38,-11.5,15,female,0,2711.3404572,0,28,0.0,0.0,0.0,0.0,0.0,0.0,178.0,62.0,0.0
238,239,3.0,5.0,5.0,1.0,8.0,3.8511576000000782,6.5,21.0,0.3400000000000001,color,size,orientation,0.38,-11.5,15,female,0,2711.3404572,0,28,0.0,0.0,0.0,0.0,0.0,0.0,179.0,63.0,0.0
239,240,3.0,0.0,1.0,0.0,8.0,5.266698200000064,-11.5,12.0,0.26,color,size,orientation,0.38,-11.5,15,female,0,2711.3404572,0,28,0.0,0.0,1.0,0.0,0.0,0.0,180.0,64.0,0.0
240,241,3.0,0.0,0.0,1.0,8.0,3.6998789999997825,-47.5,10.0,0.18,color,size,orientation,0.38,-11.5,15,female,0,2711.3404572,1,28,0.0,0.0,0.0,0.0,0.0,-1.0,181.0,65.0,0.0
241,242,3.0,2.0,2.0,1.0,8.0,1.9337236999999732,-61.0,9.0,0.4600000000000001,color,size,orientation,0.38,-11.5,15,female,0,2711.3404572,0,28,0.0,0.0,0.0,0.0,0.0,1.0,182.0,66.0,0.0
242,243,3.0,4.0,4.0,1.0,8.0,2.7659985000000233,-43.0,19.0,0.3400000000000001,color,size,orientation,0.38,-11.5,15,female,0,2711.3404572,0,28,0.0,0.0,0.0,0.0,0.0,0.0,183.0,67.0,0.0
243,244,3.0,3.0,3.0,1.0,8.0,2.3163033000000723,69.5,6.0,0.38,color,size,orientation,0.38,-11.5,15,female,0,2711.3404572,0,28,0.0,0.0,0.0,0.0,0.0,0.0,184.0,68.0,0.0
244,245,3.0,1.0,1.0,1.0,8.0,3.06768269999975,83.0,2.0,0.14,color,size,orientation,0.38,-11.5,15,female,0,2711.3404572,0,28,0.0,0.0,0.0,0.0,0.0,0.0,185.0,69.0,0.0
245,246,3.0,4.0,4.0,1.0,8.0,2.8498583999999028,-43.0,22.0,0.26,color,size,orientation,0.38,-11.5,15,female,0,2711.3404572,0,28,0.0,0.0,0.0,0.0,0.0,0.0,186.0,70.0,0.0
246,247,3.0,2.0,2.0,1.0,8.0,5.399267799999961,-43.0,0.0,0.4600000000000001,color,size,orientation,0.38,-11.5,15,female,0,2711.3404572,0,28,0.0,0.0,0.0,0.0,0.0,0.0,187.0,71.0,0.0
247,248,3.0,3.0,3.0,1.0,8.0,1.482751900000039,65.0,1.0,0.4600000000000001,color,size,orientation,0.38,-11.5,15,female,0,2711.3404572,0,28,0.0,0.0,0.0,0.0,0.0,0.0,188.0,72.0,0.0
248,249,3.0,0.0,2.0,0.0,8.0,2.4499588999997286,-47.5,2.0,0.38,color,size,orientation,0.38,-11.5,15,female,0,2711.3404572,0,28,0.0,0.0,1.0,0.0,0.0,0.0,189.0,73.0,0.0
249,250,3.0,0.0,1.0,0.0,8.0,3.415199399999892,-11.5,0.0,0.22,color,size,orientation,0.38,-11.5,15,female,0,2711.3404572,1,28,0.0,0.0,1.0,0.0,0.0,-1.0,190.0,74.0,0.0
250,251,3.0,5.0,5.0,1.0,8.0,6.049640499999896,24.5,13.0,0.22,color,size,orientation,0.38,-11.5,15,female,0,2711.3404572,1,28,0.0,0.0,0.0,0.0,0.0,0.0,191.0,75.0,0.0
251,252,3.0,0.0,1.0,0.0,8.0,3.949915400000009,-7.0,9.0,0.3400000000000001,color,size,orientation,0.38,-11.5,15,female,0,2711.3404572,0,28,0.0,0.0,1.0,0.0,0.0,1.0,192.0,76.0,0.0
252,253,3.0,0.0,0.0,1.0,8.0,1.6322983000000022,-70.0,10.0,0.26,color,size,orientation,0.38,-11.5,15,female,0,2711.3404572,1,28,0.0,0.0,0.0,0.0,0.0,-1.0,193.0,77.0,0.0
253,254,3.0,5.0,7.0,0.0,8.0,3.900496100000055,33.5,21.0,0.38,color,size,orientation,0.38,-11.5,15,female,0,2711.3404572,0,28,0.0,0.0,1.0,0.0,0.0,1.0,194.0,78.0,0.0
254,255,3.0,4.0,4.0,1.0,8.0,2.3158557000001565,-79.0,15.0,0.3,color,size,orientation,0.38,-11.5,15,female,0,2711.3404572,1,28,0.0,0.0,0.0,0.0,0.0,-1.0,195.0,79.0,0.0
255,256,3.0,5.0,7.0,0.0,8.0,3.5506577000001016,11.0,14.0,0.38,color,size,orientation,0.38,-11.5,15,female,0,2711.3404572,0,28,0.0,0.0,1.0,0.0,0.0,1.0,196.0,80.0,0.0
256,257,3.0,0.0,0.0,1.0,8.0,3.000083899999936,-74.5,5.0,0.18,color,size,orientation,0.38,-11.5,15,female,0,2711.3404572,1,28,0.0,0.0,0.0,0.0,0.0,-1.0,197.0,81.0,0.0
257,258,3.0,5.0,5.0,1.0,8.0,3.4830426999997144,74.0,23.0,0.1,color,size,orientation,0.38,-11.5,15,female,0,2711.3404572,0,28,0.0,0.0,0.0,0.0,0.0,1.0,198.0,82.0,0.0
258,259,3.0,3.0,3.0,1.0,8.0,7.665736999999808,83.0,10.0,0.38,color,size,orientation,0.38,-11.5,15,female,0,2711.3404572,0,28,0.0,0.0,0.0,0.0,0.0,0.0,199.0,83.0,0.0
259,260,3.0,7.0,7.0,1.0,8.0,2.1995457000002716,15.5,20.0,0.42,color,size,orientation,0.38,-11.5,15,female,0,2711.3404572,0,28,0.0,0.0,0.0,0.0,0.0,0.0,200.0,84.0,0.0
260,261,3.0,5.0,5.0,1.0,8.0,2.199642699999913,65.0,18.0,0.22,color,size,orientation,0.38,-11.5,15,female,0,2711.3404572,0,28,0.0,0.0,0.0,0.0,0.0,0.0,201.0,85.0,0.0
261,262,3.0,3.0,3.0,1.0,8.0,8.099561700000322,33.5,1.0,0.38,color,size,orientation,0.38,-11.5,15,female,0,2711.3404572,0,28,0.0,0.0,0.0,0.0,0.0,0.0,202.0,86.0,0.0
262,263,3.0,3.0,3.0,1.0,8.0,1.8001021999998557,65.0,11.0,0.42,color,size,orientation,0.38,-11.5,15,female,0,2711.3404572,0,28,0.0,0.0,0.0,0.0,0.0,0.0,203.0,87.0,0.0
263,264,3.0,5.0,5.0,1.0,8.0,3.583731600000192,11.0,17.0,0.22,color,size,orientation,0.38,-11.5,15,female,0,2711.3404572,0,28,0.0,0.0,0.0,0.0,0.0,0.0,204.0,88.0,0.0
264,265,3.0,1.0,1.0,1.0,8.0,3.332973800000218,38.0,8.0,0.14,color,size,orientation,0.38,-11.5,15,female,0,2711.3404572,0,28,0.0,0.0,0.0,0.0,0.0,0.0,205.0,89.0,0.0
265,266,3.0,1.0,1.0,1.0,8.0,2.100931599999967,29.0,8.0,0.3400000000000001,color,size,orientation,0.38,-11.5,15,female,0,2711.3404572,0,28,0.0,0.0,0.0,0.0,0.0,0.0,206.0,90.0,0.0
266,267,3.0,4.0,4.0,1.0,8.0,4.184024799999861,-70.0,21.0,0.26,color,size,orientation,0.38,-11.5,15,female,0,2711.3404572,1,28,0.0,0.0,0.0,0.0,0.0,0.0,207.0,91.0,0.0
267,268,3.0,2.0,2.0,1.0,8.0,2.2837204000002203,-70.0,4.0,0.4600000000000001,color,size,orientation,0.38,-11.5,15,female,0,2711.3404572,0,28,0.0,0.0,0.0,0.0,0.0,0.0,208.0,92.0,0.0
268,269,3.0,5.0,5.0,1.0,8.0,6.133320999999796,33.5,19.0,0.18,color,size,orientation,0.38,-11.5,15,female,0,2711.3404572,0,28,0.0,0.0,0.0,0.0,0.0,0.0,209.0,93.0,0.0
269,270,3.0,1.0,1.0,1.0,8.0,6.099843800000144,6.5,7.0,0.18,color,size,orientation,0.38,-11.5,15,female,0,2711.3404572,0,28,0.0,0.0,0.0,0.0,0.0,0.0,210.0,94.0,0.0
270,271,3.0,1.0,1.0,1.0,8.0,4.384460599999784,56.0,1.0,0.3,color,size,orientation,0.38,-11.5,15,female,0,2711.3404572,0,28,0.0,0.0,0.0,0.0,0.0,0.0,211.0,95.0,0.0
271,272,3.0,7.0,7.0,1.0,8.0,5.566948499999853,24.5,18.0,0.38,color,size,orientation,0.38,-11.5,15,female,0,2711.3404572,0,28,0.0,0.0,0.0,0.0,0.0,0.0,212.0,96.0,0.0
272,273,3.0,0.0,1.0,0.0,8.0,7.416259699999955,2.0,11.0,0.3400000000000001,color,size,orientation,0.38,-11.5,15,female,0,2711.3404572,0,28,0.0,0.0,1.0,0.0,0.0,0.0,213.0,97.0,0.0
273,274,3.0,4.0,4.0,1.0,8.0,11.249207699999715,-43.0,24.0,0.18,color,size,orientation,0.38,-11.5,15,female,0,2711.3404572,1,28,0.0,0.0,0.0,0.0,0.0,-1.0,214.0,98.0,0.0
274,275,3.0,6.0,6.0,1.0,8.0,1.9835511000001136,-61.0,19.0,0.38,color,size,orientation,0.38,-11.5,15,female,0,2711.3404572,0,28,0.0,0.0,0.0,0.0,0.0,1.0,215.0,99.0,0.0
275,276,3.0,1.0,1.0,1.0,8.0,2.516819800000121,2.0,10.0,0.3400000000000001,color,size,orientation,0.38,-11.5,15,female,0,2711.3404572,0,28,0.0,0.0,0.0,0.0,0.0,0.0,216.0,100.0,0.0
276,277,3.0,4.0,5.0,0.0,8.0,3.0498546999997416,-2.5,16.0,0.3,color,size,orientation,0.38,-11.5,15,female,0,2711.3404572,0,28,0.0,0.0,1.0,0.0,0.0,0.0,217.0,101.0,0.0
277,278,3.0,1.0,1.0,1.0,8.0,5.482354700000087,87.5,6.0,0.26,color,size,orientation,0.38,-11.5,15,female,0,2711.3404572,1,28,0.0,0.0,0.0,0.0,0.0,-1.0,218.0,102.0,0.0
278,279,3.0,5.0,7.0,0.0,8.0,5.249326699999983,83.0,24.0,0.38,color,size,orientation,0.38,-11.5,15,female,0,2711.3404572,0,28,0.0,0.0,1.0,0.0,0.0,1.0,219.0,103.0,0.0
279,280,3.0,1.0,1.0,1.0,8.0,2.632043500000236,15.5,11.0,0.14,color,size,orientation,0.38,-11.5,15,female,0,2711.3404572,1,28,0.0,0.0,0.0,0.0,0.0,-1.0,220.0,104.0,0.0
280,281,3.0,2.0,2.0,1.0,8.0,2.1163909000001695,-74.5,9.0,0.38,color,size,orientation,0.38,-11.5,15,female,0,2711.3404572,0,28,0.0,0.0,0.0,0.0,0.0,1.0,221.0,105.0,0.0
281,282,3.0,4.0,4.0,1.0,8.0,4.983260200000132,-74.5,14.0,0.3,color,size,orientation,0.38,-11.5,15,female,0,2711.3404572,0,28,0.0,0.0,0.0,0.0,0.0,0.0,222.0,106.0,0.0
282,283,3.0,1.0,1.0,1.0,8.0,4.416255999999976,2.0,8.0,0.3400000000000001,color,size,orientation,0.38,-11.5,15,female,0,2711.3404572,0,28,0.0,0.0,0.0,0.0,0.0,0.0,223.0,107.0,0.0
283,284,3.0,4.0,4.0,1.0,8.0,1.9480038000001512,-61.0,17.0,0.22,color,size,orientation,0.38,-11.5,15,female,0,2711.3404572,0,28,0.0,0.0,0.0,0.0,0.0,0.0,224.0,108.0,0.0
284,285,3.0,0.0,0.0,1.0,8.0,4.082913599999756,-70.0,12.0,0.1,color,size,orientation,0.38,-11.5,15,female,0,2711.3404572,0,28,0.0,0.0,0.0,0.0,0.0,0.0,225.0,109.0,0.0
285,286,3.0,2.0,2.0,1.0,8.0,5.550538899999992,-56.5,8.0,0.38,color,size,orientation,0.38,-11.5,15,female,0,2711.3404572,0,28,0.0,0.0,0.0,0.0,0.0,0.0,226.0,110.0,0.0
286,287,3.0,0.0,0.0,1.0,8.0,7.116683600000215,-43.0,8.0,0.22,color,size,orientation,0.38,-11.5,15,female,0,2711.3404572,0,28,0.0,0.0,0.0,0.0,0.0,0.0,227.0,111.0,0.0
287,288,3.0,0.0,0.0,1.0,8.0,2.849690499999724,-52.0,0.0,0.14,color,size,orientation,0.38,-11.5,15,female,0,2711.3404572,0,28,0.0,0.0,0.0,0.0,0.0,0.0,228.0,112.0,0.0
288,289,3.0,2.0,0.0,0.0,8.0,2.9007314999998925,-65.5,10.0,0.3400000000000001,color,size,orientation,0.38,-11.5,15,female,0,2711.3404572,0,28,0.0,0.0,1.0,0.0,0.0,0.0,229.0,113.0,0.0
289,290,3.0,0.0,0.0,1.0,8.0,1.7656732000000377,-61.0,6.0,0.22,color,size,orientation,0.38,-11.5,15,female,0,2711.3404572,1,28,0.0,0.0,0.0,0.0,0.0,-1.0,230.0,114.0,0.0
290,291,3.0,0.0,0.0,1.0,8.0,1.316957699999875,-83.5,6.0,0.22,color,size,orientation,0.38,-11.5,15,female,0,2711.3404572,0,28,0.0,0.0,0.0,0.0,0.0,1.0,231.0,115.0,0.0
291,292,3.0,7.0,7.0,1.0,8.0,1.4346949000000675,42.5,21.0,0.4600000000000001,color,size,orientation,0.38,-11.5,15,female,0,2711.3404572,0,28,0.0,0.0,0.0,0.0,0.0,0.0,232.0,116.0,0.0
292,293,3.0,7.0,5.0,0.0,8.0,3.2661083999996663,51.5,16.0,0.3400000000000001,color,size,orientation,0.38,-11.5,15,female,0,2711.3404572,0,28,0.0,0.0,1.0,0.0,0.0,0.0,233.0,117.0,0.0
293,294,3.0,4.0,4.0,1.0,8.0,3.5820192000001043,-83.5,16.0,0.1,color,size,orientation,0.38,-11.5,15,female,0,2711.3404572,1,28,0.0,0.0,0.0,0.0,0.0,-1.0,234.0,118.0,0.0
294,295,3.0,0.0,0.0,1.0,8.0,2.016707999999653,-70.0,9.0,0.1,color,size,orientation,0.38,-11.5,15,female,0,2711.3404572,0,28,0.0,0.0,0.0,0.0,0.0,1.0,235.0,119.0,0.0
295,296,3.0,1.0,1.0,1.0,8.0,4.166414799999984,11.0,0.0,0.3,color,size,orientation,0.38,-11.5,15,female,0,2711.3404572,0,28,0.0,0.0,0.0,0.0,0.0,0.0,236.0,120.0,0.0
296,297,3.0,5.0,5.0,1.0,8.0,2.8498168000000987,78.5,14.0,0.14,color,size,orientation,0.38,-11.5,15,female,0,2711.3404572,0,28,0.0,0.0,0.0,0.0,0.0,0.0,237.0,121.0,0.0
297,298,3.0,2.0,2.0,1.0,8.0,4.066827000000103,-56.5,10.0,0.4600000000000001,color,size,orientation,0.38,-11.5,15,female,0,2711.3404572,0,28,0.0,0.0,0.0,0.0,0.0,0.0,238.0,122.0,0.0
298,299,3.0,5.0,5.0,1.0,8.0,1.816592199999832,56.0,16.0,0.26,color,size,orientation,0.38,-11.5,15,female,0,2711.3404572,0,28,0.0,0.0,0.0,0.0,0.0,0.0,239.0,123.0,0.0
299,300,3.0,7.0,7.0,1.0,8.0,5.083420599999954,87.5,24.0,0.38,color,size,orientation,0.38,-11.5,15,female,0,2711.3404572,0,28,0.0,0.0,0.0,0.0,0.0,0.0,240.0,124.0,0.0
300,301,3.0,4.0,5.0,0.0,8.0,2.499604999999974,-11.5,13.0,0.3,color,size,orientation,0.38,-11.5,15,female,0,2711.3404572,0,28,0.0,0.0,1.0,0.0,0.0,0.0,241.0,125.0,0.0
301,302,3.0,5.0,5.0,1.0,8.0,7.182170800000222,51.5,21.0,0.22,color,size,orientation,0.38,-11.5,15,female,0,2711.3404572,1,28,0.0,0.0,0.0,0.0,0.0,-1.0,242.0,126.0,0.0
302,303,3.0,5.0,5.0,1.0,8.0,4.549366900000223,42.5,15.0,0.3400000000000001,color,size,orientation,0.38,-11.5,15,female,0,2711.3404572,0,28,0.0,0.0,0.0,0.0,0.0,1.0,243.0,127.0,0.0
303,304,3.0,6.0,6.0,1.0,8.0,7.299078700000336,-20.5,23.0,0.4600000000000001,color,size,orientation,0.38,-11.5,15,female,0,2711.3404572,0,28,0.0,0.0,0.0,0.0,0.0,0.0,244.0,128.0,0.0
304,305,3.0,4.0,4.0,1.0,8.0,12.96668439999985,-79.0,16.0,0.22,color,size,orientation,0.38,-11.5,15,female,0,2711.3404572,0,28,0.0,0.0,0.0,0.0,0.0,0.0,245.0,129.0,0.0
305,306,3.0,7.0,7.0,1.0,8.0,4.9998561000002155,29.0,20.0,0.38,color,size,orientation,0.38,-11.5,15,female,0,2711.3404572,0,28,0.0,0.0,0.0,0.0,0.0,0.0,246.0,130.0,0.0
306,307,3.0,5.0,5.0,1.0,8.0,3.8826638999998977,83.0,23.0,0.22,color,size,orientation,0.38,-11.5,15,female,0,2711.3404572,0,28,0.0,0.0,0.0,0.0,0.0,0.0,247.0,131.0,0.0
307,308,3.0,4.0,4.0,1.0,8.0,3.7499643999999535,-16.0,21.0,0.3,color,size,orientation,0.38,-11.5,15,female,0,2711.3404572,0,28,0.0,0.0,0.0,0.0,0.0,0.0,248.0,132.0,0.0
308,309,3.0,1.0,1.0,1.0,8.0,3.082857100000183,83.0,8.0,0.18,color,size,orientation,0.38,-11.5,15,female,0,2711.3404572,0,28,0.0,0.0,0.0,0.0,0.0,0.0,249.0,133.0,0.0
309,310,3.0,4.0,4.0,1.0,8.0,2.9666056999999455,-29.5,18.0,0.22,color,size,orientation,0.38,-11.5,15,female,0,2711.3404572,0,28,0.0,0.0,0.0,0.0,0.0,0.0,250.0,134.0,0.0
310,311,3.0,0.0,0.0,1.0,8.0,2.4341801999999007,-56.5,10.0,0.26,color,size,orientation,0.38,-11.5,15,female,0,2711.3404572,0,28,0.0,0.0,0.0,0.0,0.0,0.0,251.0,135.0,0.0
311,312,3.0,0.0,0.0,1.0,8.0,7.882455599999957,-47.5,1.0,0.14,color,size,orientation,0.38,-11.5,15,female,0,2711.3404572,1,28,0.0,0.0,0.0,0.0,0.0,0.0,252.0,136.0,0.0
312,313,3.0,4.0,5.0,0.0,8.0,3.183549299999868,-7.0,22.0,0.3400000000000001,color,size,orientation,0.38,-11.5,15,female,0,2711.3404572,0,28,0.0,0.0,1.0,0.0,0.0,0.0,253.0,137.0,0.0
313,314,3.0,0.0,0.0,1.0,8.0,16.515567600000395,-38.5,10.0,0.3400000000000001,color,size,orientation,0.38,-11.5,15,female,0,2711.3404572,1,28,0.0,0.0,0.0,0.0,0.0,-1.0,254.0,138.0,0.0
314,315,3.0,5.0,5.0,1.0,8.0,4.965812699999788,2.0,17.0,0.1,color,size,orientation,0.38,-11.5,15,female,0,2711.3404572,0,28,0.0,0.0,0.0,0.0,0.0,1.0,255.0,139.0,0.0
315,316,3.0,1.0,1.0,1.0,8.0,4.216723300000012,2.0,9.0,0.1,color,size,orientation,0.38,-11.5,15,female,0,2711.3404572,0,28,0.0,0.0,0.0,0.0,0.0,0.0,256.0,140.0,0.0
316,317,3.0,6.0,6.0,1.0,8.0,4.099646000000121,-83.5,24.0,0.42,color,size,orientation,0.38,-11.5,15,female,0,2711.3404572,0,28,0.0,0.0,0.0,0.0,0.0,0.0,257.0,141.0,0.0
317,318,3.0,1.0,1.0,1.0,8.0,4.282461499999954,29.0,2.0,0.3400000000000001,color,size,orientation,0.38,-11.5,15,female,0,2711.3404572,0,28,0.0,0.0,0.0,0.0,0.0,0.0,258.0,142.0,0.0
318,319,3.0,3.0,3.0,1.0,8.0,3.2341373999997813,87.5,0.0,0.4600000000000001,color,size,orientation,0.38,-11.5,15,female,0,2711.3404572,0,28,0.0,0.0,0.0,0.0,0.0,0.0,259.0,143.0,0.0
319,320,3.0,4.0,4.0,1.0,8.0,2.4660259999996015,-70.0,14.0,0.22,color,size,orientation,0.38,-11.5,15,female,0,2711.3404572,0,28,0.0,0.0,0.0,0.0,0.0,0.0,260.0,144.0,0.0
320,321,3.0,1.0,1.0,1.0,8.0,2.482616700000108,29.0,11.0,0.3400000000000001,color,size,orientation,0.38,-11.5,15,female,0,2711.3404572,0,28,0.0,0.0,0.0,0.0,0.0,0.0,261.0,145.0,0.0
321,322,3.0,4.0,4.0,1.0,8.0,2.049878599999829,-38.5,16.0,0.18,color,size,orientation,0.38,-11.5,15,female,0,2711.3404572,0,28,0.0,0.0,0.0,0.0,0.0,0.0,262.0,146.0,0.0
322,323,3.0,4.0,4.0,1.0,8.0,2.0334391999999752,-83.5,23.0,0.1,color,size,orientation,0.38,-11.5,15,female,0,2711.3404572,0,28,0.0,0.0,0.0,0.0,0.0,0.0,263.0,147.0,0.0
323,324,3.0,5.0,5.0,1.0,8.0,1.682132399999773,65.0,22.0,0.26,color,size,orientation,0.38,-11.5,15,female,0,2711.3404572,1,28,0.0,0.0,0.0,0.0,0.0,0.0,264.0,148.0,0.0
324,325,3.0,0.0,0.0,1.0,8.0,2.0668816000002153,-29.5,1.0,0.14,color,size,orientation,0.38,-11.5,15,female,0,2711.3404572,0,28,0.0,0.0,0.0,0.0,0.0,0.0,265.0,149.0,0.0
325,326,3.0,6.0,6.0,1.0,8.0,1.949294699999882,-56.5,24.0,0.42,color,size,orientation,0.38,-11.5,15,female,0,2711.3404572,0,28,0.0,0.0,0.0,0.0,0.0,0.0,266.0,150.0,0.0
326,327,3.0,2.0,2.0,1.0,8.0,1.7335219999999936,-70.0,6.0,0.42,color,size,orientation,0.38,-11.5,15,female,0,2711.3404572,0,28,0.0,0.0,0.0,0.0,0.0,0.0,267.0,151.0,0.0
327,328,3.0,5.0,5.0,1.0,8.0,1.8836808000000929,60.5,19.0,0.22,color,size,orientation,0.38,-11.5,15,female,0,2711.3404572,0,28,0.0,0.0,0.0,0.0,0.0,0.0,268.0,152.0,0.0
328,329,3.0,2.0,3.0,0.0,8.0,2.9833032999999887,-11.5,7.0,0.38,color,size,orientation,0.38,-11.5,15,female,0,2711.3404572,0,28,0.0,0.0,1.0,0.0,0.0,0.0,269.0,153.0,0.0
329,330,3.0,1.0,1.0,1.0,8.0,4.482605100000001,15.5,4.0,0.1,color,size,orientation,0.38,-11.5,15,female,0,2711.3404572,1,28,0.0,0.0,0.0,0.0,0.0,-1.0,270.0,154.0,0.0
330,331,3.0,0.0,0.0,1.0,8.0,11.283488900000066,-65.5,9.0,0.18,color,size,orientation,0.38,-11.5,15,female,0,2711.3404572,0,28,0.0,0.0,0.0,0.0,0.0,1.0,271.0,155.0,0.0
331,332,3.0,0.0,0.0,1.0,8.0,1.8162938999998912,-52.0,1.0,0.18,color,size,orientation,0.38,-11.5,15,female,0,2711.3404572,0,28,0.0,0.0,0.0,0.0,0.0,0.0,272.0,156.0,0.0
332,333,3.0,0.0,1.0,0.0,8.0,1.750216100000216,-11.5,9.0,0.26,color,size,orientation,0.38,-11.5,15,female,0,2711.3404572,0,28,0.0,0.0,1.0,0.0,0.0,0.0,273.0,157.0,0.0
333,334,3.0,3.0,3.0,1.0,8.0,5.949758300000212,69.5,9.0,0.42,color,size,orientation,0.38,-11.5,15,female,0,2711.3404572,1,28,0.0,0.0,0.0,0.0,0.0,-1.0,274.0,158.0,0.0
334,335,3.0,5.0,7.0,0.0,8.0,7.732243899999958,20.0,21.0,0.38,color,size,orientation,0.38,-11.5,15,female,0,2711.3404572,0,28,0.0,0.0,1.0,0.0,0.0,1.0,275.0,159.0,0.0
335,336,3.0,0.0,0.0,1.0,8.0,5.964979200000016,-43.0,2.0,0.14,color,size,orientation,0.38,-11.5,15,female,0,2711.3404572,1,28,0.0,0.0,0.0,0.0,0.0,-1.0,276.0,160.0,0.0
336,337,3.0,1.0,1.0,1.0,8.0,3.049176399999851,74.0,9.0,0.26,color,size,orientation,0.38,-11.5,15,female,0,2711.3404572,0,28,0.0,0.0,0.0,0.0,0.0,1.0,277.0,161.0,0.0
337,338,3.0,6.0,6.0,1.0,8.0,3.0677009000000908,-79.0,18.0,0.42,color,size,orientation,0.38,-11.5,15,female,0,2711.3404572,0,28,0.0,0.0,0.0,0.0,0.0,0.0,278.0,162.0,0.0
338,339,3.0,5.0,5.0,1.0,8.0,7.034047199999804,6.5,20.0,0.18,color,size,orientation,0.38,-11.5,15,female,0,2711.3404572,0,28,0.0,0.0,0.0,0.0,0.0,0.0,279.0,163.0,0.0
339,340,3.0,5.0,7.0,0.0,8.0,6.167353300000286,-2.5,21.0,0.38,color,size,orientation,0.38,-11.5,15,female,0,2711.3404572,0,28,0.0,0.0,1.0,0.0,0.0,0.0,280.0,164.0,0.0
340,341,3.0,5.0,5.0,1.0,8.0,2.93339079999987,20.0,20.0,0.22,color,size,orientation,0.38,-11.5,15,female,0,2711.3404572,1,28,0.0,0.0,0.0,0.0,0.0,-1.0,281.0,165.0,0.0
341,342,3.0,4.0,4.0,1.0,8.0,4.265978499999619,-74.5,16.0,0.22,color,size,orientation,0.38,-11.5,15,female,0,2711.3404572,0,28,0.0,0.0,0.0,0.0,0.0,1.0,282.0,166.0,0.0
342,343,3.0,0.0,0.0,1.0,8.0,4.967142899999999,-20.5,3.0,0.14,color,size,orientation,0.38,-11.5,15,female,0,2711.3404572,0,28,0.0,0.0,0.0,0.0,0.0,0.0,283.0,167.0,0.0
343,344,3.0,3.0,3.0,1.0,8.0,2.7004683000000114,38.0,9.0,0.4600000000000001,color,size,orientation,0.38,-11.5,15,female,0,2711.3404572,0,28,0.0,0.0,0.0,0.0,0.0,0.0,284.0,168.0,0.0
344,345,3.0,1.0,1.0,1.0,8.0,1.7664608000000044,65.0,12.0,0.14,color,size,orientation,0.38,-11.5,15,female,0,2711.3404572,0,28,0.0,0.0,0.0,0.0,0.0,0.0,285.0,169.0,0.0
345,346,3.0,3.0,3.0,1.0,8.0,3.832661399999779,42.5,5.0,0.4600000000000001,color,size,orientation,0.38,-11.5,15,female,0,2711.3404572,0,28,0.0,0.0,0.0,0.0,0.0,0.0,286.0,170.0,0.0
346,347,3.0,7.0,7.0,1.0,8.0,2.800347200000033,47.0,15.0,0.38,color,size,orientation,0.38,-11.5,15,female,0,2711.3404572,0,28,0.0,0.0,0.0,0.0,0.0,0.0,287.0,171.0,0.0
347,348,3.0,4.0,4.0,1.0,8.0,3.69993310000018,-43.0,17.0,0.26,color,size,orientation,0.38,-11.5,15,female,0,2711.3404572,0,28,0.0,0.0,0.0,0.0,0.0,0.0,288.0,172.0,0.0
348,349,3.0,1.0,1.0,1.0,8.0,5.117316699999719,83.0,1.0,0.1,color,size,orientation,0.38,-11.5,15,female,0,2711.3404572,0,28,0.0,0.0,0.0,0.0,0.0,0.0,289.0,173.0,0.0
349,350,3.0,5.0,5.0,1.0,8.0,1.6990595999996003,47.0,21.0,0.22,color,size,orientation,0.38,-11.5,15,female,0,2711.3404572,0,28,0.0,0.0,0.0,0.0,0.0,0.0,290.0,174.0,0.0
350,351,3.0,5.0,7.0,0.0,8.0,6.416600400000334,78.5,22.0,0.4600000000000001,color,size,orientation,0.38,-11.5,15,female,0,2711.3404572,1,28,0.0,0.0,1.0,0.0,0.0,0.0,291.0,175.0,0.0
351,352,3.0,4.0,4.0,1.0,8.0,1.315543499999876,-25.0,17.0,0.3,color,size,orientation,0.38,-11.5,15,female,0,2711.3404572,1,28,0.0,0.0,0.0,0.0,0.0,-1.0,292.0,176.0,0.0
352,353,3.0,1.0,1.0,1.0,8.0,1.1995280999999522,38.0,9.0,0.22,color,size,orientation,0.38,-11.5,15,female,0,2711.3404572,0,28,0.0,0.0,0.0,0.0,0.0,1.0,293.0,177.0,0.0
353,354,3.0,5.0,5.0,1.0,8.0,1.582775600000332,74.0,15.0,0.1,color,size,orientation,0.38,-11.5,15,female,0,2711.3404572,0,28,0.0,0.0,0.0,0.0,0.0,0.0,294.0,178.0,0.0
354,355,3.0,1.0,1.0,1.0,8.0,1.867061299999932,2.0,8.0,0.1,color,size,orientation,0.38,-11.5,15,female,0,2711.3404572,0,28,0.0,0.0,0.0,0.0,0.0,0.0,295.0,179.0,0.0
355,356,3.0,1.0,1.0,1.0,8.0,2.999409000000014,87.5,6.0,0.22,color,size,orientation,0.38,-11.5,15,female,0,2711.3404572,0,28,0.0,0.0,0.0,0.0,0.0,0.0,296.0,180.0,0.0
356,357,3.0,2.0,2.0,1.0,8.0,2.383140800000092,-70.0,10.0,0.4600000000000001,color,size,orientation,0.38,-11.5,15,female,0,2711.3404572,0,28,0.0,0.0,0.0,0.0,0.0,0.0,297.0,181.0,0.0
357,358,3.0,4.0,4.0,1.0,8.0,4.067276600000241,-43.0,17.0,0.3400000000000001,color,size,orientation,0.38,-11.5,15,female,0,2711.3404572,0,28,0.0,0.0,0.0,0.0,0.0,0.0,298.0,182.0,0.0
358,359,3.0,1.0,1.0,1.0,8.0,2.750072600000294,65.0,7.0,0.3,color,size,orientation,0.38,-11.5,15,female,0,2711.3404572,0,28,0.0,0.0,0.0,0.0,0.0,0.0,299.0,183.0,0.0
359,360,3.0,5.0,5.0,1.0,8.0,4.1654679999996915,74.0,18.0,0.14,color,size,orientation,0.38,-11.5,15,female,0,2711.3404572,0,28,0.0,0.0,0.0,0.0,0.0,0.0,300.0,184.0,0.0
360,361,3.0,5.0,5.0,1.0,8.0,1.5493255000001227,56.0,13.0,0.18,color,size,orientation,0.38,-11.5,15,female,0,2711.3404572,0,28,0.0,0.0,0.0,0.0,0.0,0.0,301.0,185.0,0.0
361,362,3.0,6.0,6.0,1.0,8.0,1.6646676000000298,-29.5,20.0,0.42,color,size,orientation,0.38,-11.5,15,female,0,2711.3404572,1,28,0.0,0.0,0.0,0.0,0.0,0.0,302.0,186.0,0.0
362,363,3.0,3.0,3.0,1.0,8.0,2.4656347999998616,83.0,3.0,0.4600000000000001,color,size,orientation,0.38,-11.5,15,female,0,2711.3404572,0,28,0.0,0.0,0.0,0.0,0.0,0.0,303.0,187.0,0.0
363,364,3.0,0.0,0.0,1.0,8.0,2.9501224000000548,-65.5,7.0,0.3400000000000001,color,size,orientation,0.38,-11.5,15,female,0,2711.3404572,0,28,0.0,0.0,0.0,0.0,0.0,0.0,304.0,188.0,0.0
364,365,3.0,0.0,0.0,1.0,8.0,1.1990135999999438,-38.5,10.0,0.22,color,size,orientation,0.38,-11.5,15,female,0,2711.3404572,0,28,0.0,0.0,0.0,0.0,0.0,0.0,305.0,189.0,0.0
365,366,3.0,5.0,5.0,1.0,8.0,2.249307999999928,29.0,13.0,0.3,color,size,orientation,0.38,-11.5,15,female,0,2711.3404572,0,28,0.0,0.0,0.0,0.0,0.0,0.0,306.0,190.0,0.0
366,367,3.0,1.0,1.0,1.0,8.0,4.6165813000002345,29.0,12.0,0.18,color,size,orientation,0.38,-11.5,15,female,0,2711.3404572,0,28,0.0,0.0,0.0,0.0,0.0,0.0,307.0,191.0,0.0
367,368,3.0,4.0,4.0,1.0,8.0,2.4167892999998912,-79.0,23.0,0.1,color,size,orientation,0.38,-11.5,15,female,0,2711.3404572,0,28,0.0,0.0,0.0,0.0,0.0,0.0,308.0,192.0,0.0
368,369,3.0,5.0,5.0,1.0,8.0,1.933222999999998,47.0,13.0,0.18,color,size,orientation,0.38,-11.5,15,female,0,2711.3404572,0,28,0.0,0.0,0.0,0.0,0.0,0.0,309.0,193.0,0.0
369,370,3.0,4.0,4.0,1.0,8.0,1.932958299999882,-20.5,21.0,0.3,color,size,orientation,0.38,-11.5,15,female,0,2711.3404572,0,28,0.0,0.0,0.0,0.0,0.0,0.0,310.0,194.0,0.0
370,371,3.0,7.0,7.0,1.0,8.0,1.716826500000025,78.5,19.0,0.38,color,size,orientation,0.38,-11.5,15,female,0,2711.3404572,0,28,0.0,0.0,0.0,0.0,0.0,0.0,311.0,195.0,0.0
371,372,3.0,5.0,5.0,1.0,8.0,12.981913200000236,83.0,14.0,0.22,color,size,orientation,0.38,-11.5,15,female,0,2711.3404572,1,28,0.0,0.0,0.0,0.0,0.0,0.0,312.0,196.0,0.0
372,373,3.0,0.0,0.0,1.0,8.0,4.182886799999778,-52.0,8.0,0.1,color,size,orientation,0.38,-11.5,15,female,0,2711.3404572,0,28,0.0,0.0,0.0,0.0,0.0,0.0,313.0,197.0,0.0
373,374,3.0,5.0,5.0,1.0,8.0,2.2155425000000832,65.0,23.0,0.18,color,size,orientation,0.38,-11.5,15,female,0,2711.3404572,0,28,0.0,0.0,0.0,0.0,0.0,0.0,314.0,198.0,0.0
374,375,3.0,5.0,5.0,1.0,8.0,1.4836961000000883,29.0,17.0,0.26,color,size,orientation,0.38,-11.5,15,female,0,2711.3404572,0,28,0.0,0.0,0.0,0.0,0.0,0.0,315.0,199.0,0.0
375,376,3.0,1.0,1.0,1.0,8.0,3.3671721999999136,87.5,11.0,0.18,color,size,orientation,0.38,-11.5,15,female,0,2711.3404572,0,28,0.0,0.0,0.0,0.0,0.0,0.0,316.0,200.0,0.0
376,377,3.0,2.0,2.0,1.0,8.0,2.349758199999997,-56.5,12.0,0.42,color,size,orientation,0.38,-11.5,15,female,0,2711.3404572,0,28,0.0,0.0,0.0,0.0,0.0,0.0,317.0,201.0,0.0
377,378,3.0,4.0,4.0,1.0,8.0,1.466216699999677,-16.0,21.0,0.22,color,size,orientation,0.38,-11.5,15,female,0,2711.3404572,0,28,0.0,0.0,0.0,0.0,0.0,0.0,318.0,202.0,0.0
378,379,3.0,1.0,1.0,1.0,8.0,1.8502785000000583,78.5,3.0,0.14,color,size,orientation,0.38,-11.5,15,female,0,2711.3404572,0,28,0.0,0.0,0.0,0.0,0.0,0.0,319.0,203.0,0.0
379,380,3.0,2.0,2.0,1.0,8.0,3.1168047999999544,-65.5,9.0,0.42,color,size,orientation,0.38,-11.5,15,female,0,2711.3404572,0,28,0.0,0.0,0.0,0.0,0.0,0.0,320.0,204.0,0.0
380,381,3.0,6.0,4.0,0.0,8.0,4.800086000000192,-20.5,17.0,0.3400000000000001,color,size,orientation,0.38,-11.5,15,female,0,2711.3404572,0,28,0.0,0.0,1.0,0.0,0.0,0.0,321.0,205.0,0.0
381,382,3.0,1.0,1.0,1.0,8.0,6.383177700000033,2.0,1.0,0.26,color,size,orientation,0.38,-11.5,15,female,0,2711.3404572,1,28,0.0,0.0,0.0,0.0,0.0,-1.0,322.0,206.0,0.0
382,383,3.0,6.0,6.0,1.0,8.0,6.149866800000382,-56.5,17.0,0.38,color,size,orientation,0.38,-11.5,15,female,0,2711.3404572,0,28,0.0,0.0,0.0,0.0,0.0,1.0,323.0,207.0,0.0
383,384,3.0,4.0,4.0,1.0,8.0,2.0668038000003435,-47.5,14.0,0.22,color,size,orientation,0.38,-11.5,15,female,0,2711.3404572,0,28,0.0,0.0,0.0,0.0,0.0,0.0,324.0,208.0,0.0
384,385,3.0,0.0,0.0,1.0,8.0,7.616447500000049,-83.5,9.0,0.22,color,size,orientation,0.38,-11.5,15,female,0,2711.3404572,0,28,0.0,0.0,0.0,0.0,0.0,0.0,325.0,209.0,0.0
385,386,3.0,0.0,0.0,1.0,8.0,2.200776700000006,-65.5,10.0,0.3,color,size,orientation,0.38,-11.5,15,female,0,2711.3404572,0,28,0.0,0.0,0.0,0.0,0.0,0.0,326.0,210.0,0.0
386,387,3.0,5.0,5.0,1.0,8.0,4.6167467000000215,24.5,18.0,0.14,color,size,orientation,0.38,-11.5,15,female,0,2711.3404572,0,28,0.0,0.0,0.0,0.0,0.0,0.0,327.0,211.0,0.0
387,388,3.0,2.0,2.0,1.0,8.0,2.6503539999998793,-56.5,12.0,0.42,color,size,orientation,0.38,-11.5,15,female,0,2711.3404572,0,28,0.0,0.0,0.0,0.0,0.0,0.0,328.0,212.0,0.0
388,389,3.0,5.0,5.0,1.0,8.0,5.60059769999998,2.0,20.0,0.18,color,size,orientation,0.38,-11.5,15,female,0,2711.3404572,0,28,0.0,0.0,0.0,0.0,0.0,0.0,329.0,213.0,0.0
389,390,3.0,2.0,2.0,1.0,8.0,3.0330104999998184,-38.5,5.0,0.38,color,size,orientation,0.38,-11.5,15,female,0,2711.3404572,0,28,0.0,0.0,0.0,0.0,0.0,0.0,330.0,214.0,0.0
390,391,3.0,6.0,7.0,0.0,8.0,2.566553600000134,-2.5,14.0,0.42,color,size,orientation,0.38,-11.5,15,female,0,2711.3404572,0,28,0.0,0.0,1.0,0.0,0.0,0.0,331.0,215.0,0.0
391,392,3.0,3.0,3.0,1.0,8.0,3.9662263000000166,65.0,9.0,0.38,color,size,orientation,0.38,-11.5,15,female,0,2711.3404572,1,28,0.0,0.0,0.0,0.0,0.0,-1.0,332.0,216.0,0.0
392,393,3.0,0.0,0.0,1.0,8.0,2.3832447999998294,-74.5,1.0,0.14,color,size,orientation,0.38,-11.5,15,female,0,2711.3404572,0,28,0.0,0.0,0.0,0.0,0.0,1.0,333.0,217.0,0.0
393,394,3.0,5.0,5.0,1.0,8.0,9.583272599999871,24.5,20.0,0.14,color,size,orientation,0.38,-11.5,15,female,0,2711.3404572,0,28,0.0,0.0,0.0,0.0,0.0,0.0,334.0,218.0,0.0
394,395,3.0,0.0,1.0,0.0,8.0,1.9490000000000691,-11.5,11.0,0.26,color,size,orientation,0.38,-11.5,15,female,0,2711.3404572,0,28,0.0,0.0,1.0,0.0,0.0,0.0,335.0,219.0,0.0
395,396,3.0,0.0,0.0,1.0,8.0,2.8990748000001076,-79.0,2.0,0.22,color,size,orientation,0.38,-11.5,15,female,0,2711.3404572,1,28,0.0,0.0,0.0,0.0,0.0,-1.0,336.0,220.0,0.0
396,397,3.0,6.0,6.0,1.0,8.0,5.083282700000382,-47.5,15.0,0.38,color,size,orientation,0.38,-11.5,15,female,0,2711.3404572,0,28,0.0,0.0,0.0,0.0,0.0,1.0,337.0,221.0,0.0
397,398,3.0,6.0,6.0,1.0,8.0,1.5174058000002333,-16.0,18.0,0.4600000000000001,color,size,orientation,0.38,-11.5,15,female,0,2711.3404572,0,28,0.0,0.0,0.0,0.0,0.0,0.0,338.0,222.0,0.0
398,399,3.0,2.0,3.0,0.0,8.0,3.09956209999973,24.5,12.0,0.38,color,size,orientation,0.38,-11.5,15,female,0,2711.3404572,0,28,0.0,0.0,1.0,0.0,0.0,0.0,339.0,223.0,0.0
399,400,3.0,3.0,3.0,1.0,8.0,1.9992866000002325,33.5,10.0,0.42,color,size,orientation,0.38,-11.5,15,female,0,2711.3404572,1,28,0.0,0.0,0.0,0.0,0.0,-1.0,340.0,224.0,0.0
400,401,3.0,1.0,1.0,1.0,8.0,2.6835190000001603,38.0,8.0,0.1,color,size,orientation,0.38,-11.5,15,female,0,2711.3404572,0,28,0.0,0.0,0.0,0.0,0.0,1.0,341.0,225.0,0.0
401,402,3.0,7.0,7.0,1.0,8.0,3.7653528999999257,33.5,21.0,0.4600000000000001,color,size,orientation,0.38,-11.5,15,female,0,2711.3404572,0,28,0.0,0.0,0.0,0.0,0.0,0.0,342.0,226.0,0.0
402,403,3.0,4.0,4.0,1.0,8.0,4.168165999999928,-43.0,24.0,0.3400000000000001,color,size,orientation,0.38,-11.5,15,female,0,2711.3404572,0,28,0.0,0.0,0.0,0.0,0.0,0.0,343.0,227.0,0.0
403,404,3.0,1.0,1.0,1.0,8.0,4.182917899999666,74.0,10.0,0.3,color,size,orientation,0.38,-11.5,15,female,0,2711.3404572,0,28,0.0,0.0,0.0,0.0,0.0,0.0,344.0,228.0,0.0
404,405,3.0,4.0,4.0,1.0,8.0,2.516697600000043,-20.5,15.0,0.22,color,size,orientation,0.38,-11.5,15,female,0,2711.3404572,0,28,0.0,0.0,0.0,0.0,0.0,0.0,345.0,229.0,0.0
405,406,3.0,5.0,5.0,1.0,8.0,3.0667913999996017,65.0,17.0,0.22,color,size,orientation,0.38,-11.5,15,female,0,2711.3404572,0,28,0.0,0.0,0.0,0.0,0.0,0.0,346.0,230.0,0.0
406,407,3.0,5.0,5.0,1.0,8.0,5.516858299999967,6.5,13.0,0.26,color,size,orientation,0.38,-11.5,15,female,0,2711.3404572,0,28,0.0,0.0,0.0,0.0,0.0,0.0,347.0,231.0,0.0
407,408,3.0,2.0,2.0,1.0,8.0,3.049173299999893,-16.0,3.0,0.38,color,size,orientation,0.38,-11.5,15,female,0,2711.3404572,0,28,0.0,0.0,0.0,0.0,0.0,0.0,348.0,232.0,0.0
408,409,3.0,6.0,6.0,1.0,8.0,3.51554810000016,-25.0,15.0,0.38,color,size,orientation,0.38,-11.5,15,female,0,2711.3404572,0,28,0.0,0.0,0.0,0.0,0.0,0.0,349.0,233.0,0.0
409,410,3.0,5.0,5.0,1.0,8.0,1.5489822999998069,69.5,21.0,0.26,color,size,orientation,0.38,-11.5,15,female,0,2711.3404572,1,28,0.0,0.0,0.0,0.0,0.0,0.0,350.0,234.0,0.0
410,411,3.0,7.0,7.0,1.0,8.0,1.5829122000000098,74.0,24.0,0.42,color,size,orientation,0.38,-11.5,15,female,0,2711.3404572,0,28,0.0,0.0,0.0,0.0,0.0,0.0,351.0,235.0,0.0
411,412,3.0,1.0,1.0,1.0,8.0,2.199254799999835,65.0,7.0,0.1,color,size,orientation,0.38,-11.5,15,female,0,2711.3404572,0,28,0.0,0.0,0.0,0.0,0.0,0.0,352.0,236.0,0.0
412,413,3.0,0.0,0.0,1.0,8.0,4.366680799999813,-83.5,12.0,0.3,color,size,orientation,0.38,-11.5,15,female,0,2711.3404572,0,28,0.0,0.0,0.0,0.0,0.0,0.0,353.0,237.0,0.0
413,414,3.0,4.0,4.0,1.0,8.0,1.633215900000323,-65.5,16.0,0.22,color,size,orientation,0.38,-11.5,15,female,0,2711.3404572,0,28,0.0,0.0,0.0,0.0,0.0,0.0,354.0,238.0,0.0
414,415,3.0,2.0,2.0,1.0,8.0,1.6652478999999405,-43.0,9.0,0.42,color,size,orientation,0.38,-11.5,15,female,0,2711.3404572,0,28,0.0,0.0,0.0,0.0,0.0,0.0,355.0,239.0,0.0
415,416,3.0,1.0,1.0,1.0,8.0,4.500844199999847,2.0,9.0,0.18,color,size,orientation,0.38,-11.5,15,female,0,2711.3404572,0,28,0.0,0.0,0.0,0.0,0.0,0.0,356.0,240.0,0.0
416,417,3.0,6.0,6.0,1.0,8.0,1.9326514000003951,-52.0,21.0,0.4600000000000001,color,size,orientation,0.38,-11.5,15,female,0,2711.3404572,0,28,0.0,0.0,0.0,0.0,0.0,0.0,357.0,241.0,0.0
417,418,3.0,4.0,4.0,1.0,8.0,5.449497600000086,-47.5,14.0,0.18,color,size,orientation,0.38,-11.5,15,female,0,2711.3404572,0,28,0.0,0.0,0.0,0.0,0.0,0.0,358.0,242.0,0.0
418,419,3.0,3.0,3.0,1.0,8.0,2.0996117999998205,6.5,2.0,0.42,color,size,orientation,0.38,-11.5,15,female,0,2711.3404572,0,28,0.0,0.0,0.0,0.0,0.0,0.0,359.0,243.0,0.0
419,420,3.0,4.0,4.0,1.0,8.0,4.1327871999997114,-83.5,21.0,0.26,color,size,orientation,0.38,-11.5,15,female,0,2711.3404572,1,28,0.0,0.0,0.0,0.0,0.0,0.0,360.0,244.0,0.0
420,421,3.0,7.0,7.0,1.0,8.0,1.950107300000127,29.0,19.0,0.42,color,size,orientation,0.38,-11.5,15,female,0,2711.3404572,0,28,0.0,0.0,0.0,0.0,0.0,0.0,361.0,245.0,0.0
421,422,3.0,6.0,4.0,0.0,8.0,4.732554700000037,-56.5,15.0,0.3400000000000001,color,size,orientation,0.38,-11.5,15,female,0,2711.3404572,0,28,0.0,0.0,1.0,0.0,0.0,0.0,362.0,246.0,0.0
422,423,3.0,0.0,0.0,1.0,8.0,1.7314097999997102,-79.0,4.0,0.1,color,size,orientation,0.38,-11.5,15,female,0,2711.3404572,1,28,0.0,0.0,0.0,0.0,0.0,-1.0,363.0,247.0,0.0
423,424,3.0,5.0,5.0,1.0,8.0,2.200075299999753,15.5,19.0,0.22,color,size,orientation,0.38,-11.5,15,female,0,2711.3404572,0,28,0.0,0.0,0.0,0.0,0.0,1.0,364.0,248.0,0.0
424,425,3.0,4.0,4.0,1.0,8.0,1.1668658000003234,-16.0,24.0,0.18,color,size,orientation,0.38,-11.5,15,female,0,2711.3404572,0,28,0.0,0.0,0.0,0.0,0.0,0.0,365.0,249.0,0.0
425,426,3.0,4.0,4.0,1.0,8.0,1.182156600000326,-61.0,14.0,0.18,color,size,orientation,0.38,-11.5,15,female,0,2711.3404572,0,28,0.0,0.0,0.0,0.0,0.0,0.0,366.0,250.0,0.0
426,427,3.0,3.0,3.0,1.0,8.0,1.3503464999998869,38.0,6.0,0.42,color,size,orientation,0.38,-11.5,15,female,0,2711.3404572,0,28,0.0,0.0,0.0,0.0,0.0,0.0,367.0,251.0,0.0
427,428,3.0,2.0,2.0,1.0,8.0,1.4167333000000326,-20.5,2.0,0.4600000000000001,color,size,orientation,0.38,-11.5,15,female,0,2711.3404572,0,28,0.0,0.0,0.0,0.0,0.0,0.0,368.0,252.0,0.0
428,429,3.0,4.0,7.0,0.0,8.0,4.633713300000181,-7.0,20.0,0.38,color,size,orientation,0.38,-11.5,15,female,0,2711.3404572,0,28,0.0,0.0,2.0,0.0,0.0,0.0,369.0,253.0,0.0
429,430,3.0,4.0,4.0,1.0,8.0,1.2641665999999532,-56.5,17.0,0.26,color,size,orientation,0.38,-11.5,15,female,0,2711.3404572,1,28,0.0,0.0,0.0,0.0,0.0,-2.0,370.0,254.0,0.0
430,431,3.0,2.0,3.0,0.0,8.0,4.083167199999934,-7.0,7.0,0.4600000000000001,color,size,orientation,0.38,-11.5,15,female,0,2711.3404572,0,28,0.0,0.0,1.0,0.0,0.0,2.0,371.0,255.0,0.0
431,432,3.0,4.0,4.0,1.0,8.0,2.365455099999963,-79.0,24.0,0.14,color,size,orientation,0.38,-11.5,15,female,0,2711.3404572,1,28,0.0,0.0,0.0,0.0,0.0,-1.0,372.0,256.0,0.0
432,433,3.0,1.0,1.0,1.0,8.0,3.783248399999593,87.5,9.0,0.3400000000000001,color,size,orientation,0.38,-11.5,15,female,0,2711.3404572,0,28,0.0,0.0,0.0,0.0,0.0,1.0,373.0,257.0,0.0
433,434,3.0,0.0,0.0,1.0,8.0,1.3499089000001732,-65.5,0.0,0.14,color,size,orientation,0.38,-11.5,15,female,0,2711.3404572,0,28,0.0,0.0,0.0,0.0,0.0,0.0,374.0,258.0,0.0
434,435,3.0,4.0,4.0,1.0,8.0,2.450400300000183,-52.0,21.0,0.3,color,size,orientation,0.38,-11.5,15,female,0,2711.3404572,0,28,0.0,0.0,0.0,0.0,0.0,0.0,375.0,259.0,0.0
435,436,3.0,0.0,0.0,1.0,8.0,1.815584800000124,-43.0,8.0,0.3,color,size,orientation,0.38,-11.5,15,female,0,2711.3404572,0,28,0.0,0.0,0.0,0.0,0.0,0.0,376.0,260.0,0.0
436,437,3.0,4.0,4.0,1.0,8.0,1.2328782999998111,-65.5,21.0,0.14,color,size,orientation,0.38,-11.5,15,female,0,2711.3404572,0,28,0.0,0.0,0.0,0.0,0.0,0.0,377.0,261.0,0.0
437,438,3.0,0.0,2.0,0.0,8.0,4.734115499999916,-20.5,0.0,0.38,color,size,orientation,0.38,-11.5,15,female,0,2711.3404572,0,28,0.0,0.0,1.0,0.0,0.0,0.0,378.0,262.0,0.0
